TO:V,FS:0,FT:0,PC:24
0
1064
2579
4014
5575
7009
8310
9778
11184
12601
13935
15171
16688
18126
19581
20934
22298
23807
25169
26637
27913
29373
30719
32181
32829
0
TO:V,FS:0,FT:1,PC:24
0
1064
2579
4076
5642
7070
8371
9838
11249
12662
13992
15193
16749
18191
19641
20989
22362
23868
25229
26697
27971
29554
30869
32359
32829
0
TO:V,FS:0,FT:2,PC:25
0
1007
2460
3838
5331
6750
7996
9364
10726
12143
13356
14595
15965
17422
18755
20258
21419
22778
24225
25491
26926
28151
29554
30811
32240
32829
0
TO:V,FS:1,FT:0,PC:31
0
824
1982
3056
4101
5277
6420
7372
8494
9612
10664
11773
12810
13869
14843
15958
17138
18267
19402
20421
21369
22454
23548
24745
25759
26870
27935
29067
30025
31112
32275
32829
0
TO:V,FS:1,FT:1,PC:31
0
824
1992
3102
4153
5277
6368
7295
8392
9510
10530
11639
12689
13753
14719
15820
16935
18068
19196
20323
21160
22284
23343
24489
25526
26664
27699
28832
29900
30892
31980
32829
0
TO:V,FS:1,FT:2,PC:32
0
770
1870
2898
3951
5058
6160
7197
8186
9266
10306
11331
12413
13352
14391
15358
16468
17527
18595
19690
20707
21662
22666
23765
24902
25866
26923
27935
29019
29969
31005
32118
32829
0
TO:V,FS:2,FT:0,PC:40
0
591
1456
2314
3145
3998
4899
5793
6690
7454
8319
9186
10073
10932
11814
12689
13473
14346
15052
15908
16829
17647
18443
19325
20220
20934
21730
22611
23465
24367
25169
26027
26912
27636
28496
29333
30106
30902
31758
32621
32829
0
TO:V,FS:2,FT:1,PC:40
0
591
1504
2356
3249
4148
5031
5941
6815
7588
8458
9320
10198
11076
11949
12754
13560
14391
15171
16049
16930
17765
18581
19460
20348
21029
21820
22701
23537
24437
25257
26132
26989
27728
28578
29427
30211
31040
31888
32767
32829
0
TO:V,FS:2,FT:2,PC:42
0
591
1405
2213
2988
3838
4667
5519
6368
7197
7967
8793
9629
10433
11301
12143
12851
13650
14391
15133
15954
16829
17608
18373
19186
20045
20733
21459
22250
23072
23912
24755
25510
26333
27133
27782
28625
29427
30164
30947
31758
32571
32829
0
