The Subtle Art of Not Giving a F_ck
LH:34389,BH:27521,MH:319259
TO:V,FS:0,FT:0,PC:16
0
1390
3341
5327
6971
8865
10747
12530
14227
16052
17832
19756
21372
23268
25221
27058
27521
0
TO:V,FS:0,FT:1,PC:16
0
1390
3273
5192
6908
8800
10752
12530
14286
16129
17906
19888
21513
23415
25351
27269
27521
0
TO:V,FS:0,FT:2,PC:16
0
1390
3200
5116
6776
8653
10557
12312
14145
15786
17463
19341
20939
22855
24778
26599
27521
0
TO:V,FS:0,FT:3,PC:16
0
1390
3211
5116
6786
8629
10557
12282
14087
15718
17463
19424
21141
22950
24850
26599
27521
0
TO:V,FS:0,FT:4,PC:18
0
1313
2984
4647
6150
7768
9470
11206
12591
14154
15718
17309
19002
20457
22099
23722
25406
27118
27521
0
TO:V,FS:0,FT:5,PC:17
0
1320
3066
4930
6481
8174
9862
11597
13267
14772
16294
18042
19746
21301
23020
24847
26563
27521
0
TO:V,FS:0,FT:6,PC:19
0
1205
2753
4379
5829
7360
8922
10557
11965
13539
14923
16364
17970
19615
20996
22577
24127
25757
27250
27521
0
TO:V,FS:0,FT:7,PC:18
0
1205
2821
4455
5894
7425
9060
10747
12084
13692
15174
16599
18297
19993
21358
22950
24594
26262
27521
0
TO:V,FS:1,FT:0,PC:20
0
1133
2613
4060
5528
6913
8324
9799
11225
12468
13942
15231
16589
18143
19603
20848
22331
23662
25136
26599
27521
0
TO:V,FS:1,FT:1,PC:20
0
1133
2624
4121
5528
6913
8443
9982
11360
12651
14061
15354
16742
18316
19735
20996
22516
23921
25463
26982
27521
0
TO:V,FS:1,FT:2,PC:21
0
1069
2498
3939
5349
6620
7999
9447
10847
12050
13466
14729
16071
17421
18914
20242
21463
22872
24157
25592
26978
27521
0
TO:V,FS:1,FT:3,PC:20
0
1069
2512
3939
5368
6620
8131
9595
11080
12295
13692
14963
16294
17801
19292
20615
22045
23530
24955
26421
27521
0
TO:V,FS:1,FT:4,PC:22
0
1024
2312
3647
4934
6176
7459
8766
10142
11415
12565
13893
15007
16231
17518
18923
20162
21285
22562
23824
25126
26421
27521
0
TO:V,FS:1,FT:5,PC:21
0
998
2378
3785
5183
6472
7825
9213
10612
11817
13224
14520
15838
17113
18612
19961
21186
22582
23858
25283
26660
27521
0
TO:V,FS:1,FT:6,PC:24
0
870
2137
3316
4512
5639
6900
8099
9390
10663
11700
12925
14112
15174
16290
17584
18839
20044
21172
22320
23470
24663
25929
27171
27521
0
TO:V,FS:1,FT:7,PC:24
0
870
2077
3258
4451
5582
6837
8030
9210
10399
11549
12637
13799
14843
16085
17207
18414
19661
20785
21964
23133
24259
25523
26716
27521
0
TO:V,FS:2,FT:0,PC:26
0
762
1901
3085
4243
5368
6348
7454
8544
9669
10728
11747
12832
13885
14788
15911
16849
18010
19184
20287
21234
22345
23430
24565
25703
26812
27521
0
TO:V,FS:2,FT:1,PC:26
0
762
1901
3029
4230
5283
6270
7351
8452
9526
10639
11647
12669
13736
14680
15718
16680
17851
18939
20021
20939
22009
23088
24206
25337
26421
27521
0
TO:V,FS:2,FT:2,PC:27
0
750
1809
2923
4077
5116
6108
7139
8259
9312
10434
11463
12398
13453
14443
15368
16285
17384
18518
19615
20556
21558
22632
23712
24830
25959
27032
27521
0
TO:V,FS:2,FT:3,PC:26
0
818
1901
3029
4183
5233
6279
7351
8466
9653
10752
11747
12832
13942
14788
15928
16849
18010
19144
20225
21159
22214
23290
24363
25496
26599
27521
0
TO:V,FS:2,FT:4,PC:30
0
762
1717
2669
3586
4532
5477
6304
7221
8194
9116
10090
11014
11817
12742
13674
14506
15346
16231
17263
18196
19154
20044
20932
21827
22799
23705
24663
25620
26599
27521
0
TO:V,FS:2,FT:5,PC:27
0
744
1804
2887
3922
4962
5906
6971
7994
9019
10086
11119
12095
13108
14145
14992
16011
16954
18063
19174
20274
21159
22193
23274
24348
25441
26521
27521
0
TO:V,FS:2,FT:6,PC:31
0
641
1498
2440
3341
4298
5269
6104
7017
7948
8856
9837
10728
11597
12468
13438
14275
15076
16007
16844
17818
18763
19661
20497
21424
22331
23274
24246
25224
26232
27159
27521
0
TO:V,FS:2,FT:7,PC:31
0
628
1498
2391
3313
4243
5222
6053
6921
7838
8761
9697
10591
11495
12327
13196
14138
14830
15765
16611
17563
18505
19424
20366
21234
22144
23024
23958
24941
25921
26801
27521
0
TO:V,FS:3,FT:0,PC:34
0
628
1490
2378
3241
4077
4910
5628
6481
7318
8194
9024
9926
10747
11582
12340
13183
13988
14725
15512
16231
17113
17991
18874
19661
20445
21278
22133
23020
23841
24711
25574
26421
27326
27521
0
TO:V,FS:3,FT:1,PC:33
0
628
1490
2378
3241
4077
4905
5673
6502
7367
8207
9069
9974
10837
11597
12398
13267
14074
14788
15653
16423
17309
18159
19030
19836
20615
21448
22315
23177
23990
24881
25766
26640
27521
0
TO:V,FS:3,FT:2,PC:35
0
582
1398
2249
3061
3858
4666
5474
6124
6937
7752
8558
9390
10236
11059
11731
12510
13346
14112
14788
15603
16277
17165
17991
18839
19603
20366
21144
21960
22799
23604
24384
25209
26030
26864
27521
0
TO:V,FS:3,FT:3,PC:34
0
628
1445
2300
3159
4003
4820
5582
6436
7269
8106
8937
9832
10672
11454
12213
13045
13860
14580
15300
16119
16879
17773
18652
19473
20296
21044
21877
22722
23518
24293
25162
26030
26874
27521
0
TO:V,FS:3,FT:4,PC:38
0
523
1292
2052
2821
3575
4326
5086
5741
6472
7244
8010
8781
9551
10316
11059
11647
12398
13191
13910
14565
15231
15979
16625
17421
18180
18939
19695
20399
21120
21855
22622
23360
24137
24922
25729
26498
27300
27521
0
TO:V,FS:3,FT:5,PC:34
0
582
1439
2294
3151
3989
4815
5582
6436
7259
8090
8928
9832
10663
11483
12192
13045
13885
14611
15346
16181
16926
17845
18689
19510
20345
21082
21913
22761
23604
24370
25260
26119
26961
27521
0
TO:V,FS:3,FT:6,PC:39
0
485
1199
1934
2709
3465
4243
4989
5628
6348
7052
7793
8529
9288
10029
10769
11483
12062
12825
13588
14238
14830
15561
16231
16966
17746
18492
19257
19993
20604
21278
22009
22751
23470
24195
24935
25677
26421
27147
27521
0
TO:V,FS:3,FT:7,PC:40
0
485
1199
1893
2624
3341
4103
4771
5528
6205
6913
7634
8376
9135
9862
10612
11341
11903
12591
13346
14024
14646
15304
16043
16672
17434
18186
18939
19657
20366
20996
21706
22417
23123
23834
24534
25283
26070
26774
27506
27521
0
