The Subtle Art of Not Giving a F_ck
LH:61910,BH:33467,MH:319259
TO:V,FS:0,FT:0,PC:19
0
1452
3280
5219
7177
9077
10659
12188
13998
15624
17419
19314
21125
22826
24663
26388
28291
30005
31831
33467
0
TO:V,FS:0,FT:1,PC:19
0
1463
3365
5249
7242
9154
10846
12458
14284
15902
17694
19560
21440
23102
25000
26723
28639
30339
32183
33467
0
TO:V,FS:0,FT:2,PC:19
0
1463
3291
5153
7064
8939
10597
12188
13998
15624
17419
19314
21125
22755
24619
26318
28156
29865
31697
33467
0
TO:V,FS:0,FT:3,PC:20
0
1463
3306
5225
7069
8872
10601
12197
13957
15494
17314
19170
20990
22601
24359
26078
27945
29713
31485
33382
33467
0
TO:V,FS:0,FT:4,PC:21
0
1271
2966
4657
6347
8023
9742
11157
12643
14284
15791
17412
19075
20738
22126
23759
25265
26989
28639
30232
31871
33467
0
TO:V,FS:0,FT:5,PC:21
0
1316
3012
4864
6585
8362
9872
11499
12913
14505
16104
17752
19420
21125
22686
24414
26004
27699
29420
30912
32613
33467
0
TO:V,FS:0,FT:6,PC:23
0
1164
2806
4471
6041
7672
9216
10597
11968
13491
14921
16380
17944
19551
21048
22378
23983
25405
27000
28557
29929
31543
33094
33467
0
TO:V,FS:0,FT:7,PC:22
0
1102
2739
4471
6102
7803
9408
10724
12122
13673
15227
16737
18342
19901
21502
22946
24591
26004
27600
29219
30596
32248
33467
0
TO:V,FS:1,FT:0,PC:24
0
1094
2628
4134
5609
7097
8582
9872
11278
12579
13998
15339
16769
18270
19725
21165
22378
23786
25080
26633
28066
29539
30848
32310
33467
0
TO:V,FS:1,FT:1,PC:24
0
1094
2628
4134
5609
7097
8611
9957
11340
12643
14129
15462
16878
18381
19839
21378
22621
24052
25388
26915
28367
29713
31272
32798
33467
0
TO:V,FS:1,FT:2,PC:25
0
1032
2500
3968
5362
6814
8269
9733
10956
12182
13600
14891
16224
17647
19075
20424
21696
22980
24367
25682
27100
28484
29713
31210
32613
33467
0
TO:V,FS:1,FT:3,PC:24
0
1037
2500
4013
5486
6948
8396
9842
11093
12369
13789
15100
16441
17880
19358
20806
22067
23526
25022
26367
27753
29207
30532
32060
33467
0
TO:V,FS:1,FT:4,PC:27
0
972
2291
3606
4978
6201
7526
8832
9999
11255
12385
13673
14887
16163
17400
18724
19974
21245
22378
23709
25027
26179
27467
28737
29944
31248
32566
33467
0
TO:V,FS:1,FT:5,PC:26
0
972
2370
3745
5143
6576
7960
9316
10532
11764
13178
14470
15737
17112
18498
19839
21208
22378
23734
25038
26404
27811
29207
30398
31802
33151
33467
0
TO:V,FS:1,FT:6,PC:28
0
888
2135
3394
4711
5983
7221
8463
9678
10775
11844
13092
14284
15339
16588
17873
19170
20362
21568
22686
23951
25080
26288
27587
28748
29890
31147
32359
33467
0
TO:V,FS:1,FT:7,PC:29
0
888
2114
3353
4648
5854
7084
8295
9540
10641
11664
12866
14054
15215
16365
17626
18822
20044
21264
22295
23512
24716
25837
27083
28308
29534
30612
31835
33061
33467
0
TO:V,FS:2,FT:0,PC:32
0
831
1922
2922
4062
5237
6355
7512
8625
9733
10757
11705
12832
13992
15022
16154
17178
18263
19420
20518
21568
22625
23641
24768
25821
26856
27999
29139
30129
31184
32240
33306
33467
0
TO:V,FS:2,FT:1,PC:32
0
831
1922
2979
4119
5249
6410
7547
8684
9786
10765
11664
12728
13832
14887
15959
17049
18100
19170
20284
21347
22326
23394
24530
25498
26580
27683
28855
29824
30952
32028
33094
33467
0
TO:V,FS:2,FT:2,PC:33
0
790
1863
2880
3985
5085
6140
7259
8362
9437
10449
11491
12427
13495
14505
15544
16588
17647
18712
19771
20866
21775
22892
23928
25022
25991
27058
28156
29240
30232
31281
32338
33357
33467
0
TO:V,FS:2,FT:3,PC:32
0
810
1882
2996
4119
5237
6355
7474
8594
9678
10659
11617
12685
13781
14809
15870
16949
18021
19152
20201
21355
22289
23400
24548
25498
26580
27632
28737
29713
30848
31980
33094
33467
0
TO:V,FS:2,FT:4,PC:37
0
750
1702
2674
3645
4629
5568
6529
7500
8495
9442
10278
11190
12063
12983
13898
14778
15674
16621
17576
18527
19468
20407
21378
22162
23102
24058
24982
25816
26768
27677
28639
29585
30473
31429
32314
33276
33467
0
TO:V,FS:2,FT:5,PC:33
0
820
1863
2874
3968
5057
6091
7207
8290
9326
10293
11302
12223
13301
14335
15339
16407
17450
18460
19580
20548
21568
22528
23534
24559
25498
26580
27632
28689
29672
30688
31697
32719
33467
0
TO:V,FS:2,FT:6,PC:38
0
655
1562
2500
3451
4374
5297
6237
7144
8041
8965
9842
10659
11548
12407
13301
14197
15121
16033
16968
17848
18764
19725
20652
21568
22428
23339
24264
25080
26033
26941
27883
28775
29623
30485
31386
32281
33240
33467
0
TO:V,FS:2,FT:7,PC:38
0
645
1562
2500
3451
4374
5249
6187
7097
7992
8920
9815
10576
11479
12270
13189
14047
14971
15840
16779
17690
18595
19513
20414
21355
22162
23059
23977
24860
25682
26580
27506
28399
29330
30078
31000
31871
32813
33467
0
TO:V,FS:3,FT:0,PC:41
0
660
1536
2405
3249
4113
5021
5866
6724
7589
8489
9348
10110
10950
11705
12512
13345
14140
14921
15762
16580
17447
18299
19170
19989
20877
21645
22425
23290
24120
24958
25724
26580
27458
28291
29130
29910
30784
31642
32451
33306
33467
0
TO:V,FS:3,FT:1,PC:40
0
619
1496
2361
3261
4165
5063
5920
6781
7672
8582
9442
10185
11036
11790
12579
13480
14277
15057
15898
16711
17576
18384
19266
20117
20990
21712
22511
23379
24207
25038
25863
26723
27582
28444
29318
30078
30933
31821
32613
33467
0
TO:V,FS:3,FT:2,PC:43
0
615
1452
2269
3082
3918
4743
5557
6395
7236
8088
8942
9722
10438
11272
11975
12764
13571
14284
15057
15846
16580
17397
18216
19045
19855
20642
21423
22067
22915
23721
24503
25220
26033
26847
27632
28484
29296
30032
30848
31697
32451
33276
33467
0
TO:V,FS:3,FT:3,PC:41
0
630
1474
2315
3178
4016
4882
5691
6568
7422
8273
9131
9872
10708
11544
12310
13118
13913
14782
15534
16394
17223
18070
18943
19769
20596
21423
22115
22970
23812
24663
25413
26221
27083
27910
28775
29585
30339
31216
32065
32940
33467
0
TO:V,FS:3,FT:4,PC:46
0
538
1263
2029
2748
3516
4274
5053
5773
6564
7338
8057
8846
9624
10269
10970
11617
12320
13018
13755
14543
15269
16042
16771
17497
18255
19000
19725
20474
21262
21886
22640
23365
24116
24860
25541
26262
26989
27708
28502
29252
29830
30612
31347
32099
32850
33467
0
TO:V,FS:3,FT:5,PC:41
0
630
1496
2361
3203
4062
4917
5773
6636
7500
8362
9216
9980
10822
11604
12385
13230
13998
14824
15624
16424
17223
18065
18898
19725
20539
21355
22029
22915
23759
24591
25341
26179
27066
27905
28726
29585
30339
31206
31997
32835
33467
0
TO:V,FS:3,FT:6,PC:47
0
496
1228
1988
2717
3478
4208
4967
5691
6430
7188
7897
8625
9386
10022
10702
11421
12053
12793
13559
14250
14921
15669
16380
17124
17795
18539
19244
19923
20624
21378
21986
22686
23455
24201
24923
25586
26305
27054
27807
28508
29252
29921
30680
31386
32119
32876
33467
0
TO:V,FS:3,FT:7,PC:48
0
480
1164
1911
2632
3394
4109
4830
5527
6258
6976
7712
8436
9169
9842
10532
11218
11844
12567
13290
13975
14635
15339
16074
16789
17482
18208
18887
19580
20300
20990
21645
22306
23013
23775
24530
25166
25922
26623
27304
28028
28703
29458
30129
30888
31585
32314
33061
33467
0
