The Subtle Art of Not Giving a F_ck
LH:95377,BH:40497,MH:319259
TO:V,FS:0,FT:0,PC:23
0
1402
3259
5122
7028
8999
10699
11931
13798
15799
17318
19167
20995
22896
24784
26647
28098
29849
31503
33279
34875
36879
38825
40497
0
TO:V,FS:0,FT:1,PC:23
0
1415
3312
5191
7097
9070
10736
12092
14011
16011
17447
19198
21129
23111
24999
26839
28307
30054
31669
33366
35165
37149
39113
40497
0
TO:V,FS:0,FT:2,PC:24
0
1402
3191
4978
6818
8710
10584
11651
13505
15404
17017
18654
20355
22244
24136
25956
27736
29072
30742
32389
34100
35873
37792
39655
40497
0
TO:V,FS:1,FT:0,PC:30
0
1096
2576
4047
5513
6871
8310
9714
11085
12092
13539
15072
16299
17318
18743
20056
21499
22889
24260
25663
27001
28217
29528
30847
32122
33366
34743
36229
37721
39172
40497
0
TO:V,FS:1,FT:1,PC:30
0
1096
2576
4047
5513
6931
8372
9782
11085
12092
13600
15125
16340
17409
18864
20182
21588
23011
24431
25880
27301
28476
29829
31086
32380
33728
35123
36632
38153
39620
40497
0
TO:V,FS:1,FT:2,PC:31
0
1036
2448
3841
5254
6542
7898
9298
10663
11550
12875
14342
15764
16791
17925
19198
20636
21964
23321
24673
26103
27421
28476
29771
30988
32248
33425
34743
36229
37673
39106
40497
0
TO:V,FS:2,FT:0,PC:39
0
788
1917
3065
4169
5272
6341
7433
8574
9697
10736
11550
12621
13769
14909
16005
16812
17708
18864
19878
21005
22166
23195
24305
25407
26493
27601
28409
29395
30404
31364
32389
33417
34521
35602
36653
37772
38920
40078
40497
0
TO:V,FS:2,FT:1,PC:39
0
840
2014
3147
4220
5324
6374
7492
8625
9760
10736
11550
12672
13769
14856
15956
16763
17605
18693
19688
20833
21948
23039
24175
25256
26332
27474
28230
29201
30211
31167
32282
33261
34255
35286
36387
37495
38580
39682
40497
0
TO:V,FS:2,FT:2,PC:41
0
742
1815
2898
3923
4974
6060
7037
8090
9164
10197
11085
11807
12849
13976
15077
16116
16865
17714
18864
19844
20933
21996
23039
24072
25096
26164
27153
28004
28996
29959
30875
31819
32707
33776
34714
35812
36859
37921
39019
40126
40497
0
