The Subtle Art of Not Giving a F_ck
LH:135874,BH:37960,MH:319259
TO:V,FS:0,FT:0,PC:21
0
1414
3111
5024
6977
8594
10426
12353
14260
16144
18201
19898
21830
23819
25499
27450
29399
31369
33203
35212
36814
37960
0
TO:V,FS:0,FT:1,PC:21
0
1426
3111
5031
7048
8662
10496
12421
14344
16288
18271
19971
21896
23890
25569
27532
29462
31369
33203
35220
36814
37960
0
TO:V,FS:0,FT:2,PC:22
0
1426
3111
4960
6903
8526
10317
12141
13976
15844
17707
19341
21243
23162
24830
26747
28605
30542
32264
34238
35885
37707
37960
0
TO:V,FS:1,FT:0,PC:27
0
1017
2324
3700
5182
6610
8105
9519
10904
12446
13952
15428
16864
18417
19737
21167
22601
24033
25287
26831
28254
29767
31276
32581
34065
35455
36853
37960
0
TO:V,FS:1,FT:1,PC:27
0
1017
2324
3700
5182
6610
8105
9504
10842
12390
13895
15370
16803
18369
19740
21180
22660
24052
25355
26831
28254
29767
31276
32581
34074
35455
36917
37960
0
TO:V,FS:1,FT:2,PC:28
0
947
2178
3502
4877
6306
7685
8968
10342
11747
13174
14616
16023
17474
18922
20230
21579
23020
24195
25655
27061
28430
29886
31337
32581
34010
35334
36668
37960
0
TO:V,FS:2,FT:0,PC:35
0
794
1799
2950
4018
5108
6242
7358
8353
9483
10536
11681
12861
14025
15191
16297
17398
18518
19550
20694
21805
22968
24052
25084
26207
27373
28461
29647
30786
31804
32928
34043
35163
36176
37322
37960
0
TO:V,FS:2,FT:1,PC:35
0
807
1749
2903
3978
5031
6190
7358
8299
9376
10457
11612
12749
13926
15076
16196
17336
18417
19397
20538
21637
22817
23917
24880
25991
27129
28254
29438
30570
31564
32636
33780
34861
35851
36917
37960
0
TO:V,FS:2,FT:2,PC:37
0
693
1639
2758
3790
4823
5878
6946
8015
8968
10027
11112
12190
13313
14429
15525
16579
17663
18715
19701
20796
21830
22968
23968
24929
25991
27122
28213
29351
30451
31397
32512
33571
34632
35586
36610
37621
37960
0
