The Subtle Art of Not Giving a F_ck
LH:173834,BH:47743,MH:319259
TO:V,FS:0,FT:0,PC:27
0
1459
3256
5115
6887
8654
10540
12348
14074
15953
17765
19713
21537
23211
25122
26987
28871
30754
32569
34144
35968
37634
39555
41139
43014
44850
46413
47743
0
TO:V,FS:0,FT:1,PC:27
0
1459
3256
5115
6887
8677
10634
12469
14209
16048
17923
19841
21674
23352
25256
27126
29007
30813
32569
34154
35896
37564
39420
41082
42939
44779
46274
47743
0
TO:V,FS:0,FT:2,PC:28
0
1388
3186
5038
6815
8607
10473
12356
14074
15953
17715
19580
21405
23087
24988
26896
28733
30603
32317
33766
35528
37212
39044
40710
42462
44220
45769
47586
47743
0
TO:V,FS:0,FT:3,PC:28
0
1388
3137
4979
6829
8536
10416
12216
13935
15888
17715
19592
21413
23019
24897
26763
28575
30372
32148
33553
35396
37184
38916
40710
42462
44220
45773
47513
47743
0
TO:V,FS:0,FT:4,PC:31
0
1211
2861
4478
6143
7820
9422
11128
12695
14291
15863
17550
19283
20955
22430
23971
25612
27177
28893
30497
32075
33416
35070
36730
38208
39830
41244
42792
44401
45753
47295
47743
0
TO:V,FS:0,FT:5,PC:30
0
1378
2990
4673
6365
7928
9663
11360
12876
14569
16293
18019
19780
21470
23015
24777
26537
28212
29948
31660
33046
34713
36411
37913
39636
41139
42862
44556
45944
47700
47743
0
TO:V,FS:0,FT:6,PC:32
0
1173
2616
4236
5781
7394
8918
10529
12069
13535
15137
16743
18276
19906
21517
22863
24450
26018
27652
29178
30813
32383
33621
35132
36730
38100
39605
40888
42523
43981
45437
46982
47743
0
TO:V,FS:0,FT:7,PC:31
0
1109
2616
4236
5850
7514
9058
10738
12325
13805
15460
17124
18740
20428
22018
23279
24921
26601
28276
29810
31470
32824
34249
35787
37212
38760
40418
41706
43174
44871
46263
47743
0
TO:V,FS:1,FT:0,PC:35
0
1039
2504
3928
5420
6865
8163
9711
11246
12635
13995
15438
16926
18382
19841
21334
22677
24026
25515
26915
28375
29801
31263
32607
33787
35254
36730
38034
39512
40754
42147
43546
44982
46070
47565
47743
0
TO:V,FS:1,FT:1,PC:34
0
1039
2504
3960
5479
6988
8260
9838
11365
12735
14229
15680
17188
18622
20100
21571
22863
24242
25734
27118
28599
30033
31470
32734
33943
35396
36918
38208
39700
40938
42312
43685
45063
46256
47743
0
TO:V,FS:1,FT:2,PC:36
0
979
2386
3751
5229
6665
7928
9422
10897
12231
13518
14882
16340
17785
19283
20653
22087
23279
24650
26059
27414
28886
30273
31642
32824
34004
35396
36857
38094
39512
40710
42021
43296
44755
45854
47163
47743
0
TO:V,FS:1,FT:3,PC:35
0
1039
2445
3899
5355
6803
8111
9595
11069
12532
13850
15196
16718
18145
19614
21139
22430
23834
25220
26584
28074
29504
30939
32293
33416
34863
36250
37564
39015
40437
41706
43059
44401
45592
46883
47743
0
TO:V,FS:1,FT:4,PC:39
0
968
2209
3455
4685
5946
7247
8363
9702
10993
12299
13518
14825
16138
17377
18646
19888
21190
22430
23684
24921
26258
27522
28809
30054
31286
32553
33483
34724
35952
37184
38414
39742
40858
42135
43386
44732
45777
46986
47743
0
TO:V,FS:1,FT:5,PC:37
0
979
2386
3751
5094
6428
7820
9058
10522
11870
13147
14538
15920
17331
18794
20150
21554
22823
24148
25546
26915
28255
29603
30972
32341
33347
34693
36066
37326
38687
40130
41235
42566
43851
45177
46317
47685
47743
0
TO:V,FS:1,FT:6,PC:41
0
835
1978
3186
4463
5686
6854
7982
9290
10509
11745
12910
14112
15328
16534
17770
19036
20306
21546
22665
23812
25084
26372
27579
28828
29975
31192
32457
33347
34573
35853
37141
38205
39443
40549
41689
42848
44020
45124
46070
47285
47743
0
TO:V,FS:1,FT:7,PC:41
0
828
1978
3164
4357
5523
6674
7877
9011
10272
11469
12630
13758
14930
16160
17391
18629
19888
21159
22356
23390
24584
25827
27052
28295
29479
30684
31856
32933
33985
35237
36526
37617
38858
40060
41059
42302
43395
44685
45626
46675
47743
0
TO:V,FS:2,FT:0,PC:45
0
810
1943
2990
4142
5223
6276
7447
8363
9514
10651
11784
12735
13889
14976
16026
17156
18223
19353
20479
21517
22483
23582
24650
25744
26864
27923
29056
30148
31224
32325
33193
34269
35327
36434
37425
38569
39742
40710
41778
42841
43906
45002
45978
47040
47743
0
TO:V,FS:2,FT:1,PC:46
0
810
1943
2968
4041
5099
6118
7293
8237
9362
10436
11536
12659
13631
14721
15854
16939
17987
19080
20204
21272
22388
23386
24455
25546
26614
27680
28754
29796
30863
31899
32824
33793
34825
35896
37023
37981
39096
40189
41096
42185
43174
44385
45331
46280
47358
47743
0
TO:V,FS:2,FT:2,PC:47
0
757
1842
2868
3934
4998
6018
7148
8076
9207
10265
11338
12447
13430
14534
15588
16619
17684
18787
19841
20907
21941
22874
23953
25022
26081
27150
28168
29216
30306
31323
32377
33193
34280
35276
36323
37263
38358
39474
40493
41445
42490
43542
44614
45502
46488
47547
47743
0
TO:V,FS:2,FT:3,PC:46
0
764
1842
2872
3937
5010
6018
7148
8076
9217
10326
11405
12516
13518
14621
15750
16835
17856
18982
20045
21139
22240
23196
24242
25336
26453
27522
28599
29709
30788
31798
32734
33685
34738
35825
36874
37826
38958
40090
40997
42086
43174
44339
45308
46178
47323
47743
0
TO:V,FS:2,FT:4,PC:52
0
662
1560
2462
3417
4357
5317
6243
7190
8066
9036
9998
10965
11893
12735
13700
14615
15573
16563
17518
18471
19441
20437
21356
22286
23101
24074
25009
25977
26886
27834
28779
29677
30621
31521
32450
33224
34144
35070
35983
36954
37820
38721
39725
40586
41497
42390
43267
44224
45088
45874
46783
47743
0
TO:V,FS:2,FT:5,PC:47
0
800
1798
2811
3874
4892
5882
6930
7886
8864
9903
10937
11990
12938
13982
15032
16076
17156
18223
19303
20391
21421
22430
23484
24486
25546
26610
27625
28691
29744
30813
31850
32784
33739
34779
35812
36828
37763
38831
39881
40754
41828
42841
43851
44922
45822
46808
47743
0
TO:V,FS:2,FT:6,PC:54
0
592
1488
2374
3331
4281
5216
6169
7074
7928
8904
9838
10783
11686
12597
13385
14321
15211
16160
17095
18019
18975
19888
20808
21728
22574
23473
24394
25359
26300
27193
28106
29056
29940
30863
31747
32607
33425
34311
35215
36114
37067
37826
38677
39624
40493
41325
42192
43097
43898
44871
45640
46488
47432
47743
0
TO:V,FS:2,FT:7,PC:55
0
592
1483
2374
3331
4236
5115
6018
6921
7820
8624
9557
10480
11385
12275
13061
13982
14870
15797
16706
17615
18524
19444
20369
21272
22191
22968
23851
24802
25700
26590
27503
28441
29347
30268
31156
32075
32871
33625
34497
35396
36304
37184
38011
38877
39783
40632
41445
42335
43159
44036
44966
45724
46548
47441
47743
0
TO:V,FS:3,FT:0,PC:58
0
585
1388
2275
3077
3899
4730
5620
6463
7327
8111
8985
9863
10713
11533
12376
13136
13982
14825
15710
16610
17469
18342
19229
20130
20982
21823
22608
23374
24195
25053
25931
26750
27612
28484
29290
30137
30972
31791
32607
33383
34231
35070
35896
36777
37564
38386
39269
40143
40841
41720
42528
43316
44179
45002
45764
46506
47423
47743
0
TO:V,FS:3,FT:1,PC:58
0
585
1388
2226
3032
3859
4685
5534
6371
7240
8019
8846
9726
10621
11485
12329
13088
13935
14791
15666
16563
17424
18295
19185
20079
20944
21772
22574
23421
24290
25143
26018
26840
27706
28549
29386
30221
31048
31870
32645
33425
34276
35115
35939
36823
37603
38428
39269
40143
40841
41720
42528
43316
44183
45002
45764
46506
47423
47743
0
TO:V,FS:3,FT:2,PC:61
0
585
1378
2144
2904
3679
4492
5317
6110
6939
7781
8481
9333
10153
10965
11721
12587
13311
14112
14861
15699
16512
17331
18145
18975
19787
20612
21402
22220
22918
23760
24606
25408
26203
27001
27834
28643
29431
30221
31012
31791
32569
33269
34060
34863
35662
36486
37212
38034
38813
39679
40437
41071
41923
42711
43444
44271
45002
45724
46436
47285
47743
0
TO:V,FS:3,FT:3,PC:59
0
592
1430
2275
3089
3949
4738
5591
6420
7240
7975
8825
9689
10525
11378
12155
12917
13747
14561
15383
16252
17091
17947
18814
19620
20479
21272
22139
22863
23678
24526
25389
26203
27052
27881
28733
29547
30380
31249
32075
32824
33528
34355
35157
35948
36777
37539
38340
39195
40002
40710
41550
42381
43159
43898
44755
45418
46118
46929
47743
0
TO:V,FS:3,FT:4,PC:66
0
543
1295
2021
2745
3536
4275
5020
5768
6528
7312
8003
8733
9527
10280
11028
11752
12526
13200
13978
14728
15476
16233
16978
17698
18447
19185
19957
20705
21454
22240
22918
23649
24364
25114
25878
26601
27359
28130
28850
29588
30359
31080
31819
32569
33112
33849
34573
35311
36054
36768
37444
38189
38906
39675
40399
40985
41755
42512
43174
43932
44732
45368
45913
46669
47441
47743
0
TO:V,FS:3,FT:5,PC:59
0
630
1430
2272
3077
3899
4730
5574
6417
7281
8061
8931
9726
10565
11421
12239
13010
13882
14655
15527
16372
17224
18019
18891
19727
20571
21356
22212
22874
23707
24558
25408
26253
27099
27956
28764
29590
30427
31263
32075
32824
33524
34398
35250
36066
36909
37696
38500
39399
40213
40933
41760
42566
43357
44224
45002
45764
46506
47405
47743
0
TO:V,FS:3,FT:6,PC:68
0
480
1183
1884
2602
3305
4057
4770
5491
6189
6901
7669
8303
9102
9821
10547
11290
11982
12695
13412
14149
14825
15597
16285
17000
17715
18436
19175
19921
20653
21356
22106
22727
23407
24156
24878
25637
26367
27147
27904
28599
29280
29995
30726
31470
32211
32824
33425
34138
34825
35574
36312
37058
37690
38380
39138
39865
40493
41159
41909
42600
43219
43981
44743
45380
45953
46632
47399
47743
0
TO:V,FS:3,FT:7,PC:69
0
471
1183
1884
2550
3262
3972
4685
5394
6098
6806
7534
8181
8931
9640
10389
11119
11797
12537
13200
13921
14569
15285
16022
16743
17424
18145
18907
19644
20391
21084
21818
22430
23135
23851
24569
25300
26051
26776
27482
28219
28918
29590
30306
31048
31747
32516
33028
33699
34398
35111
35853
36613
37212
37909
38629
39399
40118
40710
41387
42086
42792
43431
44160
44871
45455
46043
46715
47441
47743
0
