TO:V,FS:0,FT:0,PC:19
0
1087
2504
3838
5249
6679
8136
9445
10855
12312
13777
15156
16587
17981
19498
20671
21735
23268
24739
24871
0
TO:V,FS:0,FT:1,PC:19
0
1087
2504
3838
5249
6679
8136
9503
10982
12430
13898
15278
16692
18104
19620
20722
21797
23330
24816
24871
0
TO:V,FS:0,FT:2,PC:19
0
1056
2392
3677
5017
6390
7813
9086
10476
11853
13263
14645
15974
17341
18712
19960
21093
22177
23613
24871
0
TO:V,FS:1,FT:0,PC:24
0
799
1877
2967
3942
4993
6098
7223
8340
9362
10463
11596
12716
13785
14854
15931
17044
18080
19254
20293
21124
22095
23252
24323
24871
0
TO:V,FS:1,FT:1,PC:24
0
799
1929
3014
3942
4993
6098
7223
8300
9258
10358
11484
12620
13690
14799
15872
16946
17972
19107
20160
21028
21995
23138
24178
24871
0
TO:V,FS:1,FT:2,PC:25
0
746
1825
2853
3800
4806
5878
6916
8017
8976
10036
11097
12108
13172
14218
15235
16245
17324
18335
19412
20363
21164
22045
23138
24178
24871
0
TO:V,FS:2,FT:0,PC:31
0
608
1491
2327
3139
3881
4699
5589
6390
7209
8028
8856
9586
10405
11280
12101
12972
13830
14736
15546
16436
17307
18104
18958
19818
20536
21200
21896
22774
23659
24485
24871
0
TO:V,FS:2,FT:1,PC:31
0
608
1491
2335
3171
3881
4699
5593
6431
7256
8074
8884
9688
10542
11410
12258
13057
13912
14823
15636
16512
17394
18190
19048
19865
20572
21213
21987
22864
23749
24552
24871
0
TO:V,FS:2,FT:2,PC:33
0
562
1397
2190
2967
3707
4478
5282
6091
6891
7672
8437
9136
9963
10749
11554
12350
13103
13912
14780
15551
16393
17210
17965
18785
19603
20324
20952
21564
22398
23233
24014
24826
24871
0
