The Subtle Art of Not Giving a F_ck
LH:246448,BH:39309,MH:319259
TO:V,FS:0,FT:0,PC:22
0
1466
3292
5274
7210
9016
10714
12638
14490
16515
18141
19880
21691
23533
25383
27159
29016
31032
33011
34478
36378
38272
39309
0
TO:V,FS:0,FT:1,PC:22
0
1466
3292
5286
7210
9090
10786
12638
14560
16515
18141
19880
21762
23604
25453
27229
29086
31037
32958
34418
36378
38272
39309
0
TO:V,FS:0,FT:2,PC:22
0
1466
3292
5274
7210
9021
10714
12638
14565
16442
18068
19705
21484
23333
25228
27058
28810
30781
32674
34209
36108
38018
39309
0
TO:V,FS:0,FT:3,PC:23
0
1406
3302
5220
7137
8947
10645
12608
14339
16291
17859
19566
21350
23208
25018
26855
28503
30395
32227
33853
35511
37352
39218
39309
0
TO:V,FS:0,FT:4,PC:25
0
1324
2973
4671
6357
8036
9579
11251
12782
14523
16249
17722
19053
20664
22284
23932
25500
27058
28578
30206
31910
33517
34878
36555
38198
39309
0
TO:V,FS:0,FT:5,PC:24
0
1406
3086
4932
6737
8450
10071
11897
13562
15324
17051
18427
20090
21748
23460
25218
26995
28555
30387
32212
33762
35408
37076
38798
39309
0
TO:V,FS:0,FT:6,PC:26
0
1249
2779
4357
5983
7677
9217
10758
12345
13861
15575
17165
18492
20019
21609
23173
24818
26377
27822
29411
31092
32808
34170
35684
37340
38936
39309
0
TO:V,FS:0,FT:7,PC:25
0
1249
2842
4427
6178
7872
9262
10922
12593
14078
15850
17318
18847
20434
22066
23693
25383
26992
28416
30043
31738
33311
34546
36197
37845
39309
0
TO:V,FS:1,FT:0,PC:28
0
1152
2602
4154
5649
7137
8619
9995
11470
12841
14390
15913
17233
18474
19760
21185
22619
24081
25500
26917
28191
29625
31128
32674
33971
35302
36750
38254
39309
0
TO:V,FS:1,FT:1,PC:28
0
1152
2602
4154
5666
7202
8680
10056
11530
12904
14450
15988
17318
18606
19942
21409
22825
24318
25699
27058
28398
29834
31379
32924
34170
35566
37058
38547
39309
0
TO:V,FS:1,FT:2,PC:29
0
1088
2486
3971
5417
6905
8344
9616
11055
12453
13803
15243
16705
17892
18988
20369
21742
23134
24535
25874
27089
28459
29834
31313
32802
34032
35302
36738
38141
39309
0
TO:V,FS:1,FT:3,PC:29
0
1095
2557
4035
5491
6970
8466
9745
11192
12638
14129
15682
17122
18252
19503
20961
22322
23821
25198
26604
27873
29212
30754
32199
33576
34782
36239
37712
39122
39309
0
TO:V,FS:1,FT:4,PC:32
0
994
2336
3642
4932
6211
7530
8863
10034
11298
12550
13780
15180
16520
17648
18715
19937
21265
22533
23856
25208
26469
27663
28986
30303
31582
32891
34055
35223
36475
37785
39096
39309
0
TO:V,FS:1,FT:5,PC:30
0
1084
2483
3913
5352
6734
8150
9447
10852
12248
13558
14967
16361
17502
18619
19797
21071
22438
23866
25232
26590
27802
29175
30620
32008
33430
34478
35901
37323
38716
39309
0
TO:V,FS:1,FT:6,PC:33
0
895
2197
3432
4710
5989
7242
8480
9611
10818
12072
13198
14511
15780
16986
18068
18983
20223
21350
22598
23806
25060
26310
27405
28614
29880
31116
32345
33517
34537
35791
37095
38350
39309
0
TO:V,FS:1,FT:7,PC:33
0
891
2197
3432
4710
5989
7242
8476
9611
10815
12072
13182
14511
15780
16986
18057
18925
20163
21331
22533
23753
25006
26258
27365
28614
29880
31116
32345
33517
34537
35777
37034
38243
39309
0
TO:V,FS:2,FT:0,PC:37
0
829
1964
3132
4285
5390
6526
7677
8763
9773
10896
12051
13030
14201
15341
16457
17361
18369
19333
20420
21609
22641
23747
24938
25999
27058
28101
29193
30353
31475
32638
33690
34688
35763
36907
38018
39086
39309
0
TO:V,FS:2,FT:1,PC:37
0
834
1964
3041
4188
5281
6368
7471
8596
9579
10692
11840
12765
13932
15099
16214
17208
18252
19160
20286
21403
22524
23604
24733
25748
26826
27797
28879
29988
31145
32212
33311
34209
35318
36410
37515
38585
39309
0
TO:V,FS:2,FT:2,PC:38
0
774
1906
2989
4087
5178
6267
7414
8497
9477
10531
11623
12638
13706
14782
15895
16918
17871
18731
19770
20786
21821
22848
23959
25043
26089
27089
28143
29193
30299
31400
32478
33517
34405
35445
36499
37609
38634
39309
0
TO:V,FS:2,FT:3,PC:37
0
834
1964
3086
4188
5290
6427
7522
8665
9673
10744
11840
12769
13932
15154
16265
17208
18239
19006
20140
21268
22322
23498
24626
25699
26826
27797
28879
29988
31092
32168
33287
34209
35273
36368
37469
38585
39309
0
TO:V,FS:2,FT:4,PC:43
0
724
1686
2628
3570
4499
5483
6432
7390
8312
9217
10104
11028
11951
12750
13767
14768
15710
16636
17456
18369
19246
20197
21155
22103
23027
24004
24996
25974
26948
27785
28720
29676
30628
31558
32549
33495
34209
35155
36114
37072
37995
38936
39309
0
TO:V,FS:2,FT:5,PC:38
0
829
1964
2989
4091
5178
6259
7390
8445
9422
10478
11572
12638
13701
14782
15835
16870
17772
18619
19617
20633
21620
22641
23747
24873
25897
26909
27850
28879
29934
31037
32110
33225
34170
35162
36216
37306
38330
39309
0
TO:V,FS:2,FT:6,PC:44
0
663
1577
2505
3479
4365
5318
6255
7223
8124
9073
9917
10879
11847
12661
13653
14634
15561
16501
17318
18234
18962
19880
20772
21670
22564
23487
24408
25336
26283
27089
27997
28879
29771
30746
31706
32665
33560
34303
35209
36153
37091
38018
38920
39309
0
TO:V,FS:2,FT:7,PC:44
0
663
1563
2505
3432
4357
5266
6205
7168
8036
8975
9813
10721
11709
12624
13444
14406
15380
16306
17165
18000
18776
19666
20560
21444
22322
23259
24152
25043
25993
26904
27742
28648
29501
30446
31400
32299
33253
33985
34802
35664
36597
37544
38465
39309
0
TO:V,FS:3,FT:0,PC:47
0
663
1506
2365
3221
4079
4932
5810
6709
7549
8427
9217
10046
10922
11777
12579
13359
14257
15169
15988
16853
17586
18411
19194
20064
20942
21800
22628
23431
24312
25173
26036
26904
27643
28529
29350
30240
31053
31925
32818
33598
34294
35152
36019
36889
37743
38616
39309
0
TO:V,FS:3,FT:1,PC:47
0
627
1506
2415
3264
4124
4977
5856
6752
7596
8474
9262
10104
10968
11817
12638
13490
14357
15316
16184
16986
17722
18533
19340
20197
21080
21924
22765
23662
24546
25434
26310
27089
27944
28810
29676
30542
31421
32318
33195
33919
34658
35537
36401
37250
38141
38976
39309
0
TO:V,FS:3,FT:2,PC:50
0
605
1418
2275
3050
3871
4685
5516
6341
7196
7972
8774
9484
10283
11075
11862
12638
13444
14268
15169
15964
16763
17456
18252
18958
19752
20540
21321
22094
22848
23693
24546
25383
26213
26995
27688
28486
29254
30090
30872
31699
32549
33358
34058
34752
35582
36401
37206
38044
38859
39309
0
TO:V,FS:3,FT:3,PC:48
0
633
1510
2365
3172
4028
4830
5669
6544
7425
8262
9102
9848
10708
11556
12443
13186
14078
14962
15827
16636
17318
18187
18864
19764
20606
21441
22284
23134
23959
24818
25666
26493
27247
28086
28879
29718
30589
31470
32331
33250
33926
34707
35541
36356
37206
38054
38866
39309
0
TO:V,FS:3,FT:4,PC:54
0
536
1303
2044
2779
3552
4289
5054
5837
6597
7374
8075
8814
9494
10260
11013
11798
12550
13257
14066
14920
15682
16422
17109
17722
18404
18973
19734
20438
21206
21957
22681
23469
24238
24987
25740
26493
27167
27918
28673
29398
30180
30906
31657
32413
33178
33780
34478
35219
35967
36743
37488
38243
38936
39309
0
TO:V,FS:3,FT:5,PC:48
0
649
1506
2346
3172
4035
4904
5764
6663
7510
8357
9185
9917
10730
11556
12388
13102
13978
14898
15752
16593
17318
18166
18847
19611
20448
21268
22094
22895
23743
24594
25473
26300
27058
27825
28662
29470
30333
31184
32049
32905
33647
34337
35152
36004
36839
37678
38521
39309
0
TO:V,FS:3,FT:6,PC:56
0
510
1281
2002
2738
3475
4196
4923
5649
6379
7137
7889
8575
9262
10004
10721
11461
12237
12827
13601
14357
15154
15918
16636
17269
17932
18567
19147
19880
20564
21268
21960
22681
23431
24176
24892
25594
26293
26981
27617
28347
29096
29816
30585
31337
32090
32845
33553
34170
34853
35532
36301
37047
37797
38500
39225
39309
0
TO:V,FS:3,FT:7,PC:56
0
510
1266
2002
2738
3475
4188
4912
5649
6357
7121
7848
8534
9217
9913
10638
11376
12155
12739
13509
14268
15059
15827
16548
17195
17846
18474
19042
19779
20446
21148
21860
22527
23256
24004
24724
25430
26118
26844
27459
28199
28879
29635
30375
31122
31848
32595
33349
33962
34606
35312
36036
36750
37457
38181
38892
39309
0
