The Subtle Art of Not Giving a F_ck
LH:285757,BH:31278,MH:319259
TO:V,FS:0,FT:0,PC:23
0
1114
2430
3917
5406
6876
8187
9556
10962
12280
13595
15064
16332
17752
19234
20694
21930
23415
24901
26402
27834
29274
30606
31278
0
TO:V,FS:0,FT:1,PC:23
0
1117
2430
3923
5357
6843
8070
9438
10850
12182
13533
15008
16332
17691
19173
20621
21930
23353
24790
26287
27699
29086
30439
31278
0
TO:V,FS:0,FT:2,PC:27
0
930
2101
3206
4415
5644
6876
7953
9093
10346
11423
12570
13668
14874
16045
17280
18433
19611
20849
21991
23228
24508
25803
27041
28276
29532
30710
31278
0
TO:V,FS:0,FT:3,PC:23
0
1058
2371
3798
5294
6814
8070
9438
10799
12096
13413
14825
16119
17499
18875
20267
21603
23016
24372
25904
27399
28806
30174
31278
0
TO:V,FS:0,FT:4,PC:27
0
868
2087
3250
4560
5790
7042
8161
9375
10567
11729
12890
14048
15346
16421
17691
18963
20189
21328
22570
23765
25017
26287
27569
28759
29973
31080
31278
0
TO:V,FS:0,FT:5,PC:24
0
1047
2318
3735
5097
6532
7850
9037
10429
11657
12951
14223
15577
16771
18123
19590
20901
22180
23478
24883
26287
27699
29086
30364
31278
0
TO:V,FS:1,FT:0,PC:31
0
770
1793
2822
3890
4992
6108
7195
8108
9113
10165
11132
12153
13112
14159
15292
16260
17309
18363
19476
20481
21464
22521
23609
24637
25766
26865
27973
29009
30071
31027
31278
0
TO:V,FS:1,FT:1,PC:31
0
720
1793
2822
3890
4992
6108
7195
8111
9177
10274
11221
12241
13228
14262
15395
16321
17379
18473
19577
20633
21641
22670
23669
24745
25895
26960
28081
29114
30123
31080
31278
0
TO:V,FS:1,FT:2,PC:36
0
598
1446
2352
3206
4117
5066
6031
6978
7876
8694
9556
10429
11229
12075
12890
13736
14634
15557
16370
17280
18211
19095
19978
20849
21744
22656
23576
24501
25444
26374
27334
28259
29136
30011
30870
31278
0
TO:V,FS:1,FT:3,PC:31
0
727
1756
2769
3895
4944
6092
7198
8111
9177
10274
11265
12247
13190
14159
15292
16260
17316
18363
19519
20581
21603
22676
23669
24745
25904
27084
28161
29179
30174
31080
31278
0
TO:V,FS:1,FT:4,PC:35
0
677
1570
2460
3379
4337
5300
6264
7236
8083
9012
9966
10821
11698
12561
13348
14278
15258
16082
17031
17992
18927
19923
20849
21767
22695
23609
24586
25561
26603
27555
28496
29433
30351
31225
31278
0
TO:V,FS:1,FT:5,PC:32
0
720
1743
2758
3790
4886
6008
7086
8004
9016
10032
10947
11914
12877
13843
14968
15910
16940
18022
19048
20072
21090
21985
23038
24048
25112
26210
27334
28329
29326
30284
31189
31278
0
TO:V,FS:2,FT:0,PC:39
0
584
1359
2154
2949
3783
4655
5521
6395
7279
8039
8826
9687
10467
11229
11961
12715
13388
14193
15064
15837
16726
17561
18407
19292
20170
21017
21797
22648
23465
24354
25240
26135
26987
27852
28719
29517
30304
31089
31278
0
TO:V,FS:2,FT:1,PC:39
0
584
1359
2110
2901
3735
4568
5434
6264
7142
7913
8691
9511
10366
11086
11811
12537
13289
14027
14895
15674
16455
17268
18131
18978
19870
20773
21535
22345
23205
23994
24853
25701
26655
27454
28320
29128
29909
30710
31278
0
TO:V,FS:2,FT:2,PC:48
0
442
1165
1777
2414
3085
3781
4488
5185
5880
6615
7330
7953
8639
9287
9992
10573
11162
11753
12382
12968
13551
14229
14922
15617
16207
16875
17543
18169
18830
19519
20212
20888
21545
22239
22920
23572
24214
24924
25606
26315
27015
27718
28401
29080
29781
30385
30980
31278
0
TO:V,FS:2,FT:3,PC:39
0
543
1359
2110
2949
3735
4624
5467
6309
7142
7953
8741
9600
10429
11196
11932
12681
13348
14193
15044
15809
16678
17463
18281
19108
19970
20798
21545
22356
23219
24043
24913
25824
26697
27508
28320
29179
30011
30800
31278
0
TO:V,FS:2,FT:4,PC:46
0
518
1238
1915
2638
3294
4053
4770
5512
6253
7002
7678
8302
8948
9649
10366
10947
11561
12204
12840
13431
14147
14878
15617
16225
16910
17630
18352
19108
19803
20499
21169
21930
22648
23334
24061
24772
25527
26315
27030
27718
28432
29136
29866
30593
31211
31278
0
TO:V,FS:2,FT:5,PC:39
0
578
1408
2154
2938
3783
4655
5521
6348
7214
7953
8741
9556
10358
11033
11765
12499
13245
14018
14895
15710
16537
17379
18233
19100
19915
20798
21557
22388
23228
24126
24997
25904
26766
27645
28496
29306
30089
30902
31278
0
