Rich Text Book
LH:1840,BH:5473,MH:7313
TO:V,FS:0,FT:0,PC:6
0
689
1769
2816
3897
5012
5473
0
TO:V,FS:0,FT:1,PC:6
0
689
1769
2816
3911
5063
5473
0
TO:V,FS:0,FT:2,PC:7
0
601
1454
2265
3082
4064
5012
5473
0
TO:V,FS:0,FT:3,PC:6
0
645
1736
2724
3766
4972
5473
0
TO:V,FS:0,FT:4,PC:7
0
645
1519
2380
3255
4239
5246
5473
0
TO:V,FS:0,FT:5,PC:6
0
645
1635
2557
3450
4628
5473
0
TO:V,FS:1,FT:0,PC:8
0
403
1241
1911
2724
3450
4239
5080
5473
0
TO:V,FS:1,FT:1,PC:8
0
416
1241
1911
2724
3450
4239
5080
5473
0
TO:V,FS:1,FT:2,PC:9
0
290
1027
1617
2265
2901
3500
4136
4962
5473
0
TO:V,FS:1,FT:3,PC:8
0
406
1241
1911
2762
3450
4292
5133
5473
0
TO:V,FS:1,FT:4,PC:9
0
392
1170
1769
2465
3119
3838
4628
5341
5473
0
TO:V,FS:1,FT:5,PC:8
0
413
1235
1911
2724
3352
4136
5012
5473
0
TO:V,FS:2,FT:0,PC:10
0
290
987
1566
2150
2724
3255
3925
4589
5161
5473
0
TO:V,FS:2,FT:1,PC:10
0
290
1001
1566
2167
2762
3345
4021
4707
5252
5473
0
TO:V,FS:2,FT:2,PC:12
0
240
729
1259
1769
2265
2762
3255
3793
4343
4925
5416
5473
0
TO:V,FS:2,FT:3,PC:10
0
290
956
1498
2044
2631
3166
3745
4402
5054
5473
0
TO:V,FS:2,FT:4,PC:11
0
290
869
1438
1911
2488
2966
3450
4064
4707
5197
5473
0
TO:V,FS:2,FT:5,PC:10
0
290
987
1566
2150
2724
3255
3925
4583
5161
5473
0
