TO:V,FS:0,FT:0,PC:51
0
802
2036
3358
4754
5648
6833
8251
9633
11005
12174
13482
14853
16201
17401
18798
20079
21538
22552
23926
25164
26523
27612
28685
29812
30969
31913
33179
34531
35891
37121
38267
39673
41085
42472
43802
45148
46325
47628
49033
50359
51702
53009
54266
55623
57001
58229
59599
60753
61979
63178
63856
0
TO:V,FS:0,FT:1,PC:51
0
747
1977
3301
4694
5599
6833
8251
9633
11005
12180
13482
14913
16270
17463
18864
20193
21606
22750
24167
25455
26874
27977
29001
30389
31317
32272
33522
34897
36117
37441
38687
40107
41549
42944
44307
45647
46815
48132
49528
50847
52211
53418
54807
56170
57587
58749
60142
61290
62514
63749
63856
0
TO:V,FS:0,FT:2,PC:53
0
747
1919
3179
4520
5362
6545
7845
9107
10464
11586
12851
14106
15440
16751
17917
19194
20495
21608
22870
24221
25398
26777
27869
28884
30169
31317
32265
33463
34818
36099
37302
38441
39791
41115
42472
43802
45148
46266
47549
48867
50148
51422
52711
53822
55127
56430
57823
58922
60188
61290
62462
63637
63856
0
TO:V,FS:1,FT:0,PC:66
0
550
1617
2537
3536
4561
5245
6150
7184
8229
9246
10324
11293
12339
13358
14344
15445
16456
17358
18423
19430
20537
21606
22514
23565
24609
25558
26574
27610
28510
29284
30272
31181
31859
32846
33818
34834
35891
36849
37728
38736
39835
40871
41950
42966
43975
45070
46082
47060
48023
49020
50062
51087
52150
53149
54073
55101
56152
57216
58211
59111
60167
60961
61863
62764
63658
63856
0
TO:V,FS:1,FT:1,PC:66
0
550
1621
2537
3586
4634
5245
6150
7184
8229
9253
10324
11293
12347
13358
14403
15445
16456
17370
18431
19430
20537
21606
22462
23528
24561
25512
26523
27610
28466
29233
30245
31079
31712
32710
33666
34708
35739
36701
37664
38583
39684
40719
41808
42863
43925
45014
46054
46963
47918
48917
49963
51030
52056
53054
53969
55009
56058
57148
58211
59111
60188
61026
61970
62882
63781
63856
0
TO:V,FS:1,FT:2,PC:69
0
504
1522
2391
3335
4325
5108
5813
6814
7783
8771
9762
10823
11647
12629
13581
14543
15536
16500
17358
18376
19369
20380
21411
22209
23230
24203
25045
26038
27017
27840
28685
29488
30475
31317
31998
32941
33867
34834
35831
36701
37664
38538
39587
40614
41623
42608
43593
44615
45627
46470
47479
48351
49351
50336
51334
52359
53280
54175
55153
56152
57200
58211
59059
60091
60881
61770
62638
63474
63856
0
TO:V,FS:2,FT:0,PC:86
0
437
1235
1867
2635
3402
4151
4924
5459
6150
6906
7712
8522
9269
10041
10812
11459
12251
13003
13822
14595
15406
16138
16845
17648
18447
19227
19986
20794
21579
22209
22981
23803
24609
25329
26106
26903
27610
28341
28987
29784
30586
31291
31832
32551
33263
34018
34790
35575
36241
37013
37680
38441
39264
40096
40899
41739
42501
43329
44098
44856
45607
46316
47089
47838
48595
49393
50174
50989
51767
52588
53298
54092
54878
55664
56472
57314
58085
58714
59507
60210
60881
61532
62241
62882
63541
63856
0
TO:V,FS:2,FT:1,PC:86
0
437
1235
1867
2635
3411
4151
4924
5413
6104
6870
7668
8480
9281
10069
10812
11459
12251
13003
13822
14612
15412
16150
16845
17648
18447
19227
19986
20794
21579
22209
22981
23803
24609
25329
26106
26903
27610
28293
28898
29696
30499
31155
31658
32415
33166
33959
34708
35484
36159
36957
37680
38441
39264
40096
40899
41698
42501
43336
44098
44856
45607
46316
47089
47848
48631
49438
50265
51076
51855
52675
53339
54130
54922
55750
56563
57412
58202
58843
59636
60284
60948
61612
62316
62978
63672
63856
0
TO:V,FS:2,FT:2,PC:86
0
391
1210
1867
2650
3411
4174
4969
5413
6104
6870
7668
8480
9237
10006
10773
11419
12215
12960
13778
14566
15362
16111
16800
17604
18400
19185
19963
20794
21579
22171
22966
23758
24570
25266
26046
26812
27610
28293
28898
29673
30452
31111
31614
32371
33120
33867
34622
35410
36117
36864
37664
38356
39173
40005
40811
41647
42414
43224
44005
44764
45528
46228
47029
47749
48501
49317
50131
50942
51720
52542
53280
54000
54795
55574
56362
57184
58009
58632
59462
60188
60811
61460
62171
62822
63467
63856
0
TO:H,FS:0,FT:0,PC:51
0
606
1867
3260
4621
5319
6467
7901
9177
10550
11668
13150
14492
15912
17092
18530
19876
21341
22209
23663
24847
26252
27610
28685
29696
30749
31569
32846
34115
35442
36607
37751
39086
40594
42044
43489
44919
46097
47443
48711
50062
51461
52832
53940
55314
56735
58148
59218
60349
61640
62916
63856
0
TO:H,FS:0,FT:1,PC:53
0
606
1849
3107
4396
5245
6386
7747
9007
10317
11443
12851
14118
15536
16782
18073
19375
20691
21726
23061
24415
25622
26891
27916
28918
30272
31317
32152
33280
34557
35968
37086
38093
39435
40792
42197
43563
44919
46097
47443
48631
49911
51238
52692
53777
55009
56362
57735
58749
60123
61166
62446
63632
63856
0
TO:H,FS:0,FT:2,PC:54
0
600
1849
3107
4396
5209
6168
7444
8771
10108
11293
12640
13908
15303
16609
17768
19080
20380
21606
22576
23909
25083
26408
27610
28615
29488
30623
31367
32450
33522
34834
36099
37280
38312
39665
41098
42491
43831
45171
46316
47562
48785
50062
51389
52692
53777
55009
56362
57735
58739
60043
61096
62378
63541
63856
0
TO:H,FS:1,FT:0,PC:68
0
455
1564
2426
3382
4418
5108
5795
6747
7763
8814
9854
10912
11657
12740
13692
14760
15790
16782
17745
18812
19828
20866
21608
22586
23630
24641
25549
26523
27572
28297
29023
30020
30808
31552
32457
33409
34477
35442
36308
37312
38059
39086
40114
41190
42222
43224
44247
45291
46159
47206
48132
49111
50163
51154
52216
53205
53991
55009
56058
57134
58157
58951
59984
60792
61689
62579
63502
63856
0
TO:H,FS:1,FT:1,PC:67
0
455
1564
2426
3382
4418
5108
5813
6833
7907
8945
9992
11031
11786
12851
13814
14853
15912
16800
17876
18932
19959
21031
21726
22796
23758
24701
25817
26812
27612
28615
29288
30335
31133
31694
32721
33715
34803
35770
36627
37640
38483
39497
40584
41644
42608
43631
44667
45708
46601
47603
48618
49608
50668
51726
52803
53693
54683
55706
56753
57857
58586
59608
60506
61408
62367
63278
63856
0
TO:H,FS:1,FT:2,PC:72
0
455
1499
2293
3179
4174
5036
5692
6440
7401
8362
9338
10364
11227
12047
12989
13941
14913
15912
16800
17812
18812
19768
20740
21606
22335
23313
24265
25092
26062
27002
27689
28615
29222
30221
30937
31552
32411
33280
34272
35232
36099
36952
37742
38736
39691
40710
41659
42664
43631
44599
45587
46418
47348
48300
49245
50174
51154
52180
53149
53864
54810
55836
56810
57857
58575
59487
60322
61133
62027
62908
63791
63856
0
TO:H,FS:2,FT:0,PC:86
0
344
1178
1867
2664
3477
4280
4993
5472
6088
6833
7668
8460
9269
10056
10893
11514
12325
13098
13908
14715
15494
16258
16916
17723
18497
19307
20079
20902
21606
22209
23035
23866
24660
25333
26119
26984
27610
28224
28768
29570
30389
30960
31494
32152
32899
33581
34371
35160
36002
36648
37441
38059
38882
39673
40527
41335
42158
42930
43687
44462
45275
46067
46690
47457
48187
49027
49830
50649
51417
52255
53009
53699
54474
55233
56012
56823
57642
58252
59034
59790
60450
61179
61905
62614
63316
63856
0
TO:H,FS:2,FT:1,PC:85
0
368
1178
1867
2664
3477
4280
5036
5581
6195
6948
7783
8580
9338
10165
11005
11593
12443
13215
14031
14836
15616
16379
17032
17859
18664
19439
20253
21069
21697
22428
23269
24085
24756
25622
26401
27239
27799
28615
29145
29921
30623
31298
31681
32457
33211
33976
34809
35611
36278
37103
37734
38551
39369
40170
41000
41828
42644
43454
44184
44998
45806
46430
47203
47973
48810
49635
50407
51201
52040
52826
53468
54254
55009
55856
56656
57508
58211
58865
59651
60311
61026
61763
62462
63178
63856
0
TO:H,FS:2,FT:2,PC:86
0
249
1073
1849
2570
3358
4147
4909
5245
5867
6711
7501
8298
9107
9880
10674
11293
12094
12905
13692
14492
15263
16027
16782
17506
18285
19096
19853
20673
21470
21992
22811
23651
24438
25108
25916
26759
27563
28114
28687
29452
30263
30793
31423
32049
32846
33522
34311
35106
35948
36596
37386
38003
38836
39606
40464
41287
42102
42870
43631
44408
45205
46015
46634
47403
48187
49033
49830
50649
51417
52255
53009
53699
54474
55239
56058
56879
57701
58305
59059
59847
60450
61179
61920
62617
63316
63856
0
