TO:V,FS:0,FT:0,PC:44
0
828
2100
3474
4770
6070
7474
8730
10081
11172
12516
13904
15300
16488
17886
18933
20359
21718
23134
24447
25817
27092
28506
29684
31100
32442
33825
35195
36408
37769
39101
40347
41696
43124
44500
45889
47298
48511
49888
51198
52539
53928
55186
56461
56904
0
TO:V,FS:0,FT:1,PC:44
0
767
2042
3474
4770
6070
7474
8743
10138
11228
12580
13904
15300
16488
17886
18933
20370
21778
23253
24575
25912
27207
28533
29908
31318
32742
34028
35445
36748
38129
39426
40661
42083
43517
44951
46354
47753
48936
50333
51644
53026
54275
55706
56895
56904
0
TO:V,FS:0,FT:2,PC:46
0
764
1982
3291
4590
5821
7093
8256
9540
10866
11958
13242
14528
15688
17007
18294
19379
20718
22061
23428
24689
25970
27207
28515
29740
31100
32380
33707
35004
36145
37462
38733
40022
41175
42545
43891
45194
46542
47924
49045
50392
51644
52966
54275
55588
56744
56904
0
TO:V,FS:1,FT:0,PC:57
0
593
1632
2638
3659
4709
5726
6765
7800
8737
9762
10795
11677
12689
13701
14732
15670
16685
17688
18746
19577
20611
21660
22726
23655
24760
25772
26791
27833
28725
29740
30800
31844
32893
33929
34942
35817
36882
37867
38902
39902
40815
41859
42895
43943
44985
46090
47169
48215
49113
50217
51189
52229
53303
54275
55284
56252
56904
0
TO:V,FS:1,FT:1,PC:57
0
593
1632
2648
3659
4709
5738
6817
7838
8836
9905
10943
11772
12787
13817
14886
15743
16814
17891
18780
19654
20718
21762
22836
23742
24832
25855
26901
27990
28913
29939
31014
32089
33200
34162
35237
36099
37116
38174
39158
40182
41082
42131
43192
44249
45284
46390
47469
48403
49465
50571
51500
52558
53634
54573
55635
56533
56904
0
TO:V,FS:1,FT:2,PC:60
0
538
1526
2499
3481
4460
5399
6419
7417
8299
9301
10264
11122
11967
12911
13848
14886
15688
16685
17635
18648
19458
20470
21478
22472
23464
24358
25338
26308
27347
28364
29233
30221
31250
32245
33263
34213
35237
36054
37043
38020
38959
39954
40802
41810
42801
43820
44826
45835
46819
47850
48689
49716
50727
51654
52666
53663
54573
55547
56422
56904
0
TO:V,FS:2,FT:0,PC:75
0
450
1200
1991
2757
3541
4310
5046
5863
6627
7371
8065
8886
9679
10472
11172
11980
12756
13514
14309
15122
15777
16535
17339
18126
18782
19543
20339
21099
21872
22678
23444
24186
25001
25764
26554
27347
28146
28812
29581
30375
31185
31953
32768
33576
34355
35183
35857
36664
37462
38240
38998
39776
40406
41217
42039
42861
43660
44419
45177
46015
46769
47556
48335
49015
49808
50613
51265
52017
52835
53677
54362
55124
55899
56533
56904
0
TO:V,FS:2,FT:1,PC:74
0
450
1237
2030
2834
3599
4393
5137
5923
6705
7503
8197
9014
9804
10607
11258
12070
12900
13697
14493
15268
15945
16715
17508
18304
18963
19731
20555
21358
22131
22948
23652
24513
25265
26067
26849
27675
28439
29136
29950
30775
31551
32369
33220
33968
34793
35463
36286
37085
37905
38673
39447
40243
40919
41735
42545
43358
44148
44918
45718
46511
47298
48112
48782
49563
50348
51047
51849
52657
53507
54257
55017
55809
56481
56904
0
TO:V,FS:2,FT:2,PC:75
0
406
1200
1991
2768
3545
4310
5046
5863
6627
7410
8108
8902
9661
10430
11122
11811
12627
13381
14178
14984
15688
16488
17297
18085
18780
19420
20256
21015
21785
22594
23412
24109
24915
25680
26466
27259
28067
28749
29547
30333
31141
31916
32719
33533
34303
35116
35764
36537
37328
38168
38883
39650
40347
41090
41895
42686
43483
44286
45045
45889
46633
47427
48205
48900
49680
50482
51138
51888
52701
53553
54275
55039
55805
56481
56904
0
TO:H,FS:0,FT:0,PC:44
0
593
1965
3392
4709
6070
7444
8637
9959
11122
12249
13679
15117
16271
17679
18780
19899
21287
22678
23897
25381
26771
28160
29356
30766
32144
33533
34922
36140
37473
38803
40179
41356
42749
44137
45580
47033
48385
49712
50926
52206
53596
54777
56179
56904
0
TO:H,FS:0,FT:1,PC:46
0
593
1889
3231
4536
5836
7106
8227
9504
10866
11900
13251
14629
15688
17093
18399
19458
20814
22140
23522
24832
26150
27503
28607
29896
31250
32608
33947
35252
36394
37704
38916
40256
41366
42675
43987
45430
46805
48168
49343
50628
51731
53041
54257
55487
56602
56904
0
TO:H,FS:0,FT:2,PC:46
0
524
1810
3209
4471
5760
7015
8151
9431
10720
11677
13063
14405
15670
16912
18244
19246
20575
21916
23355
24533
25855
27190
28515
29732
31059
32363
33672
35006
36126
37406
38653
39982
41052
42368
43738
45129
46502
47865
49045
50356
51438
52769
54060
55186
56321
56904
0
TO:H,FS:1,FT:0,PC:59
0
404
1438
2452
3557
4536
5528
6459
7485
8319
9351
10342
11172
12230
13251
14243
15245
16042
17083
18139
18873
19933
20964
21991
23102
23962
25027
25980
26971
28016
28842
29864
30907
31870
32922
33920
34911
35712
36748
37741
38695
39709
40552
41584
42662
43740
44770
45843
46866
47892
48718
49765
50778
51740
52769
53817
54699
55720
56592
56904
0
TO:H,FS:1,FT:1,PC:58
0
406
1438
2452
3557
4601
5592
6528
7561
8389
9414
10406
11172
12249
13316
14309
15379
16173
17245
18265
19071
20132
21155
22191
23294
24147
25158
26231
27169
28223
29104
30068
31167
32210
33263
34223
35318
36154
37116
38174
39174
40219
41155
42214
43287
44372
45383
46425
47505
48403
49465
50545
51427
52444
53504
54402
55457
56311
56904
0
TO:H,FS:1,FT:2,PC:62
0
342
1320
2259
3297
4280
5240
6133
7065
7856
8847
9732
10703
11440
12377
13381
14309
15250
16012
16949
17952
18780
19566
20555
21505
22501
23436
24284
25215
26231
27106
28132
28905
29864
30845
31802
32768
33734
34653
35463
36437
37362
38265
39195
40154
40961
41967
42991
43969
44963
45954
46932
47959
48718
49716
50628
51491
52444
53507
54338
55322
56230
56904
0
TO:H,FS:2,FT:0,PC:75
0
322
1123
1867
2648
3459
4240
4969
5755
6514
7308
7907
8722
9487
10302
11122
11734
12516
13302
14056
14895
15631
16277
17104
17886
18688
19259
20061
20839
21660
22484
23355
23987
24832
25632
26421
27207
28016
28643
29474
30229
31059
31823
32668
33489
34235
35067
35683
36464
37278
38103
38839
39637
40347
41052
41847
42654
43454
44289
45110
45889
46652
47461
48272
48932
49758
50490
51193
51978
52818
53658
54334
55133
55933
56533
56904
0
TO:H,FS:2,FT:1,PC:74
0
267
1070
1810
2648
3459
4248
5029
5812
6627
7371
8021
8836
9595
10410
11122
11785
12576
13358
14178
15014
15688
16488
17358
18126
18780
19420
20231
21001
21837
22658
23485
24147
25001
25814
26592
27373
28160
28806
29634
30458
31269
32046
32906
33707
34455
35252
35897
36686
37512
38317
39083
39902
40520
41348
42189
42978
43792
44602
45414
46234
47066
47903
48565
49375
50157
50926
51644
52482
53313
54166
54795
55588
56252
56904
0
TO:H,FS:2,FT:2,PC:75
0
267
1070
1810
2591
3408
4184
4939
5698
6459
7251
7856
8667
9431
10246
11099
11668
12406
13236
13950
14796
15540
16154
16982
17765
18574
19152
19946
20759
21561
22373
23248
23849
24730
25525
26308
27092
27897
28533
29364
30120
30974
31711
32553
33374
34131
34952
35574
36355
37172
37999
38782
39581
40347
41052
41839
42593
43392
44176
44997
45831
46597
47405
48215
48877
49712
50549
51253
52033
52867
53705
54385
55186
55989
56533
56904
0
