TO:V,FS:0,FT:0,PC:41
0
818
2249
3458
4812
6015
7271
8608
9882
11158
12439
13888
15236
16518
17589
18721
20165
21624
22919
24117
25257
26656
28000
29241
30684
32049
33413
34852
36335
37472
38810
40184
41425
42824
44164
45553
46811
48189
49588
50948
52261
52624
0
TO:V,FS:0,FT:1,PC:41
0
818
2258
3524
4905
6125
7391
8781
10057
11238
12626
14058
15391
16754
17876
19076
20515
21956
23164
24214
25425
26832
28169
29426
30812
32229
33583
35036
36487
37665
39042
40413
41654
43009
44344
45759
47080
48475
49823
51175
52328
52624
0
TO:V,FS:0,FT:2,PC:42
0
760
2142
3403
4704
5837
7085
8368
9640
10945
12056
13417
14752
16014
17396
18366
19606
20990
22299
23406
24502
25855
27209
28578
29767
31041
32388
33696
35097
36487
37602
38924
40240
41425
42765
44053
45382
46627
47954
49281
50614
51857
52624
0
TO:V,FS:1,FT:0,PC:53
0
576
1641
2664
3629
4657
5609
6651
7668
8657
9635
10701
11624
12667
13722
14786
15783
16836
17698
18549
19586
20636
21657
22664
23585
24459
25550
26596
27635
28712
29653
30687
31698
32720
33815
34973
36017
36904
37907
38953
39966
40863
41929
42975
44047
45130
46037
47114
48094
49109
50138
51148
52029
52624
0
TO:V,FS:1,FT:1,PC:53
0
576
1641
2716
3679
4714
5609
6651
7668
8671
9688
10759
11679
12769
13812
14896
15915
16987
17795
18600
19686
20734
21759
22770
23686
24522
25614
26698
27757
28762
29754
30805
31845
32889
33969
35119
36164
37055
38060
39109
40115
41014
42087
43114
44199
45276
46249
47274
48293
49299
50388
51428
52306
52624
0
TO:V,FS:1,FT:2,PC:56
0
524
1534
2511
3451
4411
5441
6264
7265
8184
9131
10119
11122
12017
13062
14050
15060
15946
16987
17795
18549
19528
20562
21533
22486
23373
24214
25104
26117
27127
28133
29053
30039
31005
32003
32981
34021
35114
36068
36904
37869
38858
39820
40743
41667
42641
43657
44685
45676
46565
47550
48498
49519
50488
51475
52306
52624
0
TO:V,FS:2,FT:0,PC:69
0
459
1259
2054
2829
3571
4307
5101
5723
6481
7261
7978
8778
9575
10361
11158
11869
12650
13420
14233
15035
15812
16585
17380
18003
18680
19488
20267
21059
21837
22616
23306
24082
24786
25569
26385
27196
27981
28762
29512
30317
31076
31913
32700
33515
34332
35166
35949
36738
37418
38254
39015
39805
40587
41284
42108
42866
43642
44391
45228
45902
46720
47488
48242
48997
49792
50600
51334
52071
52624
0
TO:V,FS:2,FT:1,PC:69
0
472
1259
2054
2829
3571
4355
5189
5808
6577
7349
8062
8870
9625
10454
11174
11959
12714
13516
14317
15118
15923
16722
17515
18088
18758
19574
20357
21137
21923
22705
23391
24186
24830
25611
26430
27233
28015
28762
29512
30317
31076
31913
32700
33515
34332
35166
35949
36738
37418
38242
39015
39805
40598
41284
42108
42866
43642
44391
45228
45902
46720
47488
48242
49026
49844
50640
51421
52163
52624
0
TO:V,FS:2,FT:2,PC:69
0
426
1217
1970
2763
3524
4262
5101
5723
6488
7261
7978
8785
9582
10361
11158
11869
12650
13429
14233
15048
15812
16585
17380
17967
18632
19429
20228
21018
21796
22595
23261
24049
24686
25496
26296
27099
27889
28712
29381
30185
30971
31781
32565
33386
34173
35036
35852
36659
37294
38118
38893
39671
40459
41150
41978
42765
43512
44289
45099
45777
46585
47363
48102
48890
49703
50517
51249
51993
52624
0
TO:H,FS:0,FT:0,PC:41
0
674
2097
3403
4769
5970
7291
8632
9872
11174
12646
14099
15495
16893
17923
18912
20364
21733
23093
24214
25370
26823
28253
29504
30911
32244
33672
35198
36598
37763
39141
40483
41658
43087
44421
45777
47260
48572
49968
51373
52328
52624
0
TO:H,FS:0,FT:1,PC:42
0
674
2028
3292
4551
5758
7162
8409
9659
11051
12196
13571
14969
16252
17587
18517
19628
21006
22299
23395
24421
25786
27189
28562
29725
31064
32318
33672
35119
36514
37543
38887
40190
41353
42662
43997
45339
46509
47778
49137
50535
51798
52624
0
TO:H,FS:0,FT:2,PC:43
0
674
2022
3292
4551
5686
6980
8233
9406
10707
11824
13193
14596
15939
17216
18034
19029
20445
21733
23020
24176
25131
26504
27832
29020
30317
31670
32941
34354
35807
36861
38227
39466
40743
41929
43272
44567
45777
47189
48423
49827
51168
52306
52624
0
TO:H,FS:1,FT:0,PC:55
0
413
1417
2458
3469
4442
5461
6280
7277
8255
9216
10244
11174
12212
13250
14271
15273
16345
17380
18030
18861
19877
20932
21981
22997
23876
24671
25698
26736
27757
28762
29787
30761
31825
32856
33908
35054
36064
36861
37830
38878
39800
40743
41694
42712
43722
44726
45759
46771
47751
48805
49839
50884
51862
52616
52624
0
TO:H,FS:1,FT:1,PC:54
0
417
1417
2458
3469
4442
5476
6280
7277
8255
9216
10308
11174
12212
13250
14277
15273
16345
17380
18030
18861
19877
20932
21981
23066
23945
24807
25890
26969
28015
28925
30024
31013
32157
33175
34267
35341
36344
37181
38160
39141
40115
40948
41994
42998
43997
45061
45978
47080
48066
49123
50223
51263
52159
52624
0
TO:H,FS:1,FT:2,PC:58
0
417
1350
2327
3278
4172
5162
5926
6859
7801
8778
9650
10701
11495
12460
13512
14460
15401
16411
17451
17967
18731
19719
20697
21657
22616
23429
24214
24990
25953
26969
27889
28762
29719
30675
31691
32580
33587
34651
35663
36592
37331
38287
39141
40059
40887
41892
42844
43785
44726
45707
46579
47500
48485
49519
50450
51443
52293
52624
0
TO:H,FS:2,FT:0,PC:69
0
319
1143
1970
2734
3458
4162
4956
5609
6417
7202
7938
8761
9525
10296
11079
11732
12548
13345
14146
14977
15764
16518
17333
17864
18531
19232
20033
20866
21643
22414
23164
23865
24440
25289
26108
26943
27744
28553
29235
30072
30812
31624
32388
33122
33927
34785
35607
36424
37055
37822
38664
39445
40231
40931
41763
42592
43383
44164
44953
45759
46509
47330
48139
48904
49703
50502
51277
51993
52624
0
TO:H,FS:2,FT:1,PC:69
0
319
1143
1970
2734
3458
4172
5021
5662
6471
7215
7993
8817
9582
10358
11158
11884
12717
13571
14356
15174
15946
16747
17559
18018
18721
19518
20337
21092
21880
22674
23292
24117
24720
25569
26395
27209
28000
28762
29516
30331
31133
31925
32633
33453
34258
35119
35928
36738
37418
38239
39042
39835
40632
41335
42153
42979
43774
44509
45348
46016
46842
47675
48475
49281
50095
50877
51648
52328
52624
0
TO:H,FS:2,FT:2,PC:69
0
273
1085
1912
2678
3403
4117
4947
5609
6417
7144
7882
8713
9465
10211
11024
11679
12490
13345
14146
14960
15764
16501
17333
17864
18549
19341
20154
20932
21717
22525
23181
23996
24599
25455
26271
27076
27853
28675
29351
30153
30981
31757
32503
33292
34106
34951
35775
36583
37204
38000
38810
39620
40459
41164
41987
42814
43597
44344
45189
45836
46673
47500
48317
49117
49919
50726
51487
52261
52624
0
