TO:V,FS:0,FT:0,PC:47
0
708
2126
3481
4795
5966
7394
8723
10081
11337
12742
14158
15203
16598
17775
19076
20455
21831
23211
24607
25978
27340
28645
29929
31305
32608
33890
35264
36676
38118
39558
40976
42071
43271
44683
46076
47290
48445
49176
50456
51781
53118
54288
55693
57126
58164
59389
59703
0
TO:V,FS:0,FT:1,PC:46
0
708
2126
3532
4851
6008
7487
8896
10251
11509
12894
14300
15386
16768
17935
19304
20724
22132
23545
24943
26322
27695
28949
30343
31666
33004
34271
35665
37089
38517
39936
41181
42213
43611
45018
46407
47587
48585
49448
50690
51998
53357
54572
55975
57331
58479
59703
0
TO:V,FS:0,FT:2,PC:48
0
708
2067
3431
4677
5831
7192
8557
9910
11150
12462
13803
14854
16218
17430
18655
19945
21293
22631
23916
25249
26563
27765
28965
30343
31603
32886
34119
35434
36777
38177
39504
40864
41963
43105
44464
45839
47011
48147
48950
50169
51258
52518
53710
55020
56373
57503
58650
59703
0
TO:V,FS:1,FT:0,PC:61
0
537
1598
2625
3687
4725
5646
6709
7754
8763
9838
10885
11920
12978
14065
14902
15949
16944
17801
18763
19712
20792
21856
22950
23962
25036
26117
27123
28115
29013
30098
31147
32169
33175
34093
35108
36152
37236
38370
39449
40495
41362
42259
43330
44379
45426
46438
47423
48294
48906
49813
50755
51742
52765
53689
54714
55743
56811
57683
58579
59503
59703
0
TO:V,FS:1,FT:1,PC:61
0
537
1604
2625
3707
4725
5646
6725
7791
8811
9887
10935
12016
13081
14173
14951
16002
17046
17898
18917
19921
20978
22070
23147
24162
25232
26322
27312
28304
29192
30286
31294
32336
33397
34322
35375
36477
37531
38673
39751
40802
41616
42519
43580
44636
45677
46554
47627
48454
48981
49912
50853
51883
52922
53846
54843
55901
56938
57812
58706
59632
59703
0
TO:V,FS:1,FT:2,PC:64
0
484
1530
2501
3507
4492
5339
6304
7344
8297
9308
10319
11282
12309
13310
14330
15145
16129
17066
17898
18812
19712
20734
21767
22794
23787
24748
25774
26787
27765
28778
29665
30656
31630
32608
33577
34511
35479
36487
37531
38563
39549
40548
41362
42213
43187
44195
45208
46164
47046
48057
48690
49324
50310
51185
52129
53100
53993
54945
55952
56938
57725
58579
59463
59703
0
TO:V,FS:2,FT:0,PC:80
0
422
1194
1973
2704
3517
4297
5056
5754
6592
7388
8144
8915
9700
10492
11261
12046
12777
13579
14404
15054
15835
16598
17412
18126
18891
19659
20414
21217
22016
22783
23590
24367
25136
25921
26723
27511
28253
28965
29795
30608
31425
32213
32954
33639
34447
35224
36003
36794
37623
38429
39209
39999
40802
41484
42213
43020
43782
44569
45332
46119
46723
47534
48222
48769
49284
50073
50748
51508
52295
53043
53718
54480
55257
56063
56830
57503
58164
58844
59518
59703
0
TO:V,FS:2,FT:1,PC:79
0
422
1194
1979
2745
3564
4385
5141
5840
6681
7472
8231
9002
9779
10550
11325
12143
12952
13749
14555
15186
15957
16768
17430
18186
18989
19759
20558
21395
22198
22960
23762
24567
25346
26136
26928
27720
28496
29131
29969
30794
31571
32373
33129
33824
34633
35462
36298
37104
37915
38735
39558
40352
41181
41883
42562
43355
44160
44970
45760
46438
47161
47971
48540
48950
49647
50438
51159
51966
52726
53488
54162
54931
55736
56501
57286
57879
58564
59256
59703
0
TO:V,FS:2,FT:2,PC:80
0
382
1152
1940
2704
3517
4328
5056
5754
6592
7388
8144
8915
9709
10488
11261
12046
12820
13620
14448
15054
15835
16598
17375
18027
18755
19516
20291
21128
21921
22729
23503
24285
25069
25861
26633
27393
28150
28917
29603
30400
31216
31996
32778
33552
34242
35011
35803
36619
37424
38261
39069
39824
40665
41347
42152
42848
43656
44442
45233
45992
46593
47412
48097
48652
49064
49813
50494
51243
52056
52807
53527
54236
55017
55828
56582
57331
57952
58613
59298
59703
0
TO:H,FS:0,FT:0,PC:47
0
558
1990
3411
4820
5966
7476
8814
10258
11580
13002
14407
15474
16954
18051
19304
20707
22153
23569
25013
26395
27710
28949
30273
31641
32981
34191
35596
37098
38517
39900
41181
42196
43549
45018
46422
47606
48540
49143
50456
51874
53178
54300
55693
57114
58108
59397
59703
0
TO:H,FS:0,FT:1,PC:49
0
558
1920
3255
4615
5712
7090
8407
9736
11028
12368
13706
14797
16221
17412
18526
19865
21205
22592
23940
25287
26591
27765
28965
30358
31641
32981
34119
35452
36872
38218
39597
41073
42042
43179
44620
46004
47133
48147
48887
49912
51075
52347
53527
54758
56050
57331
58438
59671
59703
0
TO:H,FS:0,FT:2,PC:49
0
484
1845
3233
4532
5689
7009
8321
9686
10949
12274
13633
14747
15708
17066
18126
19383
20707
22084
23423
24797
26145
27352
28586
29743
31068
32357
33577
34833
36215
37597
38965
40283
41262
42362
43762
45169
46438
47673
48540
49064
50438
51657
52897
53966
55286
56604
57661
58913
59703
0
TO:H,FS:1,FT:0,PC:63
0
382
1451
2517
3568
4532
5302
6335
7425
8425
9493
10449
11465
12516
13550
14623
15445
16429
17412
18313
19304
20304
21334
22359
23342
24376
25385
26395
27352
28287
29156
30211
31230
32232
33219
34093
35142
36215
37261
38346
39405
40446
41262
42196
43166
44195
45275
46346
47161
48097
48690
49269
50285
51108
52129
53144
53941
54970
55975
56948
57709
58643
59557
59703
0
TO:H,FS:1,FT:1,PC:62
0
382
1451
2517
3568
4532
5304
6335
7429
8425
9493
10512
11530
12584
13611
14682
15474
16495
17430
18382
19426
20438
21471
22543
23522
24571
25588
26583
27540
28496
29324
30400
31374
32412
33411
34271
35321
36418
37456
38538
39597
40640
41397
42213
43297
44362
45456
46438
47354
48147
48799
49531
50456
51467
52489
53488
54360
55414
56373
57331
58150
59093
59703
0
TO:H,FS:1,FT:2,PC:66
0
365
1322
2310
3316
4277
5092
5903
6909
7896
8852
9802
10723
11727
12689
13605
14623
15382
16327
17306
18105
19021
19979
20887
21908
22811
23773
24713
25707
26591
27540
28417
29192
30214
31170
32100
33026
33850
34821
35824
36817
37822
38869
39824
40840
41517
42276
43297
44291
45263
46286
47031
48052
48621
49064
50087
50917
51883
52840
53610
54603
55615
56501
57353
58190
59076
59703
0
TO:H,FS:2,FT:0,PC:80
0
281
1097
1881
2680
3481
4277
5018
5638
6414
7227
7973
8723
9532
10319
11083
11904
12737
13550
14355
14914
15708
16546
17295
17929
18711
19531
20330
21107
21942
22744
23531
24354
25136
25921
26695
27405
28134
28949
29661
30492
31228
31959
32770
33577
34330
35155
35974
36773
37585
38441
39270
40101
40967
41543
42213
43052
43885
44739
45551
46346
46989
47817
48362
48851
49390
50209
50853
51619
52407
53169
53801
54603
55393
56195
56943
57554
58255
58990
59681
59703
0
TO:H,FS:2,FT:1,PC:79
0
233
1038
1829
2625
3424
4218
5018
5638
6414
7250
8021
8779
9585
10374
11137
11957
12777
13605
14417
14969
15765
16598
17352
17987
18768
19594
20391
21158
21997
22794
23595
24426
25249
26090
26864
27569
28304
28965
29754
30608
31353
32129
32940
33652
34494
35321
36169
36999
37806
38673
39499
40336
41181
41827
42441
43271
44113
44970
45771
46456
47274
48097
48621
49030
49767
50456
51204
51994
52794
53527
54236
55066
55923
56768
57407
58108
58838
59524
59703
0
TO:H,FS:2,FT:2,PC:80
0
233
1038
1829
2625
3424
4213
4940
5524
6302
7115
7860
8655
9455
10227
10969
11788
12618
13442
14240
14797
15588
16380
17177
17768
18543
19304
20107
20933
21718
22513
23322
24138
24933
25743
26507
27222
27939
28753
29360
30205
30991
31712
32510
33344
34050
34873
35717
36546
37358
38218
39053
39883
40742
41323
42107
42772
43611
44453
45275
46060
46647
47501
48147
48728
49235
50043
50730
51484
52243
53068
53707
54503
55338
56202
57001
57529
58208
58941
59632
59703
0
