TO:V,FS:0,FT:0,PC:44
0
867
2272
3640
5094
6298
7741
9151
10236
11437
12832
14204
15640
16873
18272
19736
21148
22251
23672
24890
26191
27497
28715
30088
31503
32936
34393
35723
37018
38057
39483
40727
42178
43311
44647
46007
47328
48669
50021
51356
52778
54200
55423
56609
56959
0
TO:V,FS:0,FT:1,PC:44
0
867
2272
3640
5102
6298
7721
9088
10183
11437
12832
14204
15643
16882
18336
19796
21209
22314
23789
25023
26331
27572
28888
30256
31677
33107
34564
35741
37097
38174
39605
40850
42294
43433
44794
46176
47488
48914
50164
51548
53017
54435
55622
56815
56959
0
TO:V,FS:0,FT:2,PC:45
0
808
2210
3568
4904
6107
7442
8791
9870
11227
12387
13722
15084
16265
17612
18938
20278
21393
22774
23959
25240
26511
27688
28950
30256
31618
32988
34393
35705
36840
37940
39312
40527
41871
42960
44288
45559
46828
48182
49487
50727
52090
53482
54805
55923
56959
0
TO:V,FS:1,FT:0,PC:58
0
647
1724
2778
3779
4861
5804
6863
7922
8995
9865
10809
11730
12773
13843
14871
15928
16833
17899
19013
20041
21102
21963
23036
23948
25002
25939
26943
27790
28803
29852
30887
31896
32970
34032
35052
35982
37029
37940
38998
40027
40927
41969
42806
43883
44856
45893
46918
47945
48963
50021
51016
52046
53115
54196
55202
55993
56848
56959
0
TO:V,FS:1,FT:1,PC:57
0
658
1724
2778
3779
4873
5808
6879
7971
9046
9865
10909
11796
12866
13939
14969
16027
16927
18008
19112
20141
21204
22007
23089
23994
25053
26009
27007
27892
28895
29918
30999
32093
33168
34232
35224
36192
37233
38035
39099
40178
41036
42106
42945
44044
45059
46099
47126
48146
49203
50144
51224
52298
53373
54435
55346
56166
56959
0
TO:V,FS:1,FT:2,PC:60
0
548
1572
2583
3568
4562
5608
6480
7525
8555
9592
10314
11303
12138
13164
14191
15208
16086
17075
18110
19112
20092
21102
21933
22945
23842
24866
25813
26754
27556
28527
29522
30494
31489
32518
33524
34564
35525
36445
37408
38227
39244
40285
41140
42163
42945
43991
44959
45938
46918
47905
48862
49869
50760
51733
52794
53813
54797
55578
56392
56959
0
TO:V,FS:2,FT:0,PC:75
0
395
1210
2042
2832
3624
4420
5249
5914
6704
7501
8287
9055
9763
10457
11220
11796
12633
13421
14221
15026
15781
16479
17265
18119
18938
19722
20509
21317
21963
22774
23594
24243
25056
25737
26511
27258
27878
28658
29486
30297
31102
31881
32686
33488
34331
35116
35825
36617
37401
38079
38869
39667
40358
41166
42007
42706
43504
44288
45003
45810
46573
47342
48123
48914
49718
50399
51215
52025
52847
53646
54441
55248
55835
56475
56959
0
TO:V,FS:2,FT:1,PC:75
0
477
1298
2131
2900
3713
4569
5381
6038
6833
7629
8412
9183
9813
10582
11324
11935
12766
13505
14307
15133
15928
16584
17401
18241
19068
19847
20633
21343
22007
22815
23654
24310
25105
25827
26561
27312
27963
28743
29573
30394
31185
31973
32777
33580
34415
35193
35913
36751
37533
38161
38934
39755
40446
41260
42099
42744
43550
44336
45087
45911
46670
47474
48228
49017
49849
50544
51347
52139
52975
53761
54572
55346
55968
56617
56959
0
TO:V,FS:2,FT:2,PC:76
0
358
1162
1945
2747
3547
4333
5164
5834
6619
7413
8246
9009
9763
10420
11183
11788
12557
13335
14094
14864
15673
16341
17132
17930
18753
19578
20340
21143
21778
22552
23370
24033
24845
25602
26331
27086
27730
28518
29271
30096
30887
31704
32466
33276
34106
34851
35665
36328
37125
37890
38566
39361
40186
40867
41696
42451
43115
43901
44675
45470
46259
47022
47773
48592
49369
50084
50893
51654
52479
53284
54115
54897
55563
56199
56866
56959
0
TO:H,FS:0,FT:0,PC:44
0
621
2064
3490
4888
6078
7473
8872
9889
11283
12477
13907
15355
16584
18023
19507
20883
21914
23360
24547
25898
27255
28391
29702
31102
32466
33926
35300
36550
37890
39050
40358
41819
42768
44288
45630
47104
48463
49907
51153
52515
53978
55337
56332
56959
0
TO:H,FS:0,FT:1,PC:46
0
621
1991
3340
4667
5781
7177
8475
9763
10836
11948
13304
14686
16068
17331
18727
19993
21343
22474
23824
25065
26331
27514
28803
30067
31468
32842
34236
35531
36697
37890
39050
40340
41518
42572
43759
45039
46396
47758
49139
50268
51566
52975
54294
55368
56603
56959
0
TO:H,FS:0,FT:2,PC:46
0
621
1991
3340
4667
5781
7164
8475
9763
10757
11875
13233
14606
15928
17097
18473
19817
21176
22109
23525
24625
25898
27255
28322
29604
30951
32310
33622
34998
36100
37434
38400
39810
40954
42215
43094
44436
45704
47104
48389
49758
50939
52219
53655
54880
55954
56959
0
TO:H,FS:1,FT:0,PC:59
0
457
1474
2583
3583
4656
5689
6635
7713
8739
9763
10565
11437
12443
13434
14479
15475
16341
17423
18505
19602
20571
21393
22462
23549
24374
25411
26393
27399
28181
29187
30165
31224
32237
33276
34336
35291
36186
37228
38006
39091
40155
41036
42055
42768
43795
44803
45883
46842
47861
48870
49957
50835
51808
52924
54013
55069
55860
56764
56959
0
TO:H,FS:1,FT:1,PC:59
0
457
1474
2583
3583
4659
5689
6635
7713
8739
9763
10574
11437
12443
13441
14479
15475
16341
17441
18529
19602
20571
21393
22474
23579
24374
25411
26393
27399
28181
29187
30173
31232
32306
33339
34393
35358
36253
37294
38072
39166
40220
41103
42186
42849
43901
44935
46007
46973
47990
48986
50021
50965
51949
53057
54145
55202
56003
56880
56959
0
TO:H,FS:1,FT:2,PC:62
0
457
1437
2424
3364
4323
5388
6188
7227
8177
9183
9870
10757
11556
12506
13441
14414
15375
16149
17173
18198
19217
20183
21148
21914
22906
23824
24709
25623
26561
27497
28310
29227
30165
31159
32172
33175
34157
35106
35864
36879
37871
38575
39605
40421
41442
42329
42979
43964
44927
45938
46842
47797
48740
49763
50577
51491
52521
53509
54528
55368
56245
56959
0
TO:H,FS:2,FT:0,PC:75
0
375
1189
1980
2794
3547
4365
5207
5864
6690
7491
8278
9072
9763
10399
11212
11796
12647
13409
14204
15003
15788
16425
17234
18082
18933
19788
20563
21343
22016
22838
23672
24310
25115
25898
26616
27443
28095
28881
29676
30468
31270
32082
32917
33736
34588
35396
36063
36891
37691
38271
39064
39888
40584
41400
42174
42706
43526
44348
45116
45947
46689
47488
48238
49069
49887
50558
51403
52200
53063
53936
54707
55368
56055
56752
56959
0
TO:H,FS:2,FT:1,PC:74
0
375
1189
1980
2794
3547
4371
5207
5871
6690
7501
8334
9147
9763
10399
11220
11856
12696
13461
14262
15066
15916
16584
17410
18257
19093
19903
20678
21343
22016
22854
23672
24310
25123
25953
26674
27497
28181
28997
29759
30578
31389
32189
33027
33858
34694
35517
36186
37005
37797
38391
39224
40056
40727
41575
42329
42907
43753
44567
45329
46165
46892
47663
48463
49297
50021
50782
51603
52425
53293
54145
54979
55616
56318
56959
0
TO:H,FS:2,FT:2,PC:75
0
313
1129
1922
2747
3490
4311
5153
5814
6631
7433
8224
9014
9763
10399
11212
11796
12615
13409
14204
15057
15860
16537
17356
18198
19039
19844
20620
21343
22016
22838
23670
24310
25123
25898
26616
27443
28095
28870
29676
30468
31270
32082
32917
33731
34591
35396
36069
36891
37691
38280
39119
39942
40641
41460
42288
42810
43639
44452
45222
46060
46769
47594
48351
49180
50002
50655
51442
52248
53089
53936
54765
55368
56093
56794
56959
0
