The 7 Habits of Highly Effective People
LH:0,BH:66053,MH:679346
TO:V,FS:0,FT:0,PC:56
0
705
1861
2975
4192
5562
6798
7951
8854
9946
11310
12630
13970
15186
16477
17851
19099
20409
21471
22349
23402
24096
25373
26695
28058
29399
30658
31937
32782
33827
34746
35694
37059
38267
39275
40253
41628
43002
44386
45621
46899
47914
49252
50595
51854
53038
54368
55613
57057
58297
59525
60543
61748
62794
64034
65283
66053
0
TO:V,FS:0,FT:1,PC:56
0
705
1861
2975
4135
5507
6798
7951
8854
9946
11366
12743
14048
15362
16655
17971
19214
20526
21528
22349
23402
24090
25254
26612
28000
29344
30570
31880
32734
33766
34694
35671
36784
38064
39116
40020
41398
42760
44156
45461
46717
47736
49072
50453
51676
52880
54075
55383
56813
58130
59336
60512
61530
62536
63928
65232
66053
0
TO:V,FS:0,FT:2,PC:67
0
674
1621
2535
3539
4643
5719
6798
7753
8622
9482
10570
11733
12788
13882
14949
16097
17181
18320
19413
20522
21448
22106
22912
23746
24579
25509
26622
27731
28818
29892
30989
32089
32782
33627
34484
35442
36308
37326
38267
39109
39907
41026
42144
43302
44439
45496
46562
47386
48499
49563
50653
51651
52660
53691
54723
55856
57036
58004
58949
59925
60807
61798
62706
63791
64904
65899
66053
0
TO:V,FS:0,FT:3,PC:57
0
705
1861
2919
4113
5395
6731
7791
8805
9819
11134
12549
13811
15125
16399
17674
18987
20234
21448
22234
23152
23952
24942
26226
27566
28880
30130
31409
32584
33305
34341
35397
36325
37642
38802
39554
40872
42283
43766
45084
46237
47214
48503
49803
51136
52305
53498
54841
56245
57722
58896
60047
61073
61936
63324
64641
65899
66053
0
TO:V,FS:0,FT:4,PC:64
0
705
1731
2636
3539
4654
5813
6798
7848
8780
9688
10900
12078
13172
14275
15414
16580
17773
18870
19922
21012
21937
22511
23567
24257
25298
26457
27620
28760
29933
31089
32236
32930
33887
34719
35671
36638
37785
38750
39429
40587
41765
43050
44212
45328
46406
47277
48439
49558
50697
51790
52820
53925
55021
56222
57448
58437
59395
60384
61272
62227
63427
64589
65723
66053
0
TO:V,FS:0,FT:5,PC:59
0
705
1808
2887
3971
5166
6385
7483
8622
9692
10960
12237
13425
14631
15863
17090
18266
19474
20674
21722
22425
23567
24324
25487
26695
27939
29183
30386
31627
32651
33486
34484
35589
36645
37841
38802
39544
40800
42067
43311
44559
45724
46943
48031
49247
50501
51619
52820
54004
55181
56527
57722
58832
59931
60920
61821
63129
64251
65443
66053
0
TO:V,FS:1,FT:0,PC:77
0
520
1339
2159
2919
3729
4683
5596
6542
7321
8265
8854
9628
10537
11509
12504
13398
14302
15225
16135
17047
18026
18963
19852
20791
21471
22253
22951
23639
24395
25238
26204
27100
28102
29081
30005
30944
31819
32608
33107
33936
34827
35671
36436
37406
38309
39032
39572
40481
41402
42334
43293
44208
45126
45997
46867
47601
48546
49453
50442
51306
52260
53142
54045
54916
55897
56963
57815
58690
59540
60332
61073
61798
62564
63521
64426
65326
66053
0
TO:V,FS:1,FT:1,PC:77
0
520
1339
2159
2919
3729
4732
5644
6592
7369
8316
8877
9882
10789
11772
12715
13628
14563
15505
16412
17342
18291
19193
20137
21066
21784
22349
23131
23842
24582
25444
26405
27393
28425
29371
30316
31215
32135
32674
33375
34185
35024
35694
36690
37642
38555
39222
39838
40739
41700
42638
43553
44510
45431
46304
47021
47991
48929
49843
50847
51707
52600
53486
54422
55362
56527
57486
58274
59168
59985
60699
61572
62280
63260
64132
65057
65950
66053
0
TO:V,FS:1,FT:2,PC:90
0
418
1139
1861
2573
3297
3966
4777
5545
6355
7017
7836
8599
9068
9890
10701
11509
12341
13103
13909
14698
15502
16308
17118
17899
18690
19451
20226
20985
21553
22205
22780
23453
23952
24599
25328
26109
26880
27698
28482
29251
30057
30861
31612
32395
32872
33497
34086
34783
35540
36147
36953
37785
38513
39131
39604
40376
41135
41961
42803
43598
44439
45275
46028
46717
47316
48101
48911
49658
50459
51240
51979
52739
53525
54352
55119
55939
56813
57546
58258
59018
59758
60488
61159
61798
62407
63250
64020
64784
65576
66053
0
TO:V,FS:1,FT:3,PC:76
0
471
1339
2168
2919
3734
4732
5660
6617
7426
8417
8928
9943
10900
11938
12880
13841
14768
15669
16633
17652
18589
19463
20430
21334
22083
22604
23556
24074
24965
25816
26816
27811
28806
29724
30658
31586
32413
33084
33913
34662
35589
36385
37355
38267
38989
39521
40481
41409
42334
43393
44356
45275
46153
46943
47736
48677
49654
50644
51526
52406
53322
54229
55128
56096
57161
58019
58832
59676
60500
61272
61965
63002
63923
64886
65826
66053
0
TO:V,FS:1,FT:4,PC:86
0
490
1254
1951
2691
3400
4135
4979
5784
6617
7313
8108
8795
9427
10238
11101
11973
12788
13609
14427
15286
16119
16963
17795
18672
19481
20280
21097
21798
22349
23009
23590
24220
25005
25843
26681
27553
28436
29247
30095
30897
31686
32413
33044
33715
34400
35109
35736
36558
37406
38246
38889
39406
40063
40903
41765
42644
43506
44328
45155
45988
46767
47437
48255
49055
49869
50677
51438
52274
53038
53859
54672
55474
56245
57227
57946
58690
59434
60152
60859
61660
62275
63151
63992
64821
65641
66053
0
TO:V,FS:1,FT:5,PC:79
0
506
1339
2147
2919
3729
4672
5507
6431
7218
8108
8854
9628
10525
11429
12355
13254
14168
15082
15940
16841
17822
18764
19654
20555
21448
22106
22797
23567
24147
25038
25915
26845
27763
28701
29621
30570
31389
32275
32815
33527
34317
35070
35736
36681
37549
38388
39061
39572
40481
41402
42334
43293
44203
45126
45920
46767
47506
48405
49305
50250
51212
52037
52862
53732
54648
55557
56616
57546
58324
59168
59985
60699
61530
62227
63211
64081
65026
65899
66053
0
TO:V,FS:2,FT:0,PC:98
0
364
992
1717
2327
2919
3539
4261
5024
5746
6483
7050
7765
8511
8920
9666
10362
11101
11870
12549
13226
13941
14666
15401
16126
16788
17550
18271
18978
19625
20359
21012
21553
22106
22638
23334
23857
24425
25123
25864
26593
27328
28094
28818
29480
30269
30977
31647
32364
32801
33387
33936
34580
35270
35814
36547
37248
37999
38580
39131
39544
40279
41022
41748
42461
43237
44009
44720
45399
46051
46764
47309
48057
48759
49449
50144
50876
51531
52243
52948
53647
54422
55053
55795
56659
57368
58019
58662
59299
59985
60623
61384
61896
62623
63324
64034
64770
65470
66053
0
TO:V,FS:2,FT:1,PC:99
0
364
992
1681
2281
2919
3539
4218
4979
5702
6444
7008
7729
8417
8854
9472
10225
10937
11701
12453
13103
13860
14554
15244
15946
16597
17337
18044
18758
19407
20103
20791
21448
22063
22413
23114
23629
24178
24882
25578
26303
27044
27807
28584
29247
29965
30693
31389
32118
32651
33107
33878
34471
35024
35671
36281
36992
37785
38403
38989
39429
40108
40860
41576
42334
43099
43874
44605
45275
45946
46634
47144
47905
48621
49270
49952
50630
51258
52009
52716
53370
54118
54763
55514
56245
57102
57722
58379
59043
59711
60323
60950
61614
62158
62876
63582
64317
65030
65714
66053
0
TO:V,FS:2,FT:2,PC:117
0
275
789
1339
1861
2479
3006
3539
4128
4725
5302
5890
6500
7008
7630
8221
8663
9124
9688
10316
10937
11550
12194
12797
13395
13994
14594
15229
15826
16423
17020
17652
18235
18833
19432
20014
20610
21180
21644
22106
22546
23152
23590
24014
24633
25195
25816
26415
27044
27678
28328
28912
29480
30169
30733
31312
31905
32413
32861
33321
33913
34446
34969
35551
36008
36601
37184
37824
38334
38812
39317
39703
40279
40880
41487
42132
42743
43413
44003
44618
45155
45765
46314
46909
47333
47930
48521
49112
49716
50294
50902
51414
52026
52580
53168
53772
54403
54982
55608
56208
56932
57525
58080
58618
59168
59735
60237
60699
61272
61798
62309
62966
63553
64145
64744
65306
65899
66053
0
TO:V,FS:2,FT:3,PC:99
0
364
992
1697
2286
2873
3539
4223
4938
5633
6343
6927
7600
8337
8854
9490
10190
10937
11655
12366
13058
13781
14473
15205
15911
16655
17342
18067
18805
19491
20191
20876
21471
22106
22595
23263
23771
24346
25005
25710
26425
27137
27897
28651
29371
30095
30770
31468
32159
32651
33107
33890
34471
35024
35671
36288
36992
37642
38337
38926
39406
39957
40657
41402
42119
42824
43598
44275
45021
45724
46351
46966
47714
48394
49072
49784
50480
51186
51801
52476
53129
53812
54508
55195
55872
56706
57377
58035
58735
59336
59985
60577
61272
61821
62536
63287
63992
64686
65391
66053
0
TO:V,FS:2,FT:4,PC:112
0
348
928
1485
2040
2591
3183
3709
4321
4938
5582
6225
6798
7376
7979
8599
8953
9580
10225
10883
11509
12177
12788
13388
14037
14647
15244
15838
16460
17043
17674
18266
18887
19467
20088
20636
21212
21722
22209
22694
23320
23790
24283
24920
25463
26067
26695
27294
27948
28584
29200
29837
30479
31089
31669
32260
32674
33152
33835
34389
34921
35565
36068
36759
37355
37965
38484
38989
39406
39951
40572
41198
41851
42536
43165
43850
44439
45052
45674
46267
46909
47403
48019
48677
49281
49898
50506
51084
51669
52266
52855
53472
54144
54714
55300
55929
56685
57294
57905
58437
59043
59624
60192
60674
61272
61821
62407
63085
63655
64299
64886
65476
66053
0
TO:V,FS:2,FT:5,PC:99
0
395
992
1717
2322
2919
3539
4218
4938
5664
6405
7008
7720
8460
8877
9623
10320
11062
11799
12504
13183
13900
14626
15328
15956
16639
17370
18080
18758
19443
20144
20837
21448
22083
22511
23217
23771
24384
25038
25785
26505
27196
27928
28651
29371
30095
30770
31468
32159
32651
33107
33878
34484
35109
35694
36423
37076
37824
38403
38960
39406
39990
40734
41459
42193
42915
43725
44439
45136
45807
46439
46966
47718
48424
49112
49784
50516
51240
51920
52618
53327
54075
54763
55514
56245
57142
57769
58403
59043
59711
60364
60989
61698
62227
62966
63625
64350
65100
65765
66053
0
