The 7 Habits of Highly Effective People
LH:66053,BH:33315,MH:679346
TO:V,FS:0,FT:0,PC:28
0
704
2028
3054
4382
5411
6770
8160
9484
10766
12018
13019
14064
15265
16483
17805
19085
20245
21430
22657
23962
25115
26166
27508
28757
30057
31256
32541
33315
0
TO:V,FS:0,FT:1,PC:28
0
707
2088
3117
4382
5411
6770
8160
9484
10707
12018
13029
14072
15350
16509
17865
19160
20302
21489
22657
23904
25032
26050
27357
28587
29884
31133
32421
33315
0
TO:V,FS:0,FT:2,PC:33
0
585
1731
2596
3589
4519
5642
6823
7826
8857
9954
11015
12063
12895
13778
14829
15954
17026
18151
19311
20245
21297
22217
23243
24285
25186
26050
27189
28246
29305
30400
31526
32616
33315
0
TO:V,FS:0,FT:3,PC:28
0
585
1913
2880
4136
5111
6409
7783
9080
10350
11667
12636
13620
14955
16159
17394
18746
20130
21190
22348
23633
24866
25828
27155
28305
29622
30790
32097
33315
0
TO:V,FS:0,FT:4,PC:32
0
685
1871
2819
3937
4870
5997
7173
8208
9341
10515
11646
12599
13500
14627
15713
16882
18046
19151
20227
21297
22212
23336
24492
25376
26355
27453
28514
29712
30790
31983
33102
33315
0
TO:V,FS:0,FT:5,PC:30
0
643
1913
2936
4196
5230
6485
7662
8801
9979
11195
12190
13428
14406
15552
16747
17990
19259
20245
21376
22581
23676
24848
25770
27029
28224
29425
30594
31791
32965
33315
0
TO:V,FS:1,FT:0,PC:39
0
486
1438
2360
3074
4010
4758
5659
6648
7589
8454
9386
10301
11209
12090
12828
13552
14423
15368
16219
17154
18086
19037
19993
20782
21632
22463
23403
24327
25086
25770
26742
27661
28587
29537
30428
31349
32252
33092
33315
0
TO:V,FS:1,FT:1,PC:39
0
437
1403
2360
3082
4010
4758
5659
6648
7589
8454
9386
10301
11209
12090
12828
13552
14479
15385
16298
17243
18174
19137
20095
20875
21730
22563
23488
24421
25162
25863
26822
27761
28676
29610
30531
31456
32343
33192
33315
0
TO:V,FS:1,FT:2,PC:45
0
279
1038
1871
2596
3307
4056
4700
5452
6226
7005
7795
8510
9280
10062
10840
11592
12190
12959
13548
14345
15136
15926
16710
17436
18269
19063
19801
20461
21177
21929
22645
23436
24228
24909
25649
26310
27111
27913
28719
29507
30210
31019
31852
32607
33315
0
TO:V,FS:1,FT:3,PC:38
0
437
1408
2360
3093
4015
4805
5695
6696
7637
8507
9422
10396
11317
12188
12938
13715
14657
15608
16490
17436
18436
19394
20245
21130
22006
22833
23723
24723
25474
26296
27240
28157
29142
30135
31117
32034
32944
33315
0
TO:V,FS:1,FT:4,PC:43
0
356
1158
2002
2634
3513
4354
5031
5870
6762
7576
8367
9188
9979
10782
11544
12251
13057
13719
14558
15385
16233
17002
17827
18687
19475
20227
20977
21750
22495
23286
24073
24848
25554
26257
27057
27913
28709
29558
30386
31234
32076
32870
33315
0
TO:V,FS:1,FT:5,PC:40
0
437
1380
2314
3025
3889
4617
5452
6409
7340
8235
9047
9928
10840
11739
12493
13385
14072
14971
15850
16714
17622
18573
19475
20285
21130
21991
22825
23709
24637
25343
26095
26970
27913
28836
29804
30686
31600
32411
33285
33315
0
TO:V,FS:2,FT:0,PC:49
0
272
982
1738
2392
3010
3748
4382
5031
5738
6520
7236
7948
8625
9343
10062
10782
11464
12188
12757
13462
14072
14775
15495
16188
16902
17611
18321
19008
19709
20328
21060
21747
22394
23064
23767
24522
25086
25678
26274
27015
27736
28453
29133
29872
30633
31359
32076
32768
33315
0
TO:V,FS:2,FT:1,PC:49
0
272
982
1738
2474
3096
3836
4408
5189
5908
6681
7367
8103
8749
9466
10184
10894
11581
12190
12884
13462
14072
14749
15495
16188
16902
17611
18278
18930
19639
20245
20977
21665
22287
22999
23653
24340
24939
25588
26123
26863
27508
28246
28964
29688
30428
31147
31922
32603
33315
0
TO:V,FS:2,FT:2,PC:59
0
184
831
1446
2038
2596
3121
3748
4359
4824
5401
6007
6677
7236
7815
8362
8945
9532
10051
10639
11228
11797
12249
12845
13453
13897
14499
15111
15721
16330
16911
17508
18102
18696
19285
19905
20427
21006
21572
22147
22756
23377
23953
24562
25040
25554
26029
26622
27240
27781
28435
29028
29641
30210
30890
31482
32076
32637
33266
33315
0
TO:V,FS:2,FT:3,PC:51
0
228
931
1616
2350
2923
3629
4354
4943
5678
6409
7123
7826
8488
9171
9830
10522
11161
11849
12431
13095
13678
14360
15050
15782
16455
17128
17839
18560
19218
19920
20505
21170
21803
22452
23114
23776
24484
25037
25642
26257
26955
27599
28286
29008
29732
30428
31147
31887
32558
33252
33315
0
TO:V,FS:2,FT:4,PC:57
0
264
881
1495
2133
2634
3328
3920
4519
5147
5725
6377
6960
7598
8172
8721
9321
9914
10561
11209
11837
12316
12915
13462
13993
14578
15136
15791
16357
17030
17682
18269
18849
19475
20059
20603
21243
21879
22412
23016
23610
24250
24848
25410
25836
26423
27012
27617
28219
28825
29457
30085
30708
31349
31988
32545
33141
33315
0
TO:V,FS:2,FT:5,PC:50
0
272
982
1696
2392
3010
3709
4382
5076
5738
6520
7225
7901
8538
9222
9954
10691
11342
12057
12636
13336
13945
14619
15329
15983
16682
17394
18077
18777
19475
20190
20782
21489
22106
22794
23516
24179
24848
25424
25978
26674
27401
28146
28789
29503
30199
30890
31544
32230
32906
33315
0
