The 7 Habits of Highly Effective People
LH:99464,BH:54877,MH:679346
TO:V,FS:0,FT:0,PC:47
0
744
2048
3094
4442
5323
6614
7909
9193
10316
11350
12707
13877
15109
16315
17520
18645
19769
20922
22041
23190
24517
25691
26901
27770
28799
29844
31014
31863
32963
33940
35297
36578
37754
39083
40320
41526
42655
44044
45326
46627
47902
49186
50398
51785
53090
54048
54877
0
TO:V,FS:0,FT:1,PC:47
0
795
2076
3204
4550
5441
6798
8013
9311
10498
11541
12831
13993
15166
16377
17541
18709
19830
20978
22102
23244
24574
25744
26901
27770
28799
29908
31074
31863
32967
33940
35232
36462
37640
38914
40191
41344
42522
43853
45091
46431
47709
48959
50219
51558
52882
53865
54877
0
TO:V,FS:0,FT:2,PC:56
0
524
1598
2648
3627
4729
5496
6554
7672
8736
9779
10804
11700
12707
13632
14662
15571
16564
17656
18580
19611
20608
21690
22636
23552
24637
25564
26537
27325
28307
29131
29906
30963
31795
32582
33495
34373
35539
36604
37623
38677
39743
40804
41774
42805
43970
45091
46235
47319
48415
49517
50664
51760
52859
53739
54582
54877
0
TO:V,FS:0,FT:3,PC:48
0
683
1932
3038
4458
5441
6744
8076
9368
10557
11606
12895
14050
15218
16435
17541
18788
20031
21175
22224
23360
24637
25744
26901
27770
28799
29844
30963
31836
32666
33725
34715
36018
37083
38362
39683
40924
41994
43160
44601
45964
47226
48487
49702
51046
52332
53593
54521
54877
0
TO:V,FS:0,FT:4,PC:53
0
631
1750
2783
3893
4994
5892
7011
8155
9334
10377
11350
12446
13513
14621
15648
16665
17848
18945
20021
21070
22041
23098
24330
25364
26434
27325
28363
29319
30221
31274
31920
32845
33752
34833
35994
36925
38051
39201
40320
41332
42407
43569
44769
45914
47018
48152
49288
50390
51544
52737
53739
54668
54877
0
TO:V,FS:0,FT:5,PC:50
0
683
1870
2890
4146
5066
6231
7412
8637
9843
10973
11999
13198
14335
15348
16547
17711
18729
19892
20974
22041
23163
24376
25457
26615
27468
28500
29500
30556
31383
32390
33459
34433
35654
36679
37920
39083
40305
41344
42522
43787
44980
46227
47388
48577
49779
51030
52269
53478
54440
54877
0
TO:V,FS:1,FT:0,PC:64
0
482
1392
2326
3167
4116
5039
5780
6682
7655
8591
9572
10423
11141
12079
13011
13815
14717
15535
16420
17179
17962
18924
19792
20694
21630
22459
23283
24202
24908
25836
26664
27405
28239
28890
29734
30564
31356
31917
32698
33592
34310
35280
36211
36958
37858
38746
39666
40571
41380
42219
43183
44177
45091
46104
47018
47934
48815
49702
50680
51649
52557
53442
54171
54877
0
TO:V,FS:1,FT:1,PC:64
0
482
1392
2337
3167
4116
5039
5794
6733
7705
8648
9621
10469
11195
12128
13106
13914
14789
15641
16547
17379
18155
19121
20000
20863
21831
22659
23472
24427
25197
26115
26901
27632
28380
29166
29898
30777
31483
32202
32985
33725
34508
35475
36399
37184
38051
38985
39869
40804
41632
42470
43459
44402
45326
46372
47302
48243
49186
50075
51062
52008
52900
53739
54505
54877
0
TO:V,FS:1,FT:2,PC:76
0
333
1065
1811
2582
3291
4107
4885
5441
6243
7044
7868
8653
9425
10161
10925
11550
12334
13093
13744
14506
15218
15962
16651
17455
18122
18912
19641
20377
21141
21871
22648
23283
24053
24774
25422
26205
26901
27468
28239
28799
29500
30176
30963
31571
32099
32741
33495
34083
34883
35705
36497
37130
37905
38642
39443
40191
40984
41647
42348
43120
43965
44716
45537
46372
47146
47934
48701
49399
50249
51051
51888
52672
53482
54048
54732
54877
0
TO:V,FS:1,FT:3,PC:63
0
489
1392
2337
3131
4070
5039
5799
6744
7758
8730
9730
10636
11344
12268
13251
14091
14985
15825
16614
17595
18453
19335
20273
21163
21873
22782
23747
24687
25555
26486
27163
28026
28782
29556
30360
31221
31836
32582
33379
34089
35037
36018
36774
37710
38568
39520
40422
41255
41996
43013
44020
44970
45955
46921
47833
48832
49718
50634
51594
52581
53548
54262
54877
0
TO:V,FS:1,FT:4,PC:72
0
405
1203
1973
2754
3513
4321
5039
5750
6574
7381
8237
9058
9854
10660
11312
12160
12998
13740
14545
15235
16082
16778
17588
18324
19142
19904
20641
21468
22164
22860
23629
24504
25141
25974
26746
27325
28070
28768
29416
30061
30777
31383
32038
32698
33533
34115
35062
35896
36621
37465
38291
39134
39946
40782
41496
42255
43067
43958
44800
45663
46567
47410
48217
49077
49860
50692
51582
52446
53286
53941
54644
54877
0
TO:V,FS:1,FT:5,PC:65
0
482
1392
2314
3117
4070
4981
5634
6537
7448
8337
9327
10124
11074
11795
12746
13553
14463
15235
16140
16925
17819
18612
19469
20327
21202
22041
22876
23741
24612
25339
26215
26928
27815
28564
29331
30092
30963
31671
32390
33151
33857
34811
35721
36592
37370
38244
39153
40057
40995
41814
42599
43555
44481
45422
46421
47322
48183
49100
49978
50908
51884
52774
53683
54371
54877
0
TO:V,FS:2,FT:0,PC:82
0
328
1051
1740
2486
3107
3802
4550
5110
5828
6521
7246
7947
8666
9356
9985
10739
11268
12009
12737
13312
14069
14789
15401
16130
16732
17425
18054
18771
19449
20128
20793
21528
22164
22782
23478
24202
24842
25490
26228
26901
27449
28070
28684
29257
29827
30468
31168
31684
32232
32837
33533
34099
34883
35607
36278
36904
37583
38291
38965
39683
40410
41041
41786
42457
43167
43921
44663
45382
46152
46872
47583
48341
49121
49779
50469
51190
51951
52664
53388
53974
54610
54877
0
TO:V,FS:2,FT:1,PC:82
0
328
1051
1761
2486
3061
3772
4512
5066
5785
6482
7246
7909
8628
9311
9985
10739
11312
12009
12737
13312
14069
14753
15359
16089
16691
17386
18019
18729
19415
20086
20754
21468
22078
22765
23393
24124
24828
25422
26099
26746
27270
27891
28468
29100
29672
30310
31003
31551
32084
32651
33406
33973
34700
35437
36149
36741
37451
38125
38841
39555
40320
41024
41705
42399
43067
43870
44604
45255
46068
46778
47461
48217
48987
49667
50334
51106
51910
52622
53345
53941
54568
54877
0
TO:V,FS:2,FT:2,PC:97
0
286
879
1491
2076
2677
3204
3825
4417
4994
5441
6019
6639
7246
7852
8441
9058
9667
10232
10844
11309
11952
12574
13198
13706
14278
14873
15389
16004
16564
17179
17815
18324
18917
19484
20086
20630
21239
21837
22397
22888
23446
24026
24637
25127
25713
26296
26850
27268
27762
28307
28782
29331
29827
30383
30963
31383
31863
32486
32938
33551
33968
34601
35189
35826
36437
36925
37503
38109
38689
39262
39844
40436
41024
41585
42170
42759
43392
44002
44609
45204
45868
46490
47061
47645
48234
48832
49399
50063
50676
51279
51920
52538
53169
53726
54145
54668
54877
0
TO:V,FS:2,FT:3,PC:83
0
286
966
1636
2337
2959
3607
4321
5012
5578
6316
7044
7714
8423
9100
9769
10453
11114
11754
12446
13168
13763
14501
15205
15779
16465
17096
17807
18403
19096
19731
20432
21070
21781
22488
23080
23762
24504
25036
25691
26381
26928
27563
28204
28768
29331
29844
30581
31168
31729
32265
32876
33551
34099
34833
35565
36264
36824
37552
38250
38965
39661
40363
41024
41669
42348
43023
43787
44474
45138
45901
46654
47365
48044
48792
49517
50201
50951
51706
52446
53169
53739
54330
54877
0
TO:V,FS:2,FT:4,PC:93
0
286
879
1523
2157
2717
3308
3924
4550
5066
5681
6352
6972
7565
8221
8851
9443
9985
10617
11114
11656
12310
12931
13494
14112
14705
15235
15898
16519
17076
17721
18207
18799
19374
19975
20523
21146
21709
22314
22888
23514
24174
24821
25377
25974
26591
27076
27666
28286
28782
29331
29827
30414
30998
31454
31944
32582
33138
33725
34297
34954
35561
36200
36726
37343
37955
38541
39153
39762
40357
40981
41540
42170
42753
43380
44034
44658
45269
45919
46567
47174
47824
48494
49164
49764
50334
50925
51598
52258
52838
53486
53983
54531
54877
0
TO:V,FS:2,FT:5,PC:83
0
328
1051
1740
2486
3094
3798
4538
5066
5775
6443
7164
7858
8576
9272
9953
10660
11185
11913
12618
13295
13981
14710
15314
16057
16651
17343
17941
18641
19335
20014
20630
21323
21873
22702
23272
23937
24637
25204
25861
26595
27114
27726
28363
28919
29547
30139
30777
31383
31955
32582
33202
33796
34534
35301
36003
36604
37241
37920
38623
39315
39987
40680
41242
41994
42701
43438
44192
44862
45567
46372
47071
47783
48518
49273
49949
50621
51332
52117
52830
53514
54048
54644
54877
0
