The 7 Habits of Highly Effective People
LH:154395,BH:103049,MH:679346
TO:V,FS:0,FT:0,PC:86
0
760
2078
3093
4463
5706
7023
8349
9699
10954
12188
13475
14748
15977
16988
18190
19493
20710
22081
23402
24367
25204
26117
27194
28439
29724
30963
32155
33181
34543
35703
36994
38314
39603
40917
42255
43588
44855
46096
47232
48462
49603
50962
52290
53457
54565
55406
56735
58078
59212
60334
61695
62928
64305
65661
66986
68334
69610
71003
72279
73513
74856
75944
77084
78251
79367
80663
81967
83198
84363
85044
86118
87509
88624
89919
91144
92278
93458
94769
96020
97000
98305
99504
100748
101939
102760
103049
0
TO:V,FS:0,FT:1,PC:85
0
699
2024
3031
4356
5581
6898
8232
9576
10841
12112
13301
14627
15853
16930
18133
19493
20710
22023
23341
24250
25204
26206
27279
28622
29959
31191
32198
33527
34786
36060
37370
38703
39965
41327
42614
43943
45171
46502
47700
48780
50119
51418
52604
53914
54619
55882
57263
58631
59392
60804
62158
63408
64734
66126
67444
68783
70081
71432
72660
73950
75224
76310
77656
78797
79923
81200
82518
83876
84709
85624
86999
88242
89531
90792
92007
93172
94342
95550
96674
97824
99145
100319
101609
102397
103049
0
TO:V,FS:0,FT:2,PC:102
0
576
1715
2764
3592
4662
5762
6893
8032
9090
10167
11225
12337
13448
14541
15428
16397
17425
18385
19548
20513
21531
22607
23711
24422
25204
26011
26914
27932
28962
30002
31059
32155
33050
34169
35160
36246
37296
38399
39488
40571
41677
42790
43880
44979
46010
47104
48062
48948
50040
51127
52287
53172
54309
54833
55967
57020
58071
59105
59737
60845
61969
62938
64001
65077
66266
67326
68425
69481
70588
71690
72781
73821
74837
75821
76744
77754
78849
79771
80901
81993
83030
84143
84809
85624
86756
87828
88880
89965
91022
92169
93100
94031
95063
96135
96928
98027
99121
100019
101059
102066
102853
103049
0
TO:V,FS:0,FT:3,PC:87
0
760
2086
3031
4364
5706
7023
8357
9699
10907
12063
13301
14631
15792
16690
17855
19020
20302
21433
22771
24101
24860
25608
26644
27794
29141
30443
31675
32587
33863
35165
36490
37768
39117
40372
41677
43033
44348
45544
46865
47952
49134
50403
51680
52835
54099
54833
56081
57451
58735
59516
60860
62158
63357
64663
65911
67211
68490
69779
71090
72279
73513
74793
75944
77029
78167
79304
80604
81925
83149
84363
85047
86131
87509
88624
89934
91144
92337
93473
94707
96027
96937
98245
99487
100639
101886
102701
103049
0
TO:V,FS:0,FT:4,PC:96
0
625
1773
2862
3783
4910
6017
7129
8366
9505
10576
11706
12862
13938
14965
16171
17034
18063
19241
20368
21372
22547
23756
24575
25347
26206
27221
28379
29546
30623
31830
32728
33883
34977
36038
37183
38332
39488
40571
41677
42869
43928
45048
46166
47221
48417
49430
50635
51824
52916
53977
54703
55858
57015
58205
59185
59947
61070
62257
63299
64428
65530
66680
67843
68981
70145
71364
72457
73548
74593
75725
76670
77749
78877
79947
81154
82301
83412
84402
85272
86319
87521
88531
89738
90828
91946
93040
94046
95204
96276
97131
98298
99487
100504
101628
102387
103049
0
TO:V,FS:0,FT:5,PC:90
0
699
1961
2986
4231
5405
6640
7872
9040
10241
11508
12703
13848
14925
16244
17266
18424
19672
20828
22081
23336
24250
25108
25860
26925
28039
29257
30443
31675
32648
33794
34977
36175
37429
38683
39910
41203
42422
43662
44913
46093
47179
48373
49499
50766
51997
53060
54325
55039
56313
57541
58842
59684
60965
62275
63348
64595
65833
67097
68388
69549
70884
72148
73245
74436
75618
76687
77810
78894
80111
81349
82518
83826
84630
85469
86702
87887
89053
90244
91428
92517
93640
94825
95965
96875
98154
99382
100403
101644
102443
103049
0
TO:V,FS:1,FT:0,PC:118
0
468
1370
2304
3031
3973
4957
5902
6883
7800
8744
9652
10571
11549
12439
13281
14206
15001
15964
16690
17591
18413
19325
20208
20985
21930
22845
23793
24418
25108
25722
26543
27316
28279
29252
30200
31073
32035
32710
33616
34594
35463
36330
37220
38166
39122
39994
40936
41920
42920
43872
44783
45643
46595
47421
48346
49153
50147
51034
51971
52804
53705
54565
55198
56132
57051
57999
58923
59539
60526
61477
62371
63238
64105
65013
65969
66920
67875
68822
69716
70698
71610
72510
73388
74279
75160
75944
76762
77682
78503
79315
80258
81251
82175
83078
83988
84630
85374
86143
87156
88045
88977
89902
90828
91776
92562
93381
94285
95204
96076
96726
97617
98537
99487
100311
101251
102066
102701
103049
0
TO:V,FS:1,FT:1,PC:117
0
468
1370
2304
3031
3973
4957
5902
6883
7800
8744
9652
10571
11549
12439
13281
14206
15055
16014
16690
17591
18413
19325
20265
21132
22081
22982
23899
24560
25237
25942
26761
27537
28528
29495
30443
31354
32155
32925
33879
34786
35677
36594
37493
38434
39436
40313
41289
42275
43246
44222
45098
46029
46992
47787
48640
49555
50482
51479
52384
53172
54110
54703
55687
56595
57591
58477
59212
60033
61006
61982
62775
63672
64578
65465
66441
67383
68397
69319
70246
71180
72148
72991
73910
74781
75673
76440
77365
78178
78946
79914
80848
81790
82722
83651
84402
85125
85881
86846
87773
88721
89673
90628
91542
92313
93268
94087
95003
95965
96674
97475
98388
99353
100141
101055
101932
102565
103049
0
TO:V,FS:1,FT:2,PC:140
0
360
1187
1987
2750
3310
4063
4846
5633
6436
7258
8032
8806
9644
10430
11186
11983
12736
13495
14206
14867
15654
16340
17062
17823
18517
19321
20095
20765
21552
22351
23070
23853
24414
25080
25697
26320
26955
27625
28420
29178
29938
30658
31455
32155
32770
33582
34419
35139
35919
36684
37493
38298
39095
39852
40607
41344
42168
43023
43854
44680
45428
46166
46946
47603
48335
48996
49785
50565
51307
52109
52738
53465
54283
54703
55485
56245
57033
57804
58619
59212
59857
60612
61378
62189
62882
63634
64393
65176
65991
66809
67567
68326
69122
69908
70698
71489
72279
73020
73798
74571
75295
75944
76652
77461
78111
78877
79613
80385
81180
81967
82737
83539
84311
84759
85374
86035
86864
87627
88375
89097
89833
90618
91389
92160
92825
93519
94308
95046
95808
96447
96975
97741
98567
99327
99957
100773
101566
102093
102701
103049
0
TO:V,FS:1,FT:3,PC:116
0
468
1370
2321
3031
4023
5016
5912
6883
7807
8806
9754
10666
11589
12487
13333
14259
15104
16065
16692
17716
18553
19493
20472
21331
22312
23280
24173
24860
25460
26152
26894
27751
28736
29683
30576
31566
32308
33275
34309
35183
36075
37050
37969
38941
39900
40844
41832
42813
43768
44752
45590
46549
47368
48350
49157
50155
51098
52033
52852
53757
54565
55198
56132
57103
58047
58993
59556
60576
61532
62388
63408
64317
65195
66206
67171
68138
69085
69980
70969
71908
72781
73663
74543
75475
76197
77214
78028
78877
79765
80747
81733
82622
83601
84363
84923
85624
86599
87589
88424
89416
90394
91295
92202
93084
93921
94761
95728
96541
97284
98245
99202
100009
100954
101886
102523
103049
0
TO:V,FS:1,FT:4,PC:132
0
432
1268
2107
2918
3556
4344
5166
6007
6879
7712
8542
9388
10252
11089
11953
12729
13508
14331
15032
15864
16518
17302
18013
18860
19710
20501
21192
22032
22866
23711
24250
25019
25649
26311
27020
27794
28639
29452
30302
31073
31876
32515
33300
34141
34917
35739
36532
37339
38159
38993
39812
40630
41471
42290
43151
44012
44855
45590
46437
47201
47990
48698
49555
50385
51165
52006
52730
53542
54325
54833
55698
56499
57368
58171
58997
59476
60318
61163
61982
62750
63580
64393
65195
66110
66967
67824
68638
69455
70287
71116
71995
72762
73565
74348
75160
75944
76687
77503
78238
78971
79796
80635
81492
82333
83151
83950
84538
85180
85878
86732
87589
88375
89158
90007
90733
91554
92261
93076
93778
94581
95422
96216
96738
97530
98330
99145
99872
100639
101433
102066
102646
103049
0
TO:V,FS:1,FT:5,PC:120
0
468
1364
2258
2986
3884
4806
5653
6571
7543
8452
9384
10277
11213
12043
12862
13788
14710
15477
16340
17153
18013
18960
19865
20624
21519
22434
23322
24173
24860
25375
26066
26772
27534
28528
29443
30402
31262
32155
32866
33772
34694
35530
36435
37318
38220
39144
40039
40930
41870
42802
43768
44691
45544
46437
47251
48199
48996
49893
50808
51743
52604
53519
54422
55031
55941
56845
57778
58683
59239
60175
61127
62054
62853
63765
64654
65565
66536
67481
68425
69376
70294
71219
72190
73043
73910
74734
75648
76373
77312
78067
78894
79866
80790
81679
82518
83449
84363
84923
85564
86439
87354
88228
89166
90054
90980
91894
92695
93481
94380
95289
96172
96758
97700
98624
99504
100369
101303
102066
102701
103049
0
TO:V,FS:2,FT:0,PC:151
0
345
1077
1798
2477
3031
3803
4508
5221
5962
6672
7496
8201
8937
9644
10350
11050
11748
12422
13113
13830
14567
15195
15940
16518
17211
17945
18553
19315
20066
20657
21372
22159
22902
23665
24175
24829
25300
25793
26382
26975
27568
28309
29044
29733
30443
31191
31876
32411
33087
33801
34543
35211
35875
36585
37291
38052
38776
39478
40197
40950
41721
42444
43178
43920
44618
45307
46029
46743
47361
48070
48698
49419
50147
50841
51579
52338
52973
53680
54408
54833
55560
56245
57015
57740
58422
59162
59608
60318
61063
61764
62388
63157
63835
64578
65376
66148
66882
67647
68374
69096
69759
70499
71203
71944
72629
73312
73984
74734
75461
76020
76818
77541
78146
78877
79536
80281
81024
81744
82402
83190
83910
84443
84923
85459
86078
86817
87573
88246
88966
89686
90339
91022
91802
92425
93115
93735
94447
95212
95929
96524
97029
97776
98498
99231
99865
100567
101296
101951
102379
103022
103049
0
TO:V,FS:2,FT:1,PC:150
0
345
1077
1811
2506
3117
3884
4638
5345
6087
6835
7578
8286
9027
9725
10411
11089
11786
12464
13113
13788
14546
15155
15898
16507
17167
17900
18471
19249
19979
20572
21317
22027
22740
23494
24173
24705
25263
25812
26459
27077
27688
28420
29175
29855
30522
31277
32009
32550
33212
33924
34669
35358
36025
36763
37493
38246
38988
39728
40435
41203
41965
42708
43471
44164
44909
45544
46281
47040
47633
48332
48948
49699
50430
51127
51824
52587
53260
53968
54565
55039
55732
56453
57199
57917
58631
59212
59828
60567
61247
61969
62604
63311
64001
64734
65462
66206
66920
67693
68414
69137
69797
70506
71244
71992
72664
73341
74029
74776
75505
76065
76859
77576
78192
78877
79536
80281
81024
81790
82518
83257
83994
84499
84988
85564
86245
86980
87659
88375
89097
89791
90511
91144
91894
92514
93238
93861
94581
95339
96076
96625
97186
97917
98670
99403
100029
100677
101402
102052
102489
103049
0
TO:V,FS:2,FT:2,PC:180
0
269
897
1483
2086
2709
3153
3774
4344
4954
5556
6185
6835
7455
8073
8691
9288
9938
10550
11130
11744
12312
12905
13508
14101
14690
15209
15823
16340
16930
17566
18056
18667
19273
19879
20446
20967
21552
22159
22765
23377
23978
24367
24917
25386
25845
26376
26872
27373
27977
28586
29190
29747
30346
30886
31520
32117
32550
33159
33794
34449
35032
35611
36187
36802
37412
38030
38667
39276
39892
40505
41123
41716
42347
42975
43619
44239
44829
45397
46002
46633
47121
47713
48243
48736
49325
49910
50523
51111
51695
52326
52796
53401
54010
54565
54921
55560
56161
56767
57407
57993
58580
59185
59544
60141
60733
61279
61917
62427
63036
63641
64224
64774
65376
65982
66578
67188
67781
68414
69018
69649
70246
70876
71458
72131
72674
73270
73821
74420
75002
75587
75983
76596
77229
77736
78306
78877
79406
80030
80621
81187
81744
82341
82960
83530
84120
84499
84968
85425
85944
86594
87206
87815
88412
89028
89624
90188
90771
91379
91967
92480
93067
93602
94206
94750
95376
95965
96472
96916
97530
98137
98716
99316
99811
100403
100995
101590
102066
102476
102978
103049
0
TO:V,FS:2,FT:3,PC:155
0
312
1000
1698
2361
2947
3556
4221
4910
5614
6374
7109
7800
8542
9257
9938
10681
11450
12130
12798
13475
14159
14850
15517
16224
16690
17388
18013
18732
19456
20116
20703
21412
22159
22866
23580
24173
24750
25237
25757
26345
26940
27571
28293
29003
29694
30393
31035
31720
32246
32971
33669
34436
35089
35775
36447
37121
37842
38525
39183
39936
40630
41344
42025
42802
43563
44269
44979
45590
46336
47056
47681
48373
48948
49692
50430
51098
51802
52514
53060
53769
54460
54881
55618
56282
57033
57744
58384
59129
59516
60272
60996
61681
62371
63039
63753
64472
65155
65895
66578
67299
68015
68723
69413
70108
70845
71505
72264
72885
73565
74225
74948
75648
76179
76959
77631
78192
78877
79536
80241
80938
81667
82390
83069
83738
84363
84793
85333
85878
86594
87331
88000
88693
89376
90099
90775
91472
92192
92769
93331
94018
94707
95422
96121
96625
97151
97902
98593
99277
99872
100535
101209
101886
102342
102952
103049
0
TO:V,FS:2,FT:4,PC:171
0
308
952
1515
2128
2788
3217
3854
4427
5065
5681
6347
6996
7653
8282
8881
9515
10124
10758
11378
11953
12562
13113
13708
14312
14867
15495
16138
16690
17349
17948
18482
19155
19810
20433
20985
21593
22253
22870
23527
24173
24705
25178
25608
26117
26624
27120
27701
28354
28962
29571
30216
30802
31431
32100
32539
33110
33715
34396
34977
35646
36225
36854
37486
38108
38753
39407
40067
40646
41302
41942
42571
43246
43880
44524
45112
45776
46421
47079
47625
48199
48736
49386
50044
50701
51348
52037
52604
53210
53856
54510
54875
55521
56153
56797
57419
58055
58723
59212
59755
60424
61070
61750
62371
62978
63555
64150
64774
65416
66098
66719
67367
68004
68652
69261
69869
70543
71213
71856
72457
73066
73679
74265
74911
75540
76020
76702
77368
77876
78503
79076
79729
80376
81019
81643
82304
82922
83513
84128
84538
84988
85506
86057
86715
87391
88000
88648
89296
89934
90558
91184
91818
92368
93021
93560
94199
94812
95444
96076
96625
97131
97798
98432
99064
99582
100229
100801
101412
101972
102409
102948
103049
0
TO:V,FS:2,FT:5,PC:153
0
345
1040
1745
2441
3031
3753
4427
5155
5866
6596
7394
8073
8806
9515
10228
10929
11607
12293
12945
13673
14411
15028
15767
16381
17056
17775
18393
19105
19810
20513
21192
21896
22624
23322
24067
24614
25108
25571
26126
26700
27258
27977
28727
29443
30116
30813
31520
32155
32728
33443
34183
34871
35530
36187
36884
37618
38320
39022
39728
40429
41144
41886
42576
43337
44079
44774
45472
46166
46886
47487
48162
48742
49419
50142
50841
51545
52302
52905
53604
54325
54785
55485
56161
56845
57533
58244
58944
59392
60148
60860
61582
62264
62874
63561
64292
64988
65756
66500
67251
67968
68682
69376
70087
70803
71499
72279
72967
73641
74348
75122
75821
76473
77233
77818
78503
79130
79831
80543
81253
81941
82646
83330
84060
84499
84988
85541
86195
86939
87627
88331
89044
89754
90428
91022
91798
92383
93067
93690
94407
95158
95842
96443
96961
97648
98370
99080
99697
100403
101126
101797
102293
102883
103049
0
