The 7 Habits of Highly Effective People
LH:257494,BH:66088,MH:679346
TO:V,FS:0,FT:0,PC:58
0
556
1725
3088
4401
5432
6774
8084
9425
10526
11591
12884
13662
14397
15566
16893
18035
19383
20430
21564
22712
24024
25252
26501
27737
29120
29902
31128
32480
33815
35150
35937
37298
38613
39277
40561
41768
42972
44344
45606
46538
47802
49089
49820
50864
52066
53362
54503
55710
56930
57764
58653
59937
61071
62246
63555
64706
65855
66088
0
TO:V,FS:0,FT:1,PC:58
0
493
1669
3028
4288
5308
6607
7970
9365
10506
11564
12705
13635
14370
15454
16604
17944
19116
20234
21284
22455
23779
25099
26308
27522
28882
29684
30896
32231
33613
34913
35910
37016
38320
39000
40314
41463
42628
43994
45249
46236
47500
48764
49392
50408
51702
52992
54206
55360
56586
57512
58310
59617
60760
61819
63217
64402
65534
66088
0
TO:V,FS:0,FT:2,PC:68
0
374
1279
2461
3676
4764
5689
6809
7938
8995
10061
11062
11942
13050
13662
14370
15275
16227
17232
18202
19310
20234
21122
22187
23185
24323
25348
26441
27540
28574
29345
30178
31284
32509
33542
34618
35634
36331
37453
38577
39042
40099
41048
42148
43060
44167
45226
46097
47094
48217
49116
49897
50745
51815
52853
53910
54893
55998
57003
57703
58344
59383
60375
61334
62246
63317
64348
65320
66088
0
TO:V,FS:0,FT:3,PC:59
0
493
1659
2907
4208
5142
6415
7743
9071
10287
11449
12475
13466
14233
15169
16259
17593
18868
20017
20954
22187
23392
24765
25983
27214
28574
29383
30447
31712
33100
34340
35634
36480
37831
38781
39773
40966
42161
43249
44597
45666
46934
48241
49179
50074
51113
52246
53539
54691
55886
57056
57854
58716
59963
61071
62188
63467
64616
65749
66088
0
TO:V,FS:0,FT:4,PC:65
0
425
1449
2557
3676
4866
5788
6856
8020
9124
10287
11326
12271
13256
13797
14711
15670
16761
17937
18971
20028
20954
22116
23185
24465
25529
26680
27832
28985
29667
30793
31999
33228
34340
35492
36185
37366
38515
39118
40256
41255
42376
43564
44675
45666
46888
47994
49089
49732
50677
51702
52898
53910
54937
56059
57072
57874
58689
59856
60826
61814
62982
64080
65064
66046
66088
0
TO:V,FS:0,FT:5,PC:60
0
487
1526
2804
4056
5013
6253
7507
8722
10013
11120
12172
13256
13859
14836
15951
17176
18277
19451
20465
21561
22628
23899
25099
26245
27384
28636
29566
30753
32022
33290
34508
35634
36531
37791
38781
39824
40973
42212
43317
44579
45666
46843
47994
49089
49814
50856
52008
53245
54373
55465
56666
57525
58281
59443
60562
61514
62810
63978
65078
66088
0
TO:V,FS:1,FT:0,PC:78
0
357
1100
2042
2946
3912
4813
5520
6459
7448
8358
9323
10226
11108
11862
12825
13588
14074
14767
15566
16499
17376
18183
19173
19959
20678
21520
22352
23392
24359
25242
26176
27126
28081
29037
29615
30507
31427
32377
33326
34193
35183
35910
36697
37636
38541
39028
39985
40848
41715
42537
43535
44473
45414
46092
47054
48047
48965
49392
50166
51127
51994
52917
53829
54630
55513
56401
57166
57799
58368
59270
60180
60989
61814
62783
63718
64616
65426
66088
0
TO:V,FS:1,FT:1,PC:78
0
357
1108
2052
2946
3912
4813
5520
6468
7448
8361
9323
10226
11108
11862
12825
13588
14074
14798
15566
16499
17376
18183
19173
19959
20732
21570
22398
23442
24404
25291
26228
27227
28176
29132
29712
30604
31629
32599
33574
34533
35486
36084
37056
37974
38754
39308
40256
41097
42036
42879
43847
44823
45627
46389
47359
48344
49089
49571
50317
51269
52105
53071
53990
54820
55714
56525
57271
57897
58532
59415
60291
61131
61956
62925
63867
64706
65510
66088
0
TO:V,FS:1,FT:2,PC:92
0
286
808
1652
2451
3261
4082
4889
5512
6342
7141
7970
8768
9556
10287
11044
11642
12446
13195
13635
14074
14668
15454
16086
16875
17670
18359
19202
19901
20558
21226
21993
22694
23511
24299
25099
25893
26677
27492
28306
29129
29612
30342
31121
31926
32749
33518
34340
35146
35843
36402
37218
38008
38754
39165
39961
40695
41401
42165
42828
43659
44473
45302
45878
46588
47348
48137
48855
49284
50037
50637
51382
52095
52898
53711
54452
55185
55984
56698
57364
57897
58465
59199
59963
60712
61456
62129
62900
63668
64402
65086
65732
66088
0
TO:V,FS:1,FT:3,PC:77
0
357
1118
2105
3048
4018
4974
5773
6720
7704
8638
9619
10431
11379
12167
13139
13662
14370
15149
15951
16893
17886
18708
19598
20406
21226
22187
23133
24124
25069
25904
26871
27828
28782
29383
30178
31156
32138
33113
34019
34935
35758
36499
37494
38452
38978
39985
40848
41724
42537
43538
44473
45489
46291
47257
48254
49089
49571
50369
51319
52136
53174
54083
54937
55886
56811
57485
58104
58845
59829
60624
61497
62397
63371
64271
65104
65904
66088
0
TO:V,FS:1,FT:4,PC:87
0
357
969
1862
2660
3497
4331
5013
5884
6774
7634
8476
9291
10119
10900
11564
12289
13121
13662
14278
14880
15566
16345
17167
18006
18708
19495
20251
20998
21799
22446
23310
24166
25035
25795
26566
27367
28203
29024
29566
30381
31207
32042
32890
33722
34598
35379
35937
36807
37615
38427
38810
39719
40508
41270
42121
42856
43698
44519
45400
46035
46829
47648
48505
49116
49732
50383
51209
51994
52839
53654
54417
55148
55973
56737
57427
57978
58620
59443
60230
60979
61639
62512
63305
64122
64897
65613
66088
0
TO:V,FS:1,FT:5,PC:79
0
357
1100
2042
2946
3912
4793
5520
6415
7338
8264
9210
10126
10958
11701
12685
13436
13978
14675
15549
16405
17281
18082
19068
19854
20607
21376
22204
23176
24111
25061
25951
26818
27677
28574
29343
29998
30881
31830
32749
33665
34578
35482
36084
37045
37927
38754
39308
40256
41087
42036
42879
43847
44751
45627
46389
47348
48278
49089
49621
50362
51316
52136
53170
54035
54841
55766
56575
57321
57921
58541
59464
60291
61131
61956
62914
63718
64602
65338
66088
0
TO:V,FS:2,FT:0,PC:99
0
275
763
1526
2234
2970
3723
4458
5013
5768
6459
7206
7914
8575
9331
10013
10704
11414
11987
12748
13321
13770
14351
14874
15549
16197
16921
17626
18245
19041
19654
20251
20937
21578
22204
22966
23722
24506
25188
25893
26606
27321
28038
28782
29345
29949
30604
31377
32099
32882
33621
34379
35100
35636
36264
36998
37725
38460
38808
39493
40244
40884
41556
42291
42937
43698
44473
45218
45768
46530
47224
47981
48636
49160
49633
50166
50909
51614
52318
53042
53711
54404
55026
55762
56464
57110
57646
58140
58791
59517
60188
60864
61497
62139
62870
63555
64335
64968
65579
66088
0
TO:V,FS:2,FT:1,PC:99
0
275
763
1486
2212
2885
3676
4415
5013
5768
6503
7244
7958
8619
9372
10061
10704
11370
11942
12705
13283
13770
14351
14874
15549
16197
16921
17626
18260
19038
19654
20251
20937
21578
22204
22922
23700
24465
25188
25893
26606
27280
28038
28782
29345
29995
30677
31454
32183
32971
33710
34464
35183
35796
36331
37128
37831
38606
38969
39702
40373
41048
41768
42393
43120
43917
44597
45352
45908
46636
47300
48039
48757
49257
49786
50341
51038
51702
52456
53157
53865
54494
55148
55886
56525
57196
57689
58202
58870
59597
60188
60826
61497
62188
62914
63555
64296
64916
65500
66088
0
TO:V,FS:2,FT:2,PC:118
0
196
655
1210
1798
2400
3004
3676
4288
4862
5317
5908
6493
7085
7704
8300
8885
9465
10048
10566
11141
11591
12221
12825
13283
13730
14170
14586
15157
15646
16251
16839
17457
18018
18567
19202
19707
20251
20863
21370
21968
22441
23109
23722
24327
24916
25485
26096
26703
27321
27960
28574
29172
29566
30106
30716
31284
31972
32599
33256
33838
34464
35081
35634
36057
36664
37312
37902
38521
38808
39393
39985
40561
41122
41744
42348
42846
43490
44057
44671
45289
45736
46323
46934
47594
48233
48811
49231
49621
50127
50658
51249
51820
52456
53042
53654
54206
54763
55375
55964
56560
57110
57567
58065
58487
59062
59617
60188
60795
61346
61843
62448
63008
63555
64203
64776
65256
65749
66088
0
TO:V,FS:2,FT:3,PC:101
0
196
746
1415
2176
2847
3676
4372
4974
5593
6329
7045
7762
8480
9159
9908
10526
11282
11845
12579
13256
13706
14233
14775
15483
16082
16803
17504
18082
18868
19451
20163
20764
21328
22055
22619
23357
24076
24821
25453
26160
26818
27550
28293
28980
29421
30178
30941
31690
32409
33142
33893
34598
35293
35910
36531
37255
37911
38644
39013
39719
40382
41048
41732
42393
43086
43833
44561
45311
45866
46538
47233
47948
48641
49207
49711
50298
50997
51702
52424
53116
53781
54417
55026
55721
56390
57027
57525
58065
58581
59270
59963
60616
61226
61800
62536
63217
63921
64616
65218
65838
66088
0
TO:V,FS:2,FT:4,PC:113
0
271
746
1326
1986
2571
3235
3876
4506
5013
5576
6193
6856
7507
8074
8716
9372
9956
10518
11130
11591
12221
12864
13360
13770
14302
14780
15393
15951
16555
17176
17789
18340
19017
19557
20199
20704
21226
21849
22383
23078
23722
24396
25002
25546
26198
26854
27504
28144
28757
29343
29816
30432
31077
31735
32377
33066
33714
34340
34992
35556
35976
36623
37266
37902
38521
38808
39403
40061
40627
41181
41853
42393
43040
43734
44351
45018
45627
46179
46825
47444
48105
48701
49191
49651
50166
50818
51395
51994
52653
53245
53890
54452
55018
55658
56284
56873
57420
57874
58344
58952
59570
60168
60751
61334
61876
62536
63180
63780
64402
64964
65490
66018
66088
0
TO:V,FS:2,FT:5,PC:100
0
275
763
1526
2234
2926
3676
4415
5013
5723
6415
7165
7872
8535
9286
9971
10660
11326
11939
12664
13256
13694
14233
14789
15483
16064
16761
17476
18080
18868
19489
20199
20835
21405
22097
22715
23473
24204
24929
25536
26250
26940
27643
28357
29061
29566
30178
30896
31633
32318
33088
33763
34504
35225
35834
36402
37160
37868
38577
39013
39741
40409
41087
41809
42393
43120
43917
44597
45331
45948
46662
47385
48077
48748
49257
49828
50408
51127
51786
52499
53197
53910
54572
55220
55930
56596
57210
57703
58226
58911
59617
60272
60893
61514
62213
62925
63555
64331
64964
65534
66088
0
