The 7 Habits of Highly Effective People
LH:435257,BH:55064,MH:679346
TO:V,FS:0,FT:0,PC:48
0
646
1630
2661
3964
5289
6439
7442
8659
10068
11356
12562
13794
14848
16014
17064
18099
19451
20653
21729
22876
24127
25121
26476
27674
28852
30152
31287
32404
33284
34438
35469
36784
38183
39247
40387
41566
42823
44081
45265
46385
47492
48578
49820
51169
52432
53699
54766
55064
0
TO:V,FS:0,FT:1,PC:48
0
585
1570
2629
3905
5238
6439
7386
8601
10005
11303
12562
13794
14856
16078
17213
18195
19569
20720
21849
23033
24287
25364
26723
27866
29200
30417
31497
32543
33583
34644
35772
37070
38320
39511
40621
41806
43086
44293
45363
46494
47718
48654
49934
51225
52553
53789
54929
55064
0
TO:V,FS:0,FT:2,PC:57
0
477
1324
2213
3262
4286
5339
6370
7181
8084
9252
10366
11490
12536
13523
14450
15349
16270
17267
18099
19165
20253
21207
22178
23094
24070
24747
25840
26961
27891
28964
30051
31012
31950
32876
33706
34626
35469
36555
37645
38585
39492
40437
41347
42420
43485
44590
45412
46424
47323
48270
49295
50364
51401
52464
53565
54461
55064
0
TO:V,FS:0,FT:3,PC:48
0
646
1595
2643
3846
5147
6326
7278
8413
9787
11128
12479
13563
14732
15951
17064
18082
19279
20472
21533
22635
23917
24883
26262
27495
28563
29817
30948
32074
32990
34175
35075
36235
37544
38713
39776
41079
42225
43426
44855
45892
46853
47945
49084
50353
51641
52862
54048
55064
0
TO:V,FS:0,FT:4,PC:54
0
523
1465
2373
3463
4569
5634
6714
7638
8702
9874
11049
12200
13175
14271
15217
16270
17320
18150
19279
20403
21398
22524
23492
24407
25354
26454
27674
28793
29922
30948
31950
32924
33969
34902
35893
37070
38200
39186
40227
41275
42371
43485
44644
45563
46511
47641
48578
49685
50789
51943
53119
54106
55051
55064
0
TO:V,FS:0,FT:5,PC:51
0
576
1528
2491
3737
4978
6079
7035
8084
9499
10749
11925
12962
14092
15091
16253
17267
18195
19451
20531
21545
22593
23774
24638
25966
27246
28263
29463
30701
31715
32714
33688
34686
35763
37028
38200
39247
40325
41390
42589
43823
44939
46017
46967
47996
49084
50335
51523
52734
53881
54925
55064
0
TO:V,FS:1,FT:0,PC:66
0
414
1177
1839
2643
3480
4383
5238
6079
6884
7791
8601
9605
10521
11449
12399
13167
14092
14836
15731
16499
17349
18082
18949
19842
20821
21641
22541
23382
24243
24926
25840
26723
27674
28525
29463
30395
31224
32107
32907
33594
34298
35075
35886
36867
37832
38670
39487
40368
41275
42176
43086
43987
44939
45706
46494
47323
48065
48948
49852
50776
51674
52562
53453
54239
55048
55064
0
TO:V,FS:1,FT:1,PC:65
0
414
1177
1849
2643
3463
4383
5287
6130
6884
7791
8611
9605
10530
11490
12445
13219
14142
14920
15748
16596
17424
18099
19055
19962
20926
21729
22593
23429
24287
24997
25941
26827
27691
28628
29561
30487
31321
32196
32924
33692
34366
35092
35981
36970
37930
38773
39586
40477
41292
42270
43184
44158
45052
45911
46612
47512
48262
49112
50033
50966
51838
52751
53687
54451
55064
0
TO:V,FS:1,FT:2,PC:76
0
312
962
1570
2213
2977
3785
4566
5331
6079
6851
7482
8129
8983
9817
10645
11439
12217
12883
13707
14467
15137
15889
16583
17349
18052
18756
19500
20250
21033
21680
22510
23142
23904
24511
25174
25966
26771
27580
28263
29050
29817
30654
31368
32107
32820
33344
34149
34736
35340
36150
36950
37758
38417
39072
39776
40502
41275
41978
42728
43517
44308
45002
45702
46424
47119
47806
48498
49252
50056
50870
51662
52419
53167
53874
54522
55064
0
TO:V,FS:1,FT:3,PC:64
0
414
1177
1849
2661
3603
4475
5388
6233
6973
7820
8702
9698
10642
11586
12522
13321
14214
15021
15936
16719
17526
18249
19259
20183
21123
21926
22753
23614
24356
25151
26064
27008
27887
28852
29817
30794
31579
32493
33098
33906
34618
35403
36369
37377
38251
39086
40022
40918
41744
42725
43648
44696
45457
46328
47144
47912
48804
49706
50633
51574
52562
53505
54334
55064
0
TO:V,FS:1,FT:4,PC:74
0
362
1087
1744
2467
3317
4136
4946
5756
6532
7216
7879
8745
9548
10343
11184
12051
12787
13611
14438
15123
15936
16667
17424
18099
18924
19730
20576
21277
22026
22699
23498
24162
24729
25535
26392
27225
27951
28779
29505
30276
30948
31715
32514
33086
33794
34494
35185
36008
36850
37726
38414
39101
39902
40710
41376
42180
42978
43815
44625
45303
46060
46692
47454
48157
48912
49706
50492
51282
52061
52882
53668
54351
55014
55064
0
TO:V,FS:1,FT:5,PC:67
0
414
1177
1839
2629
3463
4334
5215
6079
6884
7743
8542
9499
10421
11348
12266
13040
13924
14715
15546
16314
17200
17959
18756
19642
20499
21277
22222
23025
23860
24572
25373
26315
27192
28003
28907
29817
30775
31561
32387
33041
33800
34498
35193
36081
37023
37975
38763
39536
40325
41236
42076
42899
43788
44769
45495
46314
47077
47823
48654
49566
50506
51430
52294
53227
53997
54747
55064
0
TO:V,FS:2,FT:0,PC:84
0
296
921
1496
2196
2839
3591
4308
5028
5741
6448
7055
7692
8309
9075
9768
10452
11184
11925
12579
13283
14022
14715
15358
16113
16710
17349
18052
18662
19397
20138
20847
21436
22149
22699
23411
24011
24590
25208
25919
26684
27412
28003
28739
29406
30051
30747
31368
31992
32584
33142
33838
34449
35092
35786
36519
37232
37951
38557
39136
39818
40490
41178
41779
42462
43174
43889
44610
45206
45911
46494
47174
47806
48438
49088
49829
50522
51237
51925
52604
53314
53930
54457
55051
55064
0
TO:V,FS:2,FT:1,PC:84
0
296
880
1412
2091
2754
3502
4187
4936
5580
6253
6867
7428
8038
8785
9499
10173
10930
11717
12431
13040
13731
14467
15080
15748
16433
17144
17794
18356
19132
19842
20618
21260
21895
22541
23158
23808
24345
24910
25624
26346
27092
27691
28409
29084
29721
30334
30948
31620
32284
32881
33379
34129
34733
35333
36029
36744
37466
38183
38807
39391
40064
40724
41333
42060
42752
43469
44214
44916
45431
46102
46644
47323
47901
48578
49262
49975
50676
51334
52056
52723
53434
54063
54596
55064
0
TO:V,FS:2,FT:2,PC:98
0
210
776
1267
1852
2373
2956
3582
4187
4839
5427
5995
6611
7055
7625
8084
8741
9397
9991
10584
11182
11790
12370
12868
13514
14092
14688
15172
15748
16346
16913
17505
18041
18554
19159
19730
20355
20962
21469
22084
22583
23158
23712
24270
24680
25311
25919
26515
27164
27674
28254
28845
29406
29927
30529
31034
31620
32187
32666
33142
33685
34221
34729
35212
35824
36437
37070
37703
38238
38823
39376
39938
40487
41058
41553
42153
42767
43426
44008
44610
45124
45695
46259
46734
47323
47823
48399
48968
49569
50155
50714
51290
51922
52514
53091
53684
54161
54629
55064
0
TO:V,FS:2,FT:3,PC:86
0
210
820
1397
2047
2661
3407
4090
4770
5485
6125
6812
7319
7879
8629
9310
10065
10777
11490
12232
12826
13545
14214
14826
15490
16213
16797
17465
18082
18713
19408
20094
20800
21346
22026
22593
23284
23860
24386
24943
25693
26392
27092
27691
28361
29050
29721
30376
30948
31620
32237
32847
33295
34004
34560
35143
35828
36566
37296
38042
38605
39179
39855
40546
41219
41779
42462
43174
43889
44579
45178
45817
46410
46958
47614
48192
48822
49509
50176
50847
51502
52197
52882
53588
54161
54729
55064
0
TO:V,FS:2,FT:4,PC:94
0
205
814
1340
1917
2415
3005
3621
4226
4852
5442
5995
6607
7090
7684
8242
8921
9581
10206
10835
11472
12122
12656
13298
13914
14504
15051
15655
16253
16797
17424
18041
18606
19226
19842
20531
21151
21653
22285
22812
23390
23968
24421
24985
25654
26299
26900
27560
28083
28732
29322
29887
30483
31030
31615
32237
32770
33196
33815
34361
34992
35542
36176
36822
37461
38116
38623
39174
39776
40402
41015
41566
42190
42801
43426
44092
44717
45274
45870
46462
47019
47638
48141
48691
49325
49934
50545
51142
51747
52361
52973
53551
54057
54565
55064
0
TO:V,FS:2,FT:5,PC:85
0
293
921
1496
2152
2754
3463
4187
4929
5563
6210
6867
7471
8027
8785
9499
10173
10890
11577
12266
12826
13563
14290
14858
15546
16253
16884
17526
18135
18842
19557
20272
20969
21545
22268
22825
23492
24077
24621
25290
25966
26723
27449
28043
28739
29406
30051
30747
31359
31992
32543
33142
33786
34321
35039
35633
36333
37070
37782
38401
38991
39682
40361
41054
41652
42336
43059
43743
44456
45068
45734
46371
46958
47614
48225
48858
49581
50287
50995
51674
52374
53082
53699
54294
54822
55064
0
