The 7 Habits of Highly Effective People
LH:541496,BH:44475,MH:679346
TO:V,FS:0,FT:0,PC:37
0
616
1369
2756
3963
5192
6384
7725
8860
10139
11339
12644
13890
15044
16284
17617
18838
20195
21488
22629
23917
25242
26622
27969
29127
30304
31477
32640
33851
35224
36528
37711
39081
40288
41506
42728
43792
44475
0
TO:V,FS:0,FT:1,PC:37
0
554
1342
2549
3735
4957
6270
7612
8762
10071
11322
12531
13776
14869
16200
17507
18716
20075
21372
22454
23756
25075
26444
27769
28961
30151
31306
32568
33752
35119
36517
37652
39081
40288
41516
42669
43740
44475
0
TO:V,FS:0,FT:2,PC:44
0
482
1316
2187
3132
4202
5230
6237
7284
8209
9271
10334
11339
12405
13511
14503
15581
16617
17712
18765
19852
20923
22048
23044
24136
25230
26305
27387
28495
29612
30532
31472
32568
33516
34556
35618
36661
37702
38832
39971
41011
42092
43182
44038
44475
0
TO:V,FS:0,FT:3,PC:38
0
554
1342
2500
3735
4921
6159
7492
8596
9886
11136
12219
13534
14624
15905
17145
18417
19754
21110
22289
23572
24857
26160
27387
28641
29852
31016
32385
33477
34779
36103
37303
38610
39936
41071
42269
43422
44369
44475
0
TO:V,FS:0,FT:4,PC:42
0
554
1342
2311
3373
4485
5572
6673
7870
8955
10139
11322
12393
13554
14553
15674
16731
17912
19077
20225
21356
22430
23563
24677
25743
26884
28046
29006
30077
31016
32236
33231
34313
35415
36528
37592
38761
39936
41058
42092
43245
44086
44475
0
TO:V,FS:0,FT:5,PC:39
0
554
1342
2431
3548
4575
5726
6923
8058
9271
10449
11524
12747
13890
14984
16200
17386
18582
19872
21041
22173
23367
24640
25913
27176
28416
29562
30667
31819
32866
34031
35333
36586
37711
39011
40182
41352
42481
43424
44475
0
TO:V,FS:1,FT:0,PC:51
0
404
1148
1878
2806
3711
4565
5417
6320
7233
8042
8951
9867
10777
11602
12494
13389
14310
15098
16021
16936
17805
18704
19668
20653
21604
22454
23432
24378
25290
26200
27169
28120
28998
29852
30785
31566
32516
33332
34261
35210
36157
37033
38012
38996
39965
40856
41819
42742
43538
44319
44475
0
TO:V,FS:1,FT:1,PC:50
0
404
1148
1882
2806
3716
4565
5417
6372
7333
8147
9057
10026
10924
11716
12644
13569
14428
15277
16200
17191
18100
18999
19976
20923
21838
22756
23719
24665
25577
26491
27387
28366
29245
30056
30985
31819
32632
33516
34465
35412
36381
37278
38258
39245
40182
41166
42092
42989
43732
44475
0
TO:V,FS:1,FT:2,PC:60
0
321
961
1498
2311
3101
3877
4565
5386
6094
6888
7664
8343
9120
9886
10580
11322
12072
12841
13598
14348
14992
15762
16503
17330
18081
18835
19617
20445
21197
21989
22701
23486
24279
25107
25850
26669
27440
28221
28986
29772
30463
31161
31922
32585
33332
34114
34876
35654
36465
37180
37912
38701
39515
40288
41097
41862
42632
43422
44030
44475
0
TO:V,FS:1,FT:3,PC:50
0
404
1148
1895
2856
3770
4673
5566
6520
7522
8364
9352
10216
11227
12042
12950
13881
14663
15619
16531
17534
18498
19482
20474
21350
22258
23235
24192
25165
26064
27037
28046
28845
29800
30631
31464
32431
33231
34142
35079
36073
36935
37933
38906
39823
40680
41665
42543
43422
44125
44475
0
TO:V,FS:1,FT:4,PC:57
0
368
1033
1741
2557
3318
4157
4929
5726
6571
7457
8157
8934
9808
10580
11339
12219
13059
13823
14533
15352
16179
16945
17779
18603
19425
20249
21080
21878
22658
23512
24324
25148
25988
26820
27611
28428
29186
29894
30708
31460
32296
32995
33757
34556
35333
36143
36964
37772
38610
39460
40288
41093
41904
42745
43422
44096
44475
0
TO:V,FS:1,FT:5,PC:52
0
404
1148
1867
2806
3711
4565
5417
6320
7228
7993
8848
9766
10565
11339
12266
13132
13968
14760
15704
16514
17386
18329
19163
20075
21009
21938
22756
23719
24656
25577
26444
27387
28366
29221
29959
30881
31662
32568
33332
34221
35163
36103
36964
37883
38849
39774
40658
41594
42430
43284
43967
44475
0
TO:V,FS:2,FT:0,PC:66
0
276
868
1412
2167
2865
3537
4264
4924
5629
6311
7017
7748
8329
9065
9808
10493
11247
11843
12586
13276
13996
14603
15310
16055
16731
17474
18181
18826
19534
20234
20949
21690
22344
23073
23786
24511
25242
25970
26687
27387
28120
28828
29543
30133
30871
31460
32205
32819
33457
34208
34865
35562
36263
36916
37633
38391
39102
39847
40465
41166
41862
42533
43269
43835
44448
44475
0
TO:V,FS:2,FT:1,PC:66
0
276
851
1369
2096
2792
3406
4098
4775
5417
6166
6902
7616
8209
8934
9673
10321
11077
11708
12463
13183
13823
14445
15179
15935
16560
17308
18021
18655
19415
20155
20868
21585
22241
22955
23616
24358
25098
25787
26531
27268
28001
28659
29373
29978
30656
31273
31993
32620
33332
34083
34779
35487
36182
36872
37592
38350
39102
39802
40465
41175
41862
42533
43227
43799
44427
44475
0
TO:V,FS:2,FT:2,PC:78
0
276
839
1342
1842
2419
3021
3583
4176
4755
5391
5920
6547
7171
7740
8249
8838
9427
10048
10580
11186
11706
12290
12899
13456
14047
14564
15150
15749
16344
16966
17541
18171
18736
19356
19953
20503
21110
21690
22270
22847
23432
24024
24589
25209
25784
26391
26959
27558
28161
28731
29364
29852
30482
31016
31610
32197
32697
33296
33862
34457
35042
35634
36263
36819
37440
38043
38649
39275
39860
40428
41033
41631
42170
42765
43370
43792
44319
44475
0
TO:V,FS:2,FT:3,PC:67
0
276
851
1342
1951
2660
3309
3978
4656
5351
5984
6698
7412
7983
8708
9419
10139
10819
11429
12151
12860
13542
14241
14811
15506
16200
16909
17598
18317
18999
19706
20407
21134
21778
22454
23140
23839
24511
25242
25941
26655
27343
28046
28659
29373
29984
30683
31282
31999
32585
33266
33915
34597
35256
35979
36661
37382
38054
38773
39460
40182
40893
41591
42224
42937
43538
44136
44475
0
TO:V,FS:2,FT:4,PC:76
0
201
755
1256
1753
2384
2966
3548
4116
4664
5248
5771
6409
7036
7651
8154
8746
9379
10038
10654
11285
11843
12483
13109
13704
14348
14881
15491
16129
16731
17386
18001
18603
19192
19872
20477
21048
21650
22189
22762
23337
23969
24589
25242
25850
26526
27176
27715
28338
28881
29499
30042
30624
31161
31819
32447
32972
33561
34189
34770
35370
35971
36593
37133
37776
38409
39056
39668
40288
40917
41516
42092
42701
43320
43817
44351
44475
0
TO:V,FS:2,FT:5,PC:66
0
276
868
1412
2167
2865
3524
4264
4924
5588
6270
6970
7664
8249
8969
9694
10353
11066
11663
12363
13083
13776
14428
15047
15757
16430
17145
17859
18558
19235
19931
20630
21322
22035
22658
23367
24113
24842
25561
26275
26959
27694
28407
29090
29821
30405
31016
31727
32409
33008
33659
34340
35020
35715
36437
37076
37768
38515
39221
39926
40547
41236
41947
42615
43356
43905
44475
0
