The 7 Habits of Highly Effective People
LH:585971,BH:24453,MH:679346
TO:V,FS:0,FT:0,PC:20
0
768
2143
3381
4689
6002
7289
8640
9994
11292
12630
13848
15198
16569
17849
19232
20354
21615
22942
24203
24453
0
TO:V,FS:0,FT:1,PC:20
0
833
2143
3387
4689
6002
7289
8640
9928
11231
12567
13848
15202
16569
17849
19232
20354
21615
22942
24196
24453
0
TO:V,FS:0,FT:2,PC:24
0
645
1680
2749
3792
4840
5925
7031
8124
9228
10288
11332
12392
13437
14510
15575
16662
17731
18811
19843
20919
22010
22988
24134
24453
0
TO:V,FS:0,FT:3,PC:20
0
768
2086
3339
4579
5942
7234
8538
9879
11298
12639
13848
15211
16574
17817
19119
20305
21553
22895
24207
24453
0
TO:V,FS:0,FT:4,PC:22
0
699
1795
2905
4061
5102
6265
7417
8578
9713
10916
12079
13177
14339
15514
16718
17849
18965
20110
21136
22248
23363
24453
0
TO:V,FS:0,FT:5,PC:21
0
706
2027
3216
4421
5679
6921
8200
9436
10674
11941
13122
14344
15602
16907
18149
19363
20470
21675
22887
24016
24453
0
TO:V,FS:1,FT:0,PC:28
0
600
1443
2324
3238
4184
5102
6059
6957
7872
8875
9756
10708
11619
12526
13384
14287
15271
16199
17163
18043
18913
19771
20668
21633
22597
23446
24415
24453
0
TO:V,FS:1,FT:1,PC:27
0
600
1443
2324
3238
4184
5102
6059
7005
7929
8892
9808
10807
11767
12683
13538
14490
15438
16398
17283
18204
19100
19984
20859
21838
22758
23675
24453
0
TO:V,FS:1,FT:2,PC:32
0
441
1298
2067
2885
3683
4452
5241
6033
6809
7613
8408
9207
9961
10803
11619
12420
13167
13955
14727
15486
16280
17058
17849
18640
19440
20183
20944
21728
22506
23234
24016
24453
0
TO:V,FS:1,FT:3,PC:27
0
441
1401
2257
3149
4091
5026
5967
6966
7878
8879
9759
10766
11719
12744
13586
14542
15488
16452
17400
18397
19350
20232
21136
22061
22957
23940
24453
0
TO:V,FS:1,FT:4,PC:31
0
441
1289
2086
2923
3717
4535
5314
6152
6992
7805
8667
9478
10321
11158
12009
12839
13638
14469
15300
16099
16918
17779
18640
19424
20183
20994
21838
22634
23441
24263
24453
0
TO:V,FS:1,FT:5,PC:28
0
600
1443
2324
3191
4135
5014
5907
6809
7733
8678
9561
10494
11389
12286
13173
14051
14976
15885
16812
17738
18600
19496
20327
21264
22164
22988
23965
24453
0
TO:V,FS:2,FT:0,PC:35
0
345
1016
1713
2407
3102
3792
4535
5226
5967
6683
7423
8146
8879
9552
10303
11051
11782
12487
13157
13848
14578
15310
16058
16781
17489
18204
18965
19605
20305
21028
21739
22458
23154
23914
24453
0
TO:V,FS:2,FT:1,PC:35
0
345
1016
1747
2407
3102
3792
4535
5226
5967
6683
7393
8153
8879
9596
10344
11094
11826
12529
13203
13888
14634
15353
16099
16781
17530
18249
18999
19641
20305
20983
21670
22371
23065
23817
24453
0
TO:V,FS:2,FT:2,PC:42
0
275
833
1418
2051
2631
3216
3792
4387
4994
5589
6190
6768
7374
7987
8578
9201
9777
10413
11009
11570
12191
12800
13375
13955
14569
15183
15757
16374
16994
17590
18204
18801
19424
19990
20562
21190
21813
22399
22957
23606
24216
24453
0
TO:V,FS:2,FT:3,PC:36
0
345
1016
1747
2451
3187
3882
4579
5232
5925
6612
7302
8014
8761
9478
10189
10916
11611
12326
13032
13769
14455
15168
15875
16569
17283
18031
18760
19483
20165
20776
21488
22190
22887
23564
24263
24453
0
TO:V,FS:2,FT:4,PC:41
0
318
945
1530
2156
2771
3396
3975
4608
5178
5798
6429
7016
7582
8221
8834
9449
10085
10727
11369
11949
12592
13157
13798
14394
15049
15684
16357
16998
17584
18241
18874
19531
20129
20635
21238
21821
22462
22988
23668
24289
24453
0
TO:V,FS:2,FT:5,PC:36
0
374
1053
1747
2407
3102
3792
4495
5181
5884
6596
7302
8014
8753
9452
10178
10916
11654
12362
13032
13728
14451
15202
15931
16662
17400
18139
18801
19509
20183
20859
21568
22279
22957
23683
24434
24453
0
