The 7 Habits of Highly Effective People
LH:630812,BH:22268,MH:679346
TO:V,FS:0,FT:0,PC:18
0
924
2183
3534
4776
6109
7494
8784
10123
11482
12645
13968
15317
16529
17806
18975
20205
21527
22268
0
TO:V,FS:0,FT:1,PC:18
0
867
2126
3464
4718
6056
7430
8727
10065
11430
12645
13968
15376
16591
17844
19086
20320
21592
22268
0
TO:V,FS:0,FT:2,PC:22
0
707
1699
2833
3874
4937
6040
7156
8186
9327
10389
11511
12512
13580
14677
15693
16809
17844
18847
19910
20987
22036
22268
0
TO:V,FS:0,FT:3,PC:18
0
867
2126
3464
4667
5993
7309
8577
9872
11199
12359
13653
14959
16185
17519
18733
19976
21191
22268
0
TO:V,FS:0,FT:4,PC:20
0
797
1807
3050
4093
5184
6392
7515
8603
9844
11005
12156
13251
14388
15530
16622
17806
18882
20012
21107
22268
0
TO:V,FS:0,FT:5,PC:19
0
861
2011
3171
4306
5639
6896
8024
9332
10617
11889
13013
14306
15603
16774
17960
19146
20267
21470
22268
0
TO:V,FS:1,FT:0,PC:25
0
597
1432
2339
3264
4087
5031
5961
6870
7847
8778
9750
10662
11604
12393
13336
14204
15116
16006
16957
17844
18733
19669
20489
21391
22268
0
TO:V,FS:1,FT:1,PC:25
0
597
1432
2339
3264
4087
5031
5961
6881
7847
8784
9750
10703
11656
12491
13415
14317
15272
16152
17091
18000
18875
19822
20602
21537
22268
0
TO:V,FS:1,FT:2,PC:30
0
478
1121
1916
2699
3464
4176
4971
5772
6533
7309
8051
8875
9671
10468
11269
12070
12776
13584
14344
15116
15797
16598
17385
18167
18823
19623
20307
21107
21856
22268
0
TO:V,FS:1,FT:3,PC:25
0
647
1526
2481
3359
4246
5184
6176
7144
8002
8985
9927
10919
11911
12780
13722
14655
15634
16565
17495
18464
19390
20238
21203
22187
22268
0
TO:V,FS:1,FT:4,PC:29
0
535
1282
2126
2960
3771
4480
5271
6123
6952
7763
8545
9386
10221
11026
11866
12637
13447
14290
15113
15842
16684
17479
18314
18988
19826
20589
21391
22215
22268
0
TO:V,FS:1,FT:5,PC:26
0
597
1432
2339
3264
4031
4982
5905
6820
7746
8577
9498
10422
11348
12213
13088
14009
14909
15734
16614
17535
18464
19275
20085
20987
21856
22268
0
TO:V,FS:2,FT:0,PC:32
0
445
1121
1857
2574
3279
3926
4650
5358
6069
6820
7564
8235
8970
9703
10456
11144
11866
12550
13296
13988
14714
15469
16136
16894
17600
18332
18944
19669
20337
21049
21804
22268
0
TO:V,FS:2,FT:1,PC:32
0
445
1121
1815
2533
3243
3874
4564
5271
5993
6735
7437
8107
8838
9585
10331
11026
11792
12464
13218
13913
14634
15408
16049
16809
17523
18252
18859
19588
20247
20987
21704
22268
0
TO:V,FS:2,FT:2,PC:39
0
352
988
1469
2082
2680
3264
3855
4388
4975
5566
6172
6751
7343
7900
8517
9132
9728
10331
10953
11574
12156
12725
13344
13949
14573
15224
15754
16374
16968
17543
18157
18665
19220
19822
20337
20946
21537
22137
22268
0
TO:V,FS:2,FT:3,PC:33
0
425
1099
1734
2467
3152
3874
4577
5271
5993
6697
7447
8076
8803
9505
10221
10919
11638
12295
13013
13745
14446
15155
15754
16465
17169
17844
18562
19177
19890
20504
21177
21848
22268
0
TO:V,FS:2,FT:4,PC:36
0
397
1043
1652
2283
2899
3505
4097
4750
5377
6029
6664
7309
7900
8555
9170
9807
10486
11102
11730
12295
12918
13584
14237
14929
15564
16148
16809
17462
18112
18646
19177
19826
20374
21046
21696
22268
0
TO:V,FS:2,FT:5,PC:33
0
445
1121
1815
2492
3193
3874
4564
5271
5969
6683
7390
8024
8761
9468
10208
10926
11649
12295
13009
13722
14427
15147
15797
16548
17257
17960
18657
19264
19956
20602
21337
22065
22268
0
