The 7 Habits of Highly Effective People
LH:659074,BH:18365,MH:679346
TO:V,FS:0,FT:0,PC:15
0
725
1529
2863
4183
5402
6764
8064
9383
10740
12087
13533
14957
16372
17699
18365
0
TO:V,FS:0,FT:1,PC:15
0
775
1589
2871
4242
5454
6764
8143
9416
10880
12200
13655
15191
16597
17931
18365
0
TO:V,FS:0,FT:2,PC:18
0
644
1467
2300
3422
4508
5495
6591
7728
8827
9974
11000
12200
13415
14608
15738
16826
17918
18365
0
TO:V,FS:0,FT:3,PC:15
0
725
1529
2818
4124
5289
6591
7902
9208
10541
11853
13277
14668
16036
17445
18365
0
TO:V,FS:0,FT:4,PC:17
0
702
1502
2451
3650
4804
5969
7160
8307
9538
10744
11983
13257
14434
15754
16950
18082
18365
0
TO:V,FS:0,FT:5,PC:16
0
653
1502
2579
3791
4974
6227
7442
8579
9829
11130
12451
13655
15133
16478
17610
18365
0
TO:V,FS:1,FT:0,PC:21
0
587
1297
1969
2871
3813
4756
5532
6591
7507
8439
9416
10494
11464
12489
13406
14379
15351
16383
17228
18184
18365
0
TO:V,FS:1,FT:1,PC:21
0
587
1341
2012
2919
3862
4804
5655
6638
7609
8553
9538
10541
11519
12531
13449
14434
15503
16530
17371
18327
18365
0
TO:V,FS:1,FT:2,PC:25
0
481
1093
1575
2354
3153
3937
4657
5389
6240
7057
7784
8579
9383
10235
11000
11879
12746
13494
14349
15226
16022
16774
17586
18351
18365
0
TO:V,FS:1,FT:3,PC:20
0
548
1257
1930
2871
3870
4844
5752
6741
7721
8645
9637
10637
11617
12700
13655
14795
15797
16758
17699
18365
0
TO:V,FS:1,FT:4,PC:23
0
481
1093
1621
2466
3296
4124
4879
5741
6591
7407
8209
8989
9875
10758
11605
12549
13359
14254
15142
15991
16863
17686
18365
0
TO:V,FS:1,FT:5,PC:21
0
524
1176
1804
2703
3624
4508
5317
6240
7194
8130
9071
9986
11000
11980
13000
13931
14925
15887
16826
17744
18365
0
TO:V,FS:2,FT:0,PC:27
0
426
960
1444
1997
2723
3468
4164
4865
5495
6283
6991
7707
8349
9102
9875
10646
11406
12141
12947
13655
14434
15300
16036
16818
17533
18229
18365
0
TO:V,FS:2,FT:1,PC:26
0
426
960
1444
1997
2723
3468
4164
4865
5495
6283
6997
7707
8349
9102
9875
10646
11406
12141
12947
13655
14434
15300
16036
16863
17610
18365
0
TO:V,FS:2,FT:2,PC:32
0
339
790
1245
1610
2188
2787
3414
4004
4628
5169
5791
6395
6997
7580
8158
8751
9352
9986
10669
11312
11912
12602
13195
13829
14434
15175
15821
16493
17026
17627
18229
18365
0
TO:V,FS:2,FT:3,PC:27
0
426
921
1407
1917
2606
3296
4004
4694
5331
6087
6812
7545
8255
8889
9653
10394
11112
11826
12636
13336
14088
14880
15606
16383
17038
17731
18365
0
TO:V,FS:2,FT:4,PC:30
0
404
831
1289
1707
2300
2946
3586
4196
4804
5376
6076
6702
7366
7963
8621
9243
9918
10563
11224
11858
12602
13253
13972
14699
15333
15993
16675
17310
17938
18365
0
TO:V,FS:2,FT:5,PC:27
0
466
952
1403
1913
2641
3359
4041
4735
5371
6140
6823
7545
8209
8889
9651
10399
11156
11848
12662
13403
14183
14978
15701
16493
17156
17891
18365
0
