TO:V,FS:0,FT:0,PC:13
0
1132
2578
3981
5363
6887
8360
9751
11218
12683
14066
15594
17089
17981
0
TO:V,FS:0,FT:1,PC:13
0
1070
2578
3985
5422
6947
8360
9751
11218
12683
14066
15605
17089
17981
0
TO:V,FS:0,FT:2,PC:14
0
1070
2522
3866
5243
6710
8162
9447
10811
12228
13513
14962
16413
17825
17981
0
TO:V,FS:1,FT:0,PC:17
0
798
1908
3055
4166
5275
6429
7535
8526
9678
10754
11865
12809
13965
15121
16261
17359
17981
0
TO:V,FS:1,FT:1,PC:17
0
798
1917
3064
4118
5223
6351
7434
8378
9523
10568
11622
12683
13778
14930
16058
17193
17981
0
TO:V,FS:1,FT:2,PC:18
0
798
1841
2897
3960
5028
6153
7242
8312
9283
10328
11368
12448
13432
14526
15605
16714
17747
17981
0
TO:V,FS:2,FT:0,PC:22
0
622
1457
2297
3127
3996
4807
5610
6496
7336
8155
8862
9738
10595
11395
12215
12963
13824
14674
15519
16359
17193
17981
0
TO:V,FS:2,FT:1,PC:22
0
622
1457
2297
3127
3996
4807
5610
6516
7376
8243
8957
9782
10642
11487
12317
13049
13913
14770
15605
16500
17339
17981
0
TO:V,FS:2,FT:2,PC:23
0
576
1371
2209
3014
3822
4617
5335
6210
7037
7868
8505
9329
10104
10921
11750
12527
13238
14033
14860
15651
16500
17293
17981
0
TO:H,FS:0,FT:0,PC:14
0
979
2357
3815
5123
6587
7976
9204
10665
12027
13327
14723
16160
17667
17981
0
TO:H,FS:0,FT:1,PC:14
0
899
2357
3815
5123
6587
8057
9286
10701
12106
13397
14797
16233
17744
17981
0
TO:H,FS:0,FT:2,PC:14
0
899
2289
3738
5123
6587
8057
9283
10701
12106
13413
14797
16233
17744
17981
0
TO:H,FS:1,FT:0,PC:18
0
645
1722
2800
3866
4936
6022
7115
8170
9042
10117
11229
12277
13181
14262
15344
16473
17421
17981
0
TO:H,FS:1,FT:1,PC:18
0
645
1722
2800
3866
4936
6022
7115
8181
9042
10114
11229
12277
13181
14262
15344
16473
17553
17981
0
TO:H,FS:1,FT:2,PC:18
0
576
1657
2733
3760
4807
5888
6989
8049
8894
9965
11024
12073
12973
14041
15092
16211
17266
17981
0
TO:H,FS:2,FT:0,PC:23
0
501
1245
2114
2922
3728
4532
5304
6167
6989
7799
8487
9322
10151
10983
11823
12642
13356
14179
15079
15924
16737
17536
17981
0
TO:H,FS:2,FT:1,PC:23
0
501
1245
2114
2922
3728
4532
5304
6191
7050
7857
8541
9386
10210
11038
11872
12683
13477
14293
15194
16005
16842
17643
17981
0
TO:H,FS:2,FT:2,PC:23
0
501
1305
2174
2971
3793
4568
5354
6225
7050
7857
8541
9393
10210
11038
11872
12683
13443
14234
15137
15981
16787
17591
17981
0
