The Power of Habit
LH:19086,BH:50471,MH:544923
TO:V,FS:0,FT:0,PC:29
0
1134
3081
5046
6754
8680
10507
12341
14159
15817
17693
19492
21357
22924
24825
25992
27987
29643
30964
32887
34547
36299
37744
39685
41353
43246
44922
46834
48691
50471
0
TO:V,FS:0,FT:1,PC:29
0
1134
3081
5046
6770
8685
10507
12347
14231
15881
17716
19492
21429
23070
24969
26061
28058
29722
31031
32961
34598
36372
37814
39707
41420
43313
44992
46903
48763
50471
0
TO:V,FS:0,FT:2,PC:30
0
1066
2949
4848
6553
8474
10325
12146
13945
15553
17374
19075
20938
22494
24388
25481
27374
28918
30241
32161
33832
35662
36984
38801
40513
42459
44216
45939
47737
49553
50471
0
TO:V,FS:0,FT:3,PC:30
0
1066
2949
4807
6431
8272
10055
11876
13678
15360
17171
18808
20722
22227
24150
25342
27282
28776
30170
32108
33771
35529
36901
38693
40397
42335
44305
45957
47757
49553
50471
0
TO:V,FS:0,FT:4,PC:33
0
999
2731
4334
5905
7542
9212
10846
12519
14192
15729
17324
18799
20463
22038
23470
25026
26061
27717
29083
30291
31957
33617
35051
36592
37871
39563
41046
42735
44446
45977
47597
49245
50471
0
TO:V,FS:0,FT:5,PC:32
0
1066
2826
4572
6220
7986
9695
11395
13056
14658
16356
18080
19687
21357
22781
24601
25675
27509
28987
30308
32082
33701
35401
36689
38323
40104
41686
43445
44992
46763
48502
50096
50471
0
TO:V,FS:0,FT:6,PC:35
0
930
2552
4167
5769
7260
8911
10504
12137
13721
15148
16725
18276
19687
21340
22622
24233
25219
26632
28241
29481
30585
32181
33684
35238
36609
37871
39547
40943
42555
44184
45648
47166
48755
50183
50471
0
TO:V,FS:0,FT:7,PC:34
0
930
2552
4110
5632
7194
8911
10495
12124
13721
15217
16824
18423
19936
21555
22848
24513
25470
27183
28654
29790
30890
32574
34021
35662
36883
38456
40079
41542
43167
44783
46372
48032
49621
50471
0
TO:V,FS:1,FT:0,PC:38
0
930
2412
3879
5308
6673
8183
9628
11074
12519
14011
15380
16758
18245
19580
20977
22147
23647
25026
25944
27415
28654
29790
30827
32259
33684
35051
36398
37517
38915
40251
41702
43162
44695
45994
47470
48996
50358
50471
0
TO:V,FS:1,FT:1,PC:38
0
930
2421
3901
5331
6731
8188
9680
11138
12632
14129
15498
16942
18423
19741
21158
22323
23831
25026
25944
27415
28654
29790
30827
32311
33684
35051
36340
37473
38860
40251
41702
43234
44754
46055
47532
49052
50421
50471
0
TO:V,FS:1,FT:2,PC:39
0
832
2220
3656
5018
6336
7774
9203
10551
11994
13389
14658
16022
17387
18727
20090
21479
22630
24074
25138
26246
27672
28763
29927
31180
32602
33815
35227
36516
37569
38976
40251
41691
43162
44632
45902
47289
48691
50015
50471
0
TO:V,FS:1,FT:3,PC:38
0
867
2327
3783
5200
6505
7953
9457
10908
12347
13788
15083
16566
18004
19296
20651
22038
23286
24825
25632
27035
28445
29677
30627
32096
33534
34723
35998
37163
38565
40010
41297
42795
44305
45562
46944
48425
49751
50471
0
TO:V,FS:1,FT:4,PC:42
0
818
1996
3252
4511
5732
6974
8234
9517
10771
12089
13332
14624
15729
17011
18297
19497
20796
22038
23165
24500
25269
26595
27887
28977
30015
31134
32465
33684
34911
36055
37073
38279
39554
40717
41990
43322
44638
45802
47069
48366
49606
50471
0
TO:V,FS:1,FT:5,PC:40
0
832
2220
3531
4891
6171
7598
8968
10342
11660
12988
14368
15606
16935
18347
19566
20856
22088
23513
24887
25688
27029
28445
29657
30627
32011
33416
34598
35882
36917
38236
39622
40807
42176
43511
44783
46226
47649
49042
50355
50471
0
TO:V,FS:1,FT:6,PC:44
0
725
1918
3174
4378
5566
6702
7933
9193
10427
11599
12853
14064
15199
16419
17661
18743
20021
21257
22190
23454
24737
25389
26670
27922
28879
29865
30985
32259
33529
34562
35597
36609
37621
38915
40146
41197
42443
43731
44841
46055
47264
48478
49671
50471
0
TO:V,FS:1,FT:7,PC:45
0
717
1915
3161
4378
5566
6702
7929
9193
10427
11599
12833
14064
15199
16419
17586
18727
19910
21126
22088
23330
24623
25269
26554
27817
28760
29790
30678
31927
33148
34205
35347
36386
37350
38565
39707
40781
42002
43277
44493
45588
46763
48019
49237
50355
50471
0
TO:V,FS:2,FT:0,PC:49
0
662
1675
2779
3879
5003
6042
7162
8272
9357
10438
11483
12595
13678
14658
15776
16856
17971
18944
20068
21147
22088
23165
24326
25182
26071
27214
28336
29235
30122
31083
32259
33401
34267
35332
36264
37109
38122
39192
40233
41257
42335
43420
44480
45498
46553
47722
48801
49833
50471
0
TO:V,FS:2,FT:1,PC:49
0
662
1675
2779
3838
4947
5993
7064
8178
9267
10342
11432
12557
13628
14640
15630
16758
17815
18840
19991
21036
22038
22990
24127
25076
25966
27122
28290
29180
30067
31031
32175
33243
34215
35281
36217
37060
38122
39192
40233
41208
42298
43370
44425
45445
46507
47669
48745
49806
50471
0
TO:V,FS:2,FT:2,PC:50
0
607
1576
2679
3726
4802
5816
6875
7953
9054
10091
11166
12231
13288
14304
15182
16263
17293
18367
19308
20352
21458
22339
23414
24543
25219
26116
27214
28336
29288
30117
31083
32207
33294
34193
35201
36158
36968
38004
39114
40153
41062
42141
43216
44315
45192
46226
47316
48415
49469
50471
0
TO:V,FS:2,FT:3,PC:49
0
607
1576
2744
3794
4899
5905
6974
8020
9121
10199
11296
12400
13483
14579
15553
16622
17707
18743
19896
21010
22038
22997
24146
25076
25913
27078
28193
29091
29969
30879
32021
33136
34059
35152
36108
36917
37972
39057
40171
41111
42207
43322
44425
45398
46455
47580
48683
49701
50471
0
TO:V,FS:2,FT:4,PC:56
0
607
1531
2508
3441
4399
5331
6266
7198
8161
9087
9988
10891
11830
12797
13671
14554
15391
16340
17229
18172
18956
19932
20878
21825
22630
23570
24581
25219
26061
27045
28030
28826
29790
30493
31452
32393
33353
34143
35090
35981
36734
37697
38665
39632
40427
41353
42335
43285
44207
45057
45994
46894
47854
48785
49690
50471
0
TO:V,FS:2,FT:5,PC:51
0
662
1622
2731
3761
4839
5816
6851
7904
8956
9988
11056
12130
13180
14210
15083
16170
17198
18262
19197
20256
21357
22237
23309
24388
25219
26167
27214
28290
29180
30058
30978
32051
33088
33936
34992
35933
36689
37686
38781
39758
40689
41763
42815
43837
44783
45828
46866
47963
49002
49978
50471
0
TO:V,FS:2,FT:6,PC:58
0
500
1324
2252
3136
4044
4991
5863
6773
7704
8613
9566
10485
11422
12297
13232
14145
14904
15847
16746
17611
18504
19296
20206
21190
22038
22831
23760
24727
25269
26246
27205
28137
28910
29790
30413
31415
32354
33331
34074
35019
35882
36609
37350
38269
39182
40137
40951
41875
42815
43731
44719
45535
46455
47380
48294
49224
50127
50471
0
TO:V,FS:2,FT:7,PC:59
0
487
1324
2233
3136
4044
4991
5863
6770
7680
8613
9502
10412
11320
12205
13082
14002
14757
15684
16595
17420
18350
19108
20039
20987
21915
22670
23591
24487
25219
26047
27003
27922
28654
29459
30152
30968
31880
32815
33684
34533
35401
36210
36917
37814
38742
39659
40447
41353
42308
43254
44173
44979
45906
46814
47757
48648
49553
50458
50471
0
TO:V,FS:3,FT:0,PC:62
0
517
1349
2243
3038
3901
4782
5604
6439
7288
8161
8992
9823
10659
11472
12313
13170
13956
14658
15520
16377
17184
18044
18743
19627
20463
21335
22038
22781
23647
24487
25168
25884
26768
27666
28471
29205
29913
30671
31536
32348
33222
33914
34785
35597
36421
37138
38017
38887
39743
40475
41331
42199
43093
43904
44767
45591
46393
47255
48103
48919
49701
50471
0
TO:V,FS:3,FT:1,PC:62
0
517
1349
2256
3081
3946
4844
5632
6526
7384
8207
9039
9872
10669
11524
12391
13256
14043
14749
15606
16473
17270
18124
18826
19713
20513
21357
22088
22972
23848
24769
25269
26149
27035
27942
28704
29611
30170
30998
31865
32755
33557
34306
35182
35981
36689
37569
38442
39276
40120
40852
41716
42608
43420
44254
45014
45902
46709
47562
48453
49296
50059
50471
0
TO:V,FS:3,FT:2,PC:66
0
471
1206
2016
2816
3609
4448
5252
6032
6840
7664
8453
9247
10029
10794
11610
12427
13256
13998
14658
15474
16282
17062
17862
18672
19371
20159
21010
21825
22494
23303
24121
24969
25456
26279
27122
27969
28654
29364
30033
30760
31589
32393
33222
33872
34694
35460
36257
36910
37697
38530
39364
40164
40852
41656
42504
43337
44166
44876
45726
46483
47298
48098
48877
49645
50396
50471
0
TO:V,FS:3,FT:3,PC:63
0
474
1270
2115
2949
3794
4642
5468
6315
7151
7992
8860
9706
10578
11432
12272
13126
13904
14640
15407
16254
17079
17862
18727
19530
20390
21257
22038
22781
23668
24535
25219
25944
26814
27672
28522
29214
29865
30604
31427
32259
33136
33832
34647
35448
36210
36871
37714
38575
39409
40233
40987
41875
42719
43613
44463
45192
46039
46853
47694
48550
49357
50156
50471
0
TO:V,FS:3,FT:4,PC:70
0
462
1184
1970
2731
3474
4239
4977
5718
6409
7141
7904
8655
9404
10145
10891
11660
12382
13103
13838
14591
15199
15968
16693
17430
18204
18864
19627
20356
21092
21857
22494
23236
24025
24825
25306
26047
26842
27578
28347
28982
29790
30325
31023
31801
32574
33353
33981
34763
35460
36164
36767
37544
38279
38996
39743
40415
41144
41866
42639
43378
44120
44783
45535
46266
47033
47831
48598
49325
50015
50471
0
TO:V,FS:3,FT:5,PC:63
0
517
1248
2104
2937
3776
4625
5468
6220
7064
7919
8792
9613
10438
11271
12100
12953
13752
14554
15299
16151
16935
17774
18624
19371
20203
21005
21870
22574
23421
24275
25026
25573
26454
27346
28193
28879
29790
30401
31268
32117
32946
33684
34472
35281
36099
36734
37569
38442
39312
40120
40807
41638
42473
43328
44120
44876
45751
46563
47428
48270
49095
49833
50471
0
TO:V,FS:3,FT:6,PC:73
0
366
1040
1739
2464
3208
3901
4621
5331
5993
6697
7448
8165
8901
9566
10305
10969
11730
12423
13151
13868
14598
15252
16001
16699
17374
18108
18743
19497
20237
20982
21720
22300
23081
23831
24556
25120
25693
26442
27159
27894
28600
29182
29792
30427
31169
31941
32689
33416
34035
34775
35460
36164
36734
37430
38165
38932
39685
40297
41016
41749
42516
43271
43991
44750
45361
46120
46853
47601
48349
49074
49745
50433
50471
0
TO:V,FS:3,FT:7,PC:73
0
366
1040
1739
2464
3208
3901
4621
5331
5993
6697
7448
8165
8901
9566
10266
10931
11683
12382
13110
13783
14519
15167
15911
16622
17293
18023
18727
19414
20118
20866
21608
22171
22909
23672
24388
25026
25470
26203
26898
27646
28356
28918
29698
30170
30904
31644
32385
33126
33701
34423
35132
35805
36531
37073
37800
38530
39266
39989
40616
41353
42085
42834
43554
44294
44914
45661
46350
47093
47846
48572
49296
49960
50471
0
