The Power of Habit
LH:69557,BH:51269,MH:544923
TO:V,FS:0,FT:0,PC:32
0
1269
3103
4833
6724
8209
10016
11566
13335
15280
17059
18795
20597
22329
24070
25953
27478
28610
30441
31987
32839
34080
35791
37354
38969
40725
42520
43948
45746
47574
49183
51003
51269
0
TO:V,FS:0,FT:1,PC:32
0
1201
3103
4833
6724
8209
10016
11566
13400
15358
17197
18865
20663
22399
24129
26025
27540
28610
30441
31987
32765
33936
35655
37270
38828
40662
42491
43741
45549
47414
48988
50861
51269
0
TO:V,FS:0,FT:2,PC:32
0
1201
3032
4815
6591
7946
9785
11292
13131
15084
16974
18603
20458
22196
23873
25750
27136
28222
30056
31867
32405
33537
34940
36654
38023
39792
41604
42955
44610
46432
47864
49801
51269
0
TO:V,FS:0,FT:3,PC:32
0
1131
2964
4745
6465
7933
9584
11198
12950
14823
16709
18254
20046
21908
23582
25303
26827
27962
29425
31372
32208
33349
34664
36524
37900
39723
41546
42961
44539
46300
47797
49758
51269
0
TO:V,FS:0,FT:4,PC:35
0
1079
2763
4380
5849
7570
8839
10477
11957
13525
15214
16826
18236
19860
21417
22982
24488
26101
27388
28338
30088
31760
32405
33476
34707
36428
37669
39366
40900
42520
43770
45458
47031
48434
50148
51269
0
TO:V,FS:0,FT:5,PC:34
0
1056
2825
4537
6041
7739
9039
10619
12312
13931
15685
17384
18925
20597
22242
23797
25567
27006
28200
29844
31723
32405
33537
34869
36581
37879
39448
41126
42522
44038
45746
47478
48829
50566
51269
0
TO:V,FS:0,FT:6,PC:37
0
983
2567
4127
5539
7100
8332
9830
11125
12726
14268
15882
17406
18859
20501
22021
23567
24967
26564
27602
28529
30180
31827
32405
33441
34531
36120
37407
38808
40311
41904
43077
44462
46030
47574
48880
50496
51269
0
TO:V,FS:0,FT:7,PC:36
0
983
2638
4261
5677
7272
8504
10016
11360
12950
14581
16234
17706
19182
20773
22242
23659
25285
26827
27804
29010
30687
31984
32552
33587
35098
36654
37863
39448
41042
42520
43597
45299
46890
48138
49842
51269
0
TO:V,FS:1,FT:0,PC:40
0
900
2360
3729
5004
6497
7837
8957
10356
11645
13055
14591
16080
17445
18673
20046
21480
22800
24122
25535
26827
27739
28876
30416
31867
32405
33349
34513
35893
37154
38398
39843
41185
42520
43597
45098
46504
47664
49141
50648
51269
0
TO:V,FS:1,FT:1,PC:40
0
845
2360
3729
5014
6497
7837
8999
10416
11714
13113
14591
16024
17406
18603
20046
21480
22800
24129
25593
26827
27681
28825
30360
31867
32405
33356
34513
35941
37215
38530
39919
41355
42603
43879
45397
46797
48031
49515
50978
51269
0
TO:V,FS:1,FT:2,PC:41
0
845
2242
3555
4833
6255
7669
8715
10073
11249
12638
14050
15502
16889
18151
19404
20758
22104
23466
24692
26101
27181
28101
29281
30732
31917
32484
33537
34531
35998
37137
38338
39723
41068
42520
43528
44977
46328
47574
48765
50203
51269
0
TO:V,FS:1,FT:3,PC:40
0
900
2431
3735
4959
6462
7837
8957
10296
11543
12950
14427
15908
17301
18369
19860
21285
22577
23897
25303
26731
27602
28466
29966
31434
32158
32938
33889
35246
36654
37730
39202
40568
42026
43138
44391
45858
47274
48434
49898
51269
0
TO:V,FS:1,FT:4,PC:44
0
776
2062
3318
4560
5684
6906
7946
9203
10445
11607
12895
14251
15600
16936
18142
19316
20581
21924
23108
24216
25497
26827
27604
28625
29962
31296
32096
32905
33692
34836
36100
37196
38280
39596
40909
42185
43129
44260
45490
46728
47771
49080
50416
51269
0
TO:V,FS:1,FT:5,PC:42
0
845
2242
3555
4833
6255
7593
8672
9947
11080
12469
13863
15246
16599
17891
19090
20398
21769
23033
24249
25644
26827
27739
28876
30303
31723
32332
33167
34310
35463
36654
37725
39097
40434
41829
42889
44092
45524
46797
47831
49242
50648
51269
0
TO:V,FS:1,FT:6,PC:47
0
723
1974
3189
4422
5475
6755
7837
8826
10016
11080
12324
13452
14726
16005
17218
18254
19502
20700
21950
23108
24184
25360
26624
27553
28222
29452
30708
31867
32395
33034
34026
35129
36362
37397
38453
39669
40873
42109
43037
44092
45338
46537
47574
48594
49898
51127
51269
0
TO:V,FS:1,FT:7,PC:47
0
723
1911
3023
4192
5289
6535
7719
8531
9711
10784
12017
13168
14386
15600
16767
17947
19019
20213
21473
22606
23656
24841
26035
26938
27898
28763
30040
31308
32046
32543
33537
34513
35646
36654
37554
38756
39919
41126
42352
43295
44391
45602
46792
47721
48941
50233
51269
0
TO:V,FS:2,FT:0,PC:51
0
674
1755
2870
3946
4929
6014
7046
7917
8957
10016
11025
12142
13208
14339
15398
16526
17615
18537
19712
20797
21908
22912
23897
24947
26006
26911
27681
28519
29643
30793
31867
32378
33034
33936
34935
35986
36865
37906
38978
40018
41101
42182
43013
43879
44953
46049
47133
48023
49096
50203
51269
0
TO:V,FS:2,FT:1,PC:52
0
674
1755
2870
3960
4929
6014
7096
7946
9039
10115
11025
12090
13155
14251
15392
16471
17516
18460
19607
20687
21705
22713
23646
24673
25803
26827
27602
28222
29380
30506
31681
32158
32905
33587
34531
35636
36654
37554
38561
39686
40752
41862
42704
43584
44687
45698
46811
47710
48790
49887
50948
51269
0
TO:V,FS:2,FT:2,PC:53
0
621
1706
2785
3800
4815
5838
6873
7837
8715
9761
10672
11745
12793
13914
14954
16054
17140
18142
19106
20201
21253
22242
23301
24216
25247
26329
27190
27969
28819
29897
31010
31917
32405
33084
33936
34888
35933
36757
37760
38786
39863
40900
41965
42756
43630
44638
45645
46715
47664
48726
49837
50846
51269
0
TO:V,FS:2,FT:3,PC:52
0
652
1755
2825
3858
4833
5906
6959
7837
8715
9735
10721
11805
12895
14035
15187
16326
17406
18305
19425
20501
21615
22630
23599
24673
25750
26827
27602
28271
29380
30506
31641
32158
32861
33537
34438
35334
36469
37392
38280
39384
40529
41592
42520
43350
44323
45387
46513
47574
48483
49637
50783
51269
0
TO:V,FS:2,FT:4,PC:59
0
600
1552
2483
3444
4374
5196
6117
7071
7839
8758
9680
10603
11426
12393
13308
14255
15238
16165
17126
18022
18840
19786
20700
21623
22487
23428
24262
25219
26172
26938
27681
28466
29415
30348
31322
32046
32484
33299
34135
34968
35898
36704
37554
38463
39427
40311
41216
42174
42961
43786
44723
45637
46513
47478
48293
49249
50223
51190
51269
0
TO:V,FS:2,FT:5,PC:54
0
660
1706
2785
3800
4815
5782
6805
7837
8658
9607
10603
11586
12604
13650
14707
15798
16875
17828
18696
19745
20797
21855
22861
23797
24827
25803
26827
27602
28271
29380
30458
31514
32158
32905
33587
34531
35543
36551
37492
38380
39384
40359
41422
42452
43240
44135
45158
46189
47215
48117
49129
50194
51244
51269
0
TO:V,FS:2,FT:6,PC:61
0
497
1426
2327
3254
4127
4880
5862
6755
7708
8380
9234
10155
10925
11821
12739
13590
14520
15473
16421
17317
18139
18941
19877
20773
21689
22545
23503
24313
25226
26138
26911
27604
28323
29268
30167
31109
31867
32208
32938
33537
34381
35177
36123
36896
37693
38613
39518
40359
41263
42179
42889
43679
44564
45535
46328
47263
47995
48936
49898
50794
51269
0
TO:V,FS:2,FT:7,PC:62
0
491
1426
2327
3254
4115
4880
5811
6739
7609
8317
9131
10016
10801
11682
12596
13446
14348
15280
16218
17087
17937
18727
19646
20524
21453
22312
23248
24070
24943
25843
26766
27416
28101
28858
29782
30743
31651
32096
32584
33314
34080
34853
35779
36654
37479
38206
39097
39966
40873
41756
42520
43291
44083
44998
45886
46715
47574
48355
49298
50188
51093
51269
0
TO:V,FS:3,FT:0,PC:65
0
514
1373
2185
2964
3810
4674
5399
6263
7082
7837
8559
9369
10232
11011
11821
12638
13400
14288
15151
15979
16811
17642
18374
19234
20083
20886
21756
22531
23376
24129
25001
25843
26712
27355
28021
28649
29502
30348
31233
31917
32405
32988
33719
34531
35380
36260
36978
37730
38561
39427
40235
41057
41938
42603
43461
44152
45029
45839
46625
47526
48201
49028
49898
50745
51269
0
TO:V,FS:3,FT:1,PC:65
0
514
1380
2228
3103
3955
4806
5520
6407
7186
7917
8715
9503
10378
11109
11957
12750
13569
14487
15328
16165
17034
17870
18598
19455
20259
21061
21933
22699
23582
24399
25265
26118
26827
27533
28101
28810
29643
30527
31372
32046
32407
33118
33860
34616
35433
36308
37028
37774
38607
39474
40280
41101
41981
42645
43470
44207
45083
45876
46667
47526
48248
49072
49942
50842
51269
0
TO:V,FS:3,FT:2,PC:68
0
468
1288
2080
2825
3597
4411
5090
5906
6724
7542
8120
8939
9727
10556
11219
12040
12793
13586
14427
15238
16024
16811
17603
18292
19106
19919
20700
21488
22242
23055
23740
24575
25378
26172
26829
27602
28173
28894
29687
30537
31362
31954
32405
32988
33628
34481
35172
35991
36704
37538
38280
39090
39907
40636
41449
42262
42917
43619
44423
45235
45990
46749
47574
48251
49072
49898
50707
51269
0
TO:V,FS:3,FT:3,PC:67
0
483
1305
2139
3014
3826
4636
5379
6228
7082
7837
8517
9310
10151
10877
11663
12460
13267
14114
14977
15815
16653
17445
18236
18973
19786
20567
21358
22143
22954
23646
24488
25303
26138
26829
27602
28173
28894
29736
30579
31420
32046
32484
33167
33860
34579
35405
36291
36930
37643
38449
39280
40051
40873
41717
42520
43211
43948
44786
45549
46300
47175
47797
48666
49524
50355
51194
51269
0
TO:V,FS:3,FT:4,PC:73
0
436
1169
1934
2638
3389
4127
4815
5511
6304
6986
7724
8317
9039
9749
10510
11100
11811
12568
13267
14014
14764
15527
16279
17027
17769
18412
19178
19900
20644
21398
22143
22845
23582
24235
25001
25750
26527
27123
27722
28297
29047
29800
30566
31350
31954
32405
32938
33537
34213
34872
35585
36383
37020
37669
38398
39132
39863
40545
41281
42011
42603
43281
43962
44723
45490
46210
46991
47576
48337
49072
49824
50530
51269
0
TO:V,FS:3,FT:5,PC:66
0
504
1359
2185
2964
3807
4636
5344
6201
6986
7823
8417
9208
10016
10745
11550
12393
13178
13974
14830
15678
16502
17360
18176
18883
19735
20524
21346
22143
22966
23690
24555
25378
26221
26938
27604
28267
29101
29962
30827
31688
32158
32699
33434
34095
34836
35585
36436
37161
37906
38751
39596
40356
41169
42011
42686
43498
44207
45071
45876
46667
47478
48117
48936
49824
50652
51269
0
TO:V,FS:3,FT:6,PC:76
0
360
1097
1830
2540
3229
3935
4636
5243
5990
6724
7446
7986
8689
9408
10143
10745
11418
12131
12883
13564
14313
15084
15806
16548
17281
17977
18578
19339
20022
20732
21441
22143
22853
23556
24129
24883
25618
26349
26938
27602
28101
28729
29443
30189
30935
31673
32096
32484
33065
33628
34381
35029
35703
36436
37051
37713
38405
39121
39852
40513
41251
42011
42603
43321
43940
44627
45338
46060
46744
47460
48031
48781
49546
50261
51012
51269
0
TO:V,FS:3,FT:7,PC:77
0
358
1097
1830
2540
3225
3926
4624
5205
5948
6678
7400
7946
8648
9369
10097
10702
11377
12085
12793
13488
14213
14954
15673
16421
17154
17861
18456
19165
19860
20567
21289
21993
22682
23387
23992
24707
25457
26138
26827
27445
28000
28552
29281
30028
30760
31489
32046
32405
32938
33537
34135
34771
35488
36195
36747
37504
38100
38811
39510
40195
40880
41589
42256
42801
43492
44076
44802
45504
46170
46870
47574
48194
48941
49660
50355
51093
51269
0
