The Power of Habit
LH:120826,BH:63856,MH:544923
TO:V,FS:0,FT:0,PC:48
0
857
2232
3536
4981
5813
7271
8740
10165
11411
12851
14286
15729
16977
18400
19869
21330
22514
23999
25363
26812
27985
29035
30509
31427
32632
33976
35349
36601
37856
39264
40781
42252
43687
45091
46392
47687
49153
50528
52020
53298
54747
56170
57642
58878
60210
61498
62735
63856
0
TO:V,FS:0,FT:1,PC:49
0
873
2174
3536
4981
5813
7271
8685
10148
11352
12851
14228
15697
16916
18340
19809
21269
22453
23999
25363
26812
27985
29035
30452
31367
32581
33936
35349
36601
37856
39264
40719
42200
43631
45077
46343
47628
49037
50426
51843
53280
54617
55979
57470
58709
60162
61296
62560
63828
63856
0
TO:V,FS:0,FT:2,PC:57
0
743
1867
3067
4325
5110
6140
7328
8570
9772
10994
11985
13215
14438
15655
16782
17945
19143
20362
21529
22428
23706
24756
26022
27288
28224
29145
30328
31298
32049
33211
34389
35548
36644
37680
38941
40170
41448
42691
43831
45091
46155
47337
48527
49776
50954
52195
53280
54418
55623
56879
58115
59111
60210
61320
62438
63506
63856
0
TO:V,FS:0,FT:3,PC:49
0
755
2062
3493
4860
5766
7023
8486
9910
11227
12491
13873
15396
16751
18013
19449
20930
22037
23475
24764
26237
27610
28685
29886
31046
31993
33340
34719
36099
37374
38520
39930
41408
42761
44151
45518
46777
48121
49534
50852
52312
53549
54930
56416
57889
59059
60319
61560
62841
63856
0
TO:V,FS:0,FT:4,PC:55
0
759
1919
3163
4325
5245
6369
7597
8777
9963
11185
12327
13534
14836
16027
17216
18497
19733
20963
21936
23143
24422
25541
26812
27793
28768
30064
31099
31923
33100
34256
35442
36561
37680
38937
40206
41514
42761
44056
45363
46462
47628
48845
50062
51296
52542
53610
54800
56058
57329
58460
59685
60715
61843
62943
63856
0
TO:V,FS:0,FT:5,PC:51
0
857
2154
3419
4798
5708
6893
8298
9660
11016
12174
13482
14853
16150
17280
18695
19974
21358
22441
23818
25056
26418
27610
28685
29812
30976
31913
33120
34473
35854
37013
38150
39547
40899
42302
43631
45005
46213
47489
48867
50174
51542
52886
54045
55363
56721
58063
59185
60365
61552
62722
63856
0
TO:V,FS:1,FT:0,PC:65
0
550
1677
2585
3636
4680
5346
6314
7377
8398
9439
10523
11443
12491
13531
14614
15687
16718
17631
18748
19786
20881
21726
22811
23861
24792
25894
26964
27840
28687
29696
30623
31367
32251
33267
34311
35367
36308
37378
38198
39297
40416
41549
42575
43631
44728
45790
46728
47730
48792
49817
50875
51931
52952
53864
54905
56012
57103
58157
59059
60142
60961
61905
62811
63700
63856
0
TO:V,FS:1,FT:1,PC:64
0
600
1733
2644
3682
4732
5396
6369
7444
8501
9545
10626
11546
12640
13692
14823
15898
16800
17892
18977
20041
21117
21973
23035
24175
25119
26277
27379
28213
29035
30107
30982
31672
32764
33734
34811
35860
36802
37680
38706
39802
40923
42011
43073
44136
45200
46146
47241
48293
49338
50336
51422
52525
53398
54474
55497
56584
57740
58641
59728
60615
61560
62462
63362
63856
0
TO:V,FS:1,FT:2,PC:75
0
455
1415
2240
3146
4024
4892
5436
6233
7120
8011
8910
9803
10743
11530
12443
13358
14239
15125
16025
16845
17780
18706
19619
20569
21452
22141
23025
23939
24747
25728
26622
27553
28203
28861
29746
30623
31317
31888
32742
33569
34504
35442
36206
37129
37876
38770
39732
40679
41625
42509
43391
44280
45243
46097
47000
47866
48771
49665
50582
51498
52419
53280
54107
55009
55940
56839
57775
58537
59421
60210
61015
61787
62590
63373
63856
0
TO:V,FS:1,FT:3,PC:64
0
562
1638
2655
3636
4680
5299
6275
7377
8516
9600
10650
11558
12591
13644
14786
15838
16800
17899
18985
20079
21175
21988
23035
24179
25172
26334
27441
28332
29138
30272
31163
31832
32846
33793
34834
35891
36849
37728
38785
39856
40931
42019
43073
44109
45144
46146
47194
48242
49286
50388
51457
52525
53398
54487
55450
56534
57693
58586
59685
60537
61480
62399
63254
63856
0
TO:V,FS:1,FT:4,PC:72
0
544
1507
2337
3224
4174
5036
5755
6571
7490
8433
9338
10286
11218
12047
12971
13915
14900
15847
16782
17700
18688
19610
20594
21542
22302
23250
24194
25020
25978
26906
27689
28615
29382
30359
31163
31794
32721
33613
34547
35484
36308
37260
38059
39027
39979
40953
41910
42850
43822
44764
45750
46555
47489
48389
49325
50265
51163
52128
53076
53864
54837
55803
56748
57723
58524
59469
60322
61148
61990
62811
63618
63856
0
TO:V,FS:1,FT:5,PC:66
0
550
1621
2537
3490
4534
5245
6202
7238
8277
9301
10324
11293
12342
13358
14348
15396
16413
17271
18328
19369
20446
21461
22312
23379
24412
25363
26383
27475
28314
29132
30140
31030
31712
32758
33727
34758
35789
36750
37680
38654
39753
40871
41950
43017
44028
45086
46082
47013
47973
48971
50011
51030
52073
53054
53917
54894
55994
57045
58059
58956
59994
60792
61677
62597
63486
63856
0
TO:V,FS:2,FT:0,PC:81
0
455
1342
2103
2916
3727
4581
5110
5813
6653
7490
8340
9193
10020
10773
11459
12351
13190
14044
14948
15775
16594
17299
18167
19024
19876
20752
21538
22209
23072
23926
24701
25616
26460
27301
28009
28685
29425
30317
31022
31569
32419
33211
33976
34758
35624
36355
37176
37854
38674
39526
40425
41279
42079
42944
43813
44640
45487
46228
47029
47807
48631
49484
50355
51132
51985
52854
53513
54360
55192
56058
56919
57810
58476
59343
60188
60831
61524
62265
62943
63690
63856
0
TO:V,FS:2,FT:1,PC:81
0
455
1318
2103
2916
3727
4581
5110
5813
6610
7444
8272
9107
9929
10773
11501
12351
13153
13962
14814
15643
16500
17250
18091
18977
19836
20711
21498
22171
22981
23842
24683
25512
26361
27215
27856
28656
29339
30240
30894
31530
32246
32997
33786
34589
35418
36161
36979
37680
38490
39307
40138
40990
41828
42633
43483
44280
45135
45999
46695
47489
48300
49096
49955
50769
51617
52461
53280
54000
54837
55711
56518
57433
58211
58936
59817
60492
61228
61951
62699
63428
63856
0
TO:V,FS:2,FT:2,PC:100
0
344
1039
1743
2293
2910
3590
4208
4880
5285
5855
6531
7208
7904
8593
9269
9951
10664
11277
11879
12576
13252
13949
14612
15272
15925
16582
17132
17829
18507
19220
19889
20585
21249
21769
22453
23111
23803
24503
25092
25752
26431
27119
27689
28344
28856
29511
30182
30673
31317
31772
32433
33075
33738
34411
35078
35755
36308
36984
37625
38177
38887
39602
40318
41007
41698
42407
43057
43714
44392
45091
45774
46372
47056
47705
48376
49044
49704
50351
51013
51702
52369
53071
53682
54372
55054
55745
56421
57103
57793
58342
59043
59685
60275
60857
61460
62065
62647
63210
63781
63856
0
TO:V,FS:2,FT:3,PC:82
0
455
1318
2057
2853
3682
4497
5108
5755
6452
7271
8132
8986
9751
10632
11339
12186
13017
13822
14700
15515
16342
17072
17941
18779
19610
20453
21289
21858
22703
23538
24362
25108
25978
26804
27610
28293
28949
29793
30623
31317
31888
32689
33472
34297
35144
35984
36679
37471
38138
39019
39854
40705
41563
42414
43268
44113
44951
45800
46513
47324
48132
48917
49758
50574
51401
52265
53082
53796
54626
55450
56331
57156
58009
58632
59469
60210
60912
61653
62378
63055
63772
63856
0
TO:V,FS:2,FT:4,PC:95
0
404
1123
1840
2403
3113
3819
4476
5108
5708
6314
7023
7707
8377
9094
9779
10519
11214
11795
12530
13287
13962
14713
15421
16092
16782
17443
18145
18832
19550
20287
21046
21608
22288
22981
23712
24415
25010
25752
26497
27199
27765
28491
29035
29696
30389
30951
31512
32126
32846
33485
34205
34953
35676
36248
36939
37651
38211
38956
39673
40406
41158
41891
42608
43309
43975
44692
45422
46082
46749
47489
48211
48906
49628
50336
51056
51775
52486
53188
53787
54534
55248
55964
56672
57429
58157
58741
59462
60176
60675
61296
61917
62530
63106
63714
63856
0
TO:V,FS:2,FT:5,PC:82
0
455
1336
2078
2872
3636
4488
5108
5795
6571
7362
8226
9068
9880
10671
11330
12204
13003
13866
14705
15494
16291
17018
17865
18717
19557
20396
21218
21858
22694
23524
24356
25108
25957
26797
27610
28334
28987
29821
30623
31317
31913
32721
33503
34251
35039
35881
36561
37341
38003
38798
39653
40541
41347
42158
43023
43807
44604
45395
46097
46901
47673
48501
49351
50174
50989
51810
52675
53339
54175
54968
55791
56656
57547
58229
59059
59854
60481
61201
61951
62647
63354
63856
0
