The Power of Habit
LH:184761,BH:56904,MH:544923
TO:V,FS:0,FT:0,PC:42
0
828
2214
3619
5029
6419
7838
9211
10643
11862
13316
14830
16103
17536
18780
19966
21487
22969
24271
25732
27092
28515
29804
31218
32694
34089
35445
36817
38200
39665
41009
42493
43960
45367
46836
48288
49510
50926
52316
53753
55088
56360
56904
0
TO:V,FS:0,FT:1,PC:42
0
832
2214
3619
4969
6356
7838
9211
10630
11803
13314
14839
16103
17536
18780
19966
21487
22969
24271
25670
27092
28515
29864
31269
32755
34141
35463
36925
38319
39722
41067
42558
43960
45367
46798
48229
49449
50840
52216
53677
54940
56252
56904
0
TO:V,FS:0,FT:2,PC:49
0
650
1810
3082
4295
5448
6678
7838
8973
10188
11172
12348
13578
14796
15800
17045
18225
19203
20423
21660
22886
23905
25207
26417
27655
28696
29950
31156
32380
33647
34844
35897
37116
38314
39525
40567
41791
42978
44176
45407
46597
47853
48932
50217
51323
52539
53810
54915
56098
56904
0
TO:V,FS:0,FT:3,PC:42
0
771
2247
3557
4961
6293
7780
9023
10517
11677
13163
14607
15876
17412
18780
19904
21382
22881
24126
25514
26913
28274
29634
31045
32452
33906
35252
36487
37953
39312
40668
42141
43587
44963
46362
47853
49006
50471
51789
53221
54464
55969
56904
0
TO:V,FS:0,FT:4,PC:48
0
745
1972
3231
4536
5796
7031
8143
9380
10643
11652
12914
14163
15398
16488
17751
18873
20185
21442
22620
23742
25042
26308
27568
28680
29896
31100
32358
33643
34919
36050
37278
38505
39767
40833
42061
43322
44597
45866
47099
48316
49375
50628
51827
53068
54257
55457
56533
56904
0
TO:V,FS:0,FT:5,PC:44
0
767
2051
3414
4709
6036
7427
8621
9959
11172
12516
13950
15300
16488
17886
18933
20370
21778
23253
24516
25846
27038
28451
29634
31021
32384
33767
35139
36294
37699
38978
40326
41578
43018
44369
45680
47007
48346
49487
50840
52091
53434
54635
56066
56904
0
TO:V,FS:1,FT:0,PC:56
0
593
1638
2709
3769
4814
5890
6975
7907
8973
10068
11122
12024
13114
14178
15287
16192
17312
18346
19215
20322
21395
22418
23464
24459
25550
26560
27672
28586
29634
30662
31742
32897
33947
35033
35967
37047
38122
39195
40226
41189
42232
43322
44383
45476
46586
47681
48597
49663
50778
51769
52818
53911
54886
56014
56851
56904
0
TO:V,FS:1,FT:1,PC:55
0
593
1638
2709
3817
4859
5923
7026
7959
9023
10119
11122
12035
13118
14178
15287
16249
17361
18466
19282
20370
21442
22472
23522
24575
25700
26823
27885
28819
29844
30924
31988
33150
34168
35305
36225
37265
38354
39447
40364
41510
42530
43637
44691
45792
46893
47981
48877
49969
51011
52078
53168
54257
55296
56252
56904
0
TO:V,FS:1,FT:2,PC:65
0
474
1344
2235
3161
4060
4956
5863
6741
7649
8473
9380
10274
11122
11871
12766
13656
14572
15523
16283
17218
18101
18782
19697
20611
21505
22418
23325
24147
25096
25997
26897
27816
28582
29470
30395
31331
32241
33220
34114
35083
35830
36748
37677
38553
39478
40347
41203
42131
43066
43977
44884
45821
46710
47644
48403
49311
50217
51057
51978
52927
53849
54635
55568
56376
56904
0
TO:V,FS:1,FT:3,PC:56
0
593
1697
2709
3817
4879
5970
7089
8050
9075
10172
11122
12035
13128
14178
15236
16202
17317
18415
19291
20392
21494
22576
23538
24642
25700
26777
27836
28794
29844
30885
31889
33002
34076
35193
36087
37116
38200
39248
40334
41297
42352
43497
44546
45638
46685
47799
48651
49680
50727
51678
52784
53806
54740
55857
56714
56904
0
TO:V,FS:1,FT:4,PC:63
0
538
1453
2349
3280
4184
5092
6058
7011
7856
8810
9739
10643
11440
12377
13298
14266
15227
16042
16996
17952
18780
19557
20516
21487
22418
23368
24241
25186
26150
27038
28043
28885
29822
30779
31674
32642
33580
34548
35445
36330
37251
38200
39127
40027
40881
41878
42825
43740
44648
45638
46552
47516
48403
49356
50353
51215
52202
53147
54106
54942
55903
56690
56904
0
TO:V,FS:1,FT:5,PC:58
0
593
1632
2591
3607
4680
5685
6714
7800
8684
9721
10743
11629
12642
13656
14732
15670
16697
17688
18746
19557
20662
21713
22785
23663
24709
25716
26700
27782
28680
29675
30662
31693
32768
33830
34793
35669
36681
37704
38703
39746
40606
41674
42700
43773
44775
45835
46929
48005
48825
49916
50926
51888
52966
54014
54940
56044
56826
56904
0
TO:V,FS:2,FT:0,PC:70
0
450
1289
2113
2912
3736
4536
5367
6206
7106
7856
8684
9511
10342
11122
11853
12723
13558
14451
15268
16007
16904
17772
18630
19259
20132
21015
21828
22735
23522
24329
25186
26027
26828
27683
28515
29324
30116
30958
31767
32642
33479
34312
35161
35864
36664
37505
38374
39195
40027
40815
41650
42530
43358
44148
45006
45889
46730
47606
48385
49172
49987
50778
51536
52409
53282
54096
54855
55726
56441
56904
0
TO:V,FS:2,FT:1,PC:71
0
450
1289
2113
2912
3736
4536
5367
6206
7106
7856
8684
9520
10352
11122
11811
12679
13558
14451
15276
15960
16854
17772
18630
19259
20097
20972
21785
22688
23522
24329
25139
25945
26738
27594
28439
29136
29950
30779
31551
32421
33263
34103
34964
35641
36451
37251
38136
38916
39731
40497
41396
42262
43131
43925
44740
45573
46412
47209
48093
48790
49626
50490
51265
52107
52966
53796
54507
55332
56216
56834
56904
0
TO:V,FS:2,FT:2,PC:87
0
355
1035
1687
2335
3002
3685
4372
4969
5647
6296
6956
7618
8174
8864
9511
10163
10842
11388
12061
12723
13381
14029
14732
15426
16026
16697
17406
18036
18742
19230
19899
20590
21287
21936
22620
23334
23911
24655
25333
26014
26704
27379
28095
28656
29332
30029
30708
31379
32039
32734
33433
34049
34746
35445
36083
36767
37436
38142
38791
39440
40117
40696
41373
42039
42721
43422
44096
44790
45455
46185
46844
47541
48205
48774
49399
50062
50712
51265
51916
52568
53264
53928
54534
55186
55895
56461
56904
0
TO:V,FS:2,FT:3,PC:71
0
450
1252
2030
2850
3694
4489
5327
6118
6960
7828
8506
9328
10134
11017
11677
12501
13350
14178
15043
15738
16580
17464
18308
18963
19782
20611
21472
22315
23124
23834
24716
25534
26385
27177
28049
28749
29581
30375
31245
32089
32922
33767
34594
35430
36126
36940
37769
38598
39417
40256
40974
41836
42686
43540
44383
45223
46075
46885
47768
48447
49263
50129
50926
51772
52597
53419
54257
55039
55862
56575
56904
0
TO:V,FS:2,FT:4,PC:82
0
418
1111
1810
2516
3231
3960
4684
5407
6105
6817
7485
8077
8785
9511
10197
10906
11493
12175
12873
13593
14292
15014
15670
16362
17093
17858
18577
19132
19883
20611
21341
22037
22775
23444
24122
24875
25606
26293
26998
27757
28515
29168
29896
30614
31337
32039
32768
33533
34223
34964
35582
36326
37022
37736
38431
39158
39876
40436
41175
41895
42593
43333
44086
44813
45534
46276
47014
47732
48385
49051
49758
50454
51087
51740
52429
53161
53870
54504
55186
55944
56513
56904
0
TO:V,FS:2,FT:5,PC:71
0
493
1320
2161
2912
3736
4536
5367
6160
7000
7838
8589
9431
10256
11122
11853
12667
13514
14358
15182
15902
16756
17585
18428
19100
19910
20724
21551
22373
23215
23911
24778
25558
26339
27177
28032
28696
29514
30292
31141
31976
32835
33659
34483
35326
36030
36838
37684
38505
39323
40117
40878
41735
42593
43442
44239
45045
45932
46721
47556
48335
49051
49900
50677
51447
52316
53191
54014
54717
55568
56252
56904
0
