TO:V,FS:0,FT:0,PC:39
0
804
2268
3534
4942
6263
7468
8889
10076
11525
12909
13758
14943
16327
17674
19097
20327
21672
23042
24365
25791
26997
28451
29868
31263
32208
33585
34915
36042
37452
38719
40129
41484
42815
44190
45572
46824
48070
49479
49806
0
TO:V,FS:0,FT:1,PC:39
0
744
2207
3534
4942
6263
7468
8889
10076
11525
12909
13704
14935
16269
17674
19104
20327
21680
23042
24365
25791
27054
28509
29924
31326
32265
33644
34975
36117
37505
38778
40190
41516
42870
44252
45626
46839
48191
49580
49806
0
TO:V,FS:0,FT:2,PC:40
0
744
2151
3516
4768
6085
7196
8478
9783
10997
12326
13196
14451
15630
16904
18237
19460
20738
22055
23379
24649
25966
27168
28569
29924
31266
32208
33527
34802
35951
37282
38486
39833
41165
42402
43745
45090
46370
47540
48881
49806
0
TO:V,FS:1,FT:0,PC:50
0
596
1651
2647
3582
4630
5679
6604
7631
8658
9771
10674
11735
12834
13440
14488
15410
16467
17509
18590
19497
20544
21556
22567
23666
24712
25732
26648
27722
28815
29888
30948
31772
32649
33678
34666
35566
36635
37711
38641
39710
40715
41709
42738
43788
44780
45841
46824
47782
48848
49806
0
TO:V,FS:1,FT:1,PC:50
0
600
1651
2647
3582
4630
5679
6604
7631
8658
9771
10681
11735
12834
13444
14488
15410
16467
17509
18590
19497
20544
21556
22618
23718
24767
25783
26698
27777
28815
29888
30948
31719
32598
33635
34621
35462
36553
37625
38536
39606
40645
41611
42638
43693
44681
45774
46824
47782
48848
49806
0
TO:V,FS:1,FT:2,PC:53
0
553
1554
2535
3516
4436
5442
6294
7300
8284
9307
10156
11169
12174
13082
13740
14585
15574
16621
17615
18626
19497
20495
21459
22479
23512
24522
25505
26407
27405
28472
29496
30522
31385
32180
33021
34006
34958
35823
36827
37850
38795
39760
40715
41659
42638
43594
44533
45553
46555
47416
48404
49413
49806
0
TO:V,FS:2,FT:0,PC:66
0
411
1151
1985
2782
3516
4212
5034
5803
6507
7300
8075
8895
9671
10360
11154
11968
12769
13301
14093
14761
15549
16357
17114
17913
18713
19406
20157
20946
21715
22503
23263
24050
24861
25678
26356
27141
27969
28748
29531
30364
31163
31834
32495
33293
34092
34842
35549
36337
37130
37866
38712
39489
40304
41094
41847
42627
43387
44130
44947
45754
46499
47183
47957
48759
49556
49806
0
TO:V,FS:2,FT:1,PC:66
0
453
1242
2075
2868
3534
4306
5116
5893
6604
7381
8166
8988
9757
10449
11246
12057
12856
13301
14093
14768
15574
16405
17155
17964
18796
19488
20251
21052
21828
22635
23401
24189
25017
25846
26530
27316
28154
28967
29748
30571
31385
32055
32718
33514
34287
35087
35725
36513
37327
38003
38826
39624
40392
41180
41920
42719
43443
44214
45034
45841
46674
47359
48131
48934
49703
49806
0
TO:V,FS:2,FT:2,PC:66
0
373
1138
1897
2692
3483
4164
4953
5722
6421
7229
7985
8805
9608
10276
11087
11881
12680
13194
13822
14567
15302
16093
16816
17615
18402
19232
19879
20668
21459
22249
23010
23790
24635
25448
26282
26934
27765
28578
29365
30140
30943
31528
32208
33021
33809
34562
35249
36061
36844
37649
38341
39112
39898
40697
41462
42214
42999
43745
44468
45290
46057
46824
47547
48348
49112
49806
0
TO:H,FS:0,FT:0,PC:39
0
632
2075
3516
4826
6152
7300
8668
10005
11334
12760
13444
14585
16010
17418
18850
20031
21430
22810
24276
25652
26820
28254
29694
31051
32055
33263
34589
35566
36996
38240
39706
41094
42534
43835
45195
46645
47846
49221
49806
0
TO:H,FS:0,FT:1,PC:40
0
632
2006
3379
4566
5827
6925
8284
9628
10763
12132
13194
14308
15414
16686
18065
19388
20626
21897
23263
24671
26031
27132
28552
29924
31211
32190
33367
34662
35725
37087
38260
39706
41028
42387
43767
45074
46406
47547
48897
49806
0
TO:H,FS:0,FT:2,PC:41
0
632
1929
3300
4480
5753
6845
8135
9487
10603
11983
13082
13751
14811
16158
17493
18863
20031
21359
22688
24064
25490
26574
27877
29244
30642
31528
32673
34006
35168
36170
37533
38641
39955
41322
42685
43855
45195
46567
47698
49036
49806
0
TO:H,FS:1,FT:0,PC:52
0
478
1477
2513
3476
4306
5404
6294
7366
8434
9531
10338
11424
12508
13194
14025
14900
15953
16925
17994
19078
19925
20913
21954
22996
24015
25017
26078
26919
27925
28997
30039
31093
31834
32673
33736
34704
35476
36519
37583
38451
39402
40481
41501
42496
43464
44449
45502
46537
47353
48373
49439
49806
0
TO:H,FS:1,FT:1,PC:52
0
478
1488
2522
3516
4440
5529
6360
7434
8497
9593
10406
11486
12571
13194
14037
14900
15953
16925
17994
19078
19925
20913
21957
22996
24015
25017
26078
26919
27990
29062
30097
31163
31895
32732
33809
34774
35549
36635
37715
38616
39593
40674
41648
42698
43661
44713
45754
46798
47674
48718
49745
49806
0
TO:H,FS:1,FT:2,PC:55
0
347
1290
2303
3224
4035
5015
5984
6818
7807
8818
9732
10525
11539
12571
13194
13907
14712
15697
16665
17615
18626
19470
20435
21336
22330
23320
24276
25209
26210
26984
27990
29002
29972
30966
31661
32462
33417
34370
35168
35939
36947
37850
38749
39647
40670
41580
42615
43525
44449
45444
46406
47225
48215
49128
49806
0
TO:H,FS:2,FT:0,PC:66
0
319
1136
1913
2699
3516
4231
5110
5846
6456
7287
8038
8879
9671
10351
11143
11983
12834
13196
13943
14585
15397
16183
16960
17788
18626
19388
20092
20893
21701
22435
23263
24059
24861
25670
26356
27109
27960
28789
29625
30421
31182
31691
32318
33120
33889
34572
35170
35972
36751
37562
38270
39057
39828
40631
41420
42214
42972
43738
44561
45395
46191
46839
47656
48418
49241
49806
0
TO:H,FS:2,FT:1,PC:66
0
373
1151
1974
2761
3516
4231
5110
5846
6456
7300
8096
8938
9727
10406
11201
12041
12888
13288
14002
14696
15462
16269
17073
17904
18744
19406
20207
21005
21815
22587
23410
24239
25001
25846
26523
27336
28188
29014
29863
30658
31385
32004
32660
33470
34287
35036
35647
36421
37264
37917
38770
39518
40298
41094
41879
42698
43456
44299
45119
45960
46730
47399
48182
48975
49788
49806
0
TO:H,FS:2,FT:2,PC:66
0
266
1077
1855
2647
3445
4035
4882
5665
6294
7130
7962
8764
9598
10227
11038
11873
12712
13194
13778
14567
15282
16068
16845
17674
18517
19365
19983
20785
21591
22330
23151
23944
24752
25563
26339
27043
27850
28676
29467
30251
31007
31528
32208
32998
33796
34514
35168
35820
36590
37397
38091
38935
39684
40467
41256
42045
42867
43618
44389
45172
45973
46788
47455
48239
49036
49806
0
