The Power of Habit
LH:291471,BH:52624,MH:544923
TO:V,FS:0,FT:0,PC:39
0
825
2317
3718
5147
6417
7793
9143
10610
11884
13358
14800
16261
17587
18549
19995
21445
22793
24082
25257
26656
28063
29366
30812
32285
33829
35336
36738
38000
39391
40759
42264
43629
45056
46387
47837
49239
50744
52029
52624
0
TO:V,FS:0,FT:1,PC:39
0
825
2317
3718
5147
6356
7731
9025
10485
11824
13299
14800
16196
17587
18549
20001
21458
22793
24019
25206
26596
28011
29241
30747
32129
33587
35119
36583
37822
39232
40664
41929
43272
44638
45962
47458
48878
50290
51710
52624
0
TO:V,FS:0,FT:2,PC:46
0
631
1912
3105
4172
5449
6524
7617
8870
9992
11158
12273
13455
14688
15931
17101
17967
19012
20267
21470
22674
23720
24720
26006
27238
28442
29561
30761
31985
33122
34372
35681
36756
37942
39173
40397
41530
42814
43997
45240
46337
47500
48685
49919
51117
52306
52624
0
TO:V,FS:0,FT:3,PC:39
0
825
2258
3646
5028
6336
7793
9151
10610
11884
13303
14752
16196
17587
18549
19940
21405
22800
24168
25351
26785
28189
29504
30949
32409
33958
35397
36738
38014
39351
40734
42054
43334
44769
46096
47500
48945
50370
51773
52624
0
TO:V,FS:0,FT:4,PC:44
0
775
2066
3266
4390
5591
6754
7993
9186
10454
11590
12814
14109
15373
16604
17678
18600
19862
21092
22406
23542
24599
25879
27189
28396
29598
30862
32119
33362
34615
35919
36975
38191
39391
40643
41777
42975
44245
45540
46732
47910
49154
50434
51643
52624
0
TO:V,FS:0,FT:5,PC:41
0
818
2258
3524
4844
6015
7277
8665
9939
11174
12503
13947
15236
16518
17698
18905
20220
21624
22863
24126
25257
26596
27889
29120
30566
31877
33298
34735
36168
37326
38664
39966
41223
42559
43862
45240
46496
47787
49117
50557
51857
52624
0
TO:V,FS:1,FT:0,PC:52
0
631
1695
2822
3772
4820
5708
6809
7882
8901
9973
11024
11975
13071
14146
15226
16279
17385
18171
19065
20173
21191
22262
23181
24214
25171
26262
27312
28381
29314
30450
31487
32520
33620
34768
35865
36805
37817
38905
39921
40810
41929
42975
44047
45170
46089
47175
48169
49202
50290
51349
52229
52624
0
TO:V,FS:1,FT:1,PC:51
0
576
1708
2822
3772
4844
5808
6910
7938
8979
10079
11130
12085
13171
14292
15415
16493
17587
18366
19316
20445
21488
22548
23488
24426
25519
26596
27677
28762
29787
30859
31907
32990
34076
35239
36320
37204
38292
39332
40361
41335
42417
43476
44538
45697
46666
47718
48811
49892
50948
51896
52624
0
TO:V,FS:1,FT:2,PC:60
0
497
1389
2307
3215
4087
4991
5793
6699
7605
8456
9349
10244
11158
12017
12913
13824
14765
15643
16527
17482
18059
18832
19738
20682
21609
22534
23319
24214
24990
25908
26840
27771
28694
29504
30383
31277
32214
33071
34016
34996
35912
36756
37589
38491
39391
40316
41122
42030
42921
43866
44822
45759
46647
47550
48423
49350
50272
51179
51993
52624
0
TO:V,FS:1,FT:3,PC:51
0
631
1775
2879
3826
4844
5808
6859
7938
9025
10155
11174
12243
13327
14395
15480
16551
17587
18366
19265
20341
21340
22406
23341
24264
25319
26407
27473
28507
29545
30675
31753
32844
33939
35064
36168
37107
38137
39173
40224
41235
42313
43320
44344
45486
46509
47550
48628
49690
50822
51905
52624
0
TO:V,FS:1,FT:4,PC:58
0
524
1466
2393
3312
4172
5162
5957
6866
7711
8612
9559
10506
11359
12316
13250
14194
15118
16059
17033
17788
18592
19552
20521
21445
22384
23181
24162
25006
25974
26909
27853
28762
29699
30629
31628
32520
33486
34472
35458
36390
37183
38131
39080
39986
40845
41825
42727
43618
44522
45508
46364
47274
48176
49109
50100
51038
51905
52624
0
TO:V,FS:1,FT:5,PC:54
0
623
1695
2716
3679
4657
5609
6651
7668
8657
9635
10701
11581
12667
13722
14744
15744
16797
17698
18549
19539
20567
21533
22495
23423
24264
25344
26348
27362
28434
29366
30434
31436
32460
33526
34601
35726
36721
37543
38545
39493
40512
41465
42520
43572
44638
45733
46666
47611
48651
49634
50674
51643
52416
52624
0
TO:V,FS:2,FT:0,PC:65
0
516
1334
2185
3032
3809
4627
5495
6171
6988
7750
8567
9431
10283
11158
11869
12764
13606
14395
15255
16059
16943
17667
18449
19183
20009
20906
21657
22470
23181
24019
24786
25614
26430
27248
28107
28845
29699
30543
31413
32261
33101
33969
34836
35735
36524
37204
38041
38905
39671
40559
41345
42197
42998
43785
44615
45508
46275
47064
47813
48628
49465
50322
51175
51952
52624
0
TO:V,FS:2,FT:1,PC:66
0
472
1288
2142
2990
3763
4585
5423
6093
6910
7668
8430
9251
10119
10975
11716
12578
13477
14277
15093
15946
16775
17587
18279
18998
19844
20682
21488
22299
23093
23799
24549
25384
26226
27110
27937
28753
29531
30411
31277
32108
32918
33760
34658
35550
36344
37046
37855
38718
39482
40335
41065
41892
42680
43450
44245
45106
45861
46679
47488
48302
49109
49977
50822
51634
52328
52624
0
TO:V,FS:2,FT:2,PC:80
0
369
1057
1730
2386
3048
3718
4390
5095
5647
6294
6971
7660
8297
8979
9625
10283
10975
11552
12233
12913
13631
14304
14997
15684
16318
17028
17589
18184
18748
19424
20130
20807
21488
22174
22863
23467
24144
24686
25356
26070
26769
27473
28143
28762
29417
30097
30801
31539
32205
32867
33526
34240
34951
35663
36320
36861
37543
38221
38893
39551
40240
40802
41487
42186
42866
43553
44193
44845
45508
46124
46793
47467
48116
48781
49482
50141
50822
51455
52111
52624
0
TO:V,FS:2,FT:3,PC:66
0
480
1288
2114
2899
3670
4503
5332
6022
6773
7593
8351
9160
9984
10831
11536
12353
13202
14069
14896
15690
16501
17358
17967
18680
19503
20364
21178
22029
22846
23538
24264
25150
26000
26881
27721
28562
29260
30097
30949
31831
32618
33459
34342
35246
36061
36756
37543
38417
39214
40029
40759
41585
42441
43258
44092
44886
45733
46457
47274
48106
48964
49859
50674
51487
52261
52624
0
TO:V,FS:2,FT:4,PC:76
0
439
1177
1915
2647
3339
4022
4769
5495
6093
6796
7499
8134
8846
9525
10214
10934
11557
12255
12933
13660
14372
15088
15800
16518
17228
17813
18482
19076
19752
20515
21205
21923
22616
23221
23918
24522
25278
26006
26723
27429
28169
28780
29536
30219
30919
31651
32352
33093
33829
34572
35309
36023
36738
37406
38076
38798
39466
40202
40798
41525
42208
42908
43618
44322
45050
45759
46429
47170
47850
48540
49257
49982
50702
51373
52029
52624
0
TO:V,FS:2,FT:5,PC:67
0
516
1334
2176
3032
3809
4619
5441
6083
6910
7668
8475
9336
10198
11063
11773
12564
13382
14194
15048
15862
16722
17559
18171
18889
19705
20488
21289
22133
22911
23612
24311
25182
25960
26812
27619
28449
29164
30024
30843
31663
32503
33340
34173
35081
35912
36738
37463
38301
39099
39885
40719
41446
42298
43104
43896
44701
45553
46301
47137
47850
48671
49514
50360
51168
51952
52591
52624
0
