TO:V,FS:0,FT:0,PC:49
0
650
2009
3311
4595
5712
7022
8339
9645
10869
12179
13504
14747
15880
17182
18300
19594
20880
22241
23545
24884
26205
27465
28763
29989
31305
32572
33777
35104
36473
37806
39209
40566
41613
42802
44140
45447
46593
47989
48728
49739
50909
52129
53415
54572
55927
57251
58255
59440
59703
0
TO:V,FS:0,FT:1,PC:48
0
650
2023
3369
4656
5773
7132
8506
9797
11041
12354
13685
14747
15880
17182
18300
19659
20992
22355
23709
25055
26381
27695
28949
30286
31547
32827
34059
35375
36733
38118
39504
40856
41902
43091
44394
45743
46884
48097
48851
49879
51084
52300
53543
54843
56209
57353
58525
59703
0
TO:V,FS:0,FT:2,PC:51
0
598
1905
3211
4442
5481
6779
8103
9424
10588
11862
13113
14417
15371
16656
17721
18937
20171
21462
22744
23977
25249
26507
27695
28933
30051
31299
32522
33652
34925
36237
37520
38845
40110
41181
42196
43392
44691
45957
47071
48147
48906
50051
51127
52304
53527
54691
55975
57259
58208
59336
59703
0
TO:V,FS:1,FT:0,PC:64
0
484
1530
2501
3507
4492
5339
6357
7410
8331
9352
10363
11325
12354
13357
14374
15205
16180
17115
17947
18860
19759
20792
21810
22848
23835
24847
25877
26839
27820
28778
29661
30656
31630
32608
33577
34511
35471
36487
37531
38624
39650
40644
41466
42310
43330
44325
45332
46315
47183
48097
48728
49384
50405
51252
52224
53198
54088
55040
56026
57044
57854
58706
59589
59703
0
TO:V,FS:1,FT:1,PC:63
0
484
1533
2510
3511
4492
5339
6361
7462
8398
9415
10415
11426
12452
13463
14481
15247
16252
17213
18051
19021
19973
20978
22016
23044
24015
25036
26070
27026
27971
28949
29905
30919
31873
32827
33749
34760
35770
36794
37843
38923
39925
40959
41718
42566
43580
44588
45578
46456
47481
48248
48887
49685
50556
51552
52518
53527
54435
55433
56416
57353
58208
59079
59703
0
TO:V,FS:1,FT:2,PC:67
0
432
1428
2352
3307
4259
5195
5966
6932
7885
8811
9788
10745
11681
12652
13601
14555
15345
16275
17165
17947
18812
19704
20633
21624
22596
23537
24487
25423
26395
27352
28304
29112
30098
31042
31956
32877
33749
34706
35628
36597
37590
38563
39499
40446
41262
42196
43091
44001
44974
45879
46691
47673
48449
48906
49734
50556
51501
52407
53357
54178
55096
56029
56989
57725
58533
59378
59703
0
TO:V,FS:2,FT:0,PC:80
0
382
1152
1930
2669
3475
4253
5018
5712
6546
7344
8103
8869
9661
10452
11219
11998
12766
13541
14355
14973
15755
16514
17331
17994
18755
19528
20275
21085
21886
22684
23460
24245
25024
25830
26591
27397
28134
28917
29603
30431
31244
32040
32813
33577
34317
35095
35877
36671
37477
38306
39116
39868
40665
41306
42107
42802
43590
44351
45142
45910
46544
47331
48097
48652
49064
49858
50534
51289
52089
52850
53543
54313
55089
55914
56669
57353
58021
58706
59373
59703
0
TO:V,FS:2,FT:1,PC:84
0
382
1107
1854
2615
3347
4115
4851
5504
6271
7037
7786
8520
9257
9996
10723
11457
12221
12999
13749
14544
15097
15835
16598
17331
17947
18684
19442
20171
20958
21718
22467
23211
23953
24730
25475
26227
26969
27720
28452
29040
29843
30608
31378
32129
32827
33577
34271
35061
35856
36626
37383
38187
38951
39722
40491
41181
41838
42475
43236
43996
44739
45507
46255
46806
47575
48185
48728
49151
49901
50534
51289
52056
52765
53488
54117
54843
55610
56362
57059
57661
58301
58967
59589
59703
0
TO:V,FS:2,FT:2,PC:84
0
342
1064
1816
2572
3298
4066
4809
5411
6184
6952
7703
8432
9167
9906
10635
11361
12097
12870
13620
14404
14973
15708
16429
17191
17775
18457
19201
19928
20695
21484
22225
22960
23717
24452
25178
25921
26676
27393
28105
28836
29461
30234
30991
31738
32510
33229
33861
34622
35354
36108
36872
37653
38429
39201
39913
40720
41347
42107
42768
43528
44271
45018
45760
46438
47119
47884
48468
48887
49413
50160
50787
51508
52254
52954
53590
54313
55060
55828
56544
57286
57842
58467
59118
59703
0
TO:H,FS:0,FT:0,PC:49
0
484
1845
3237
4532
5689
7017
8321
9686
10949
12274
13633
14747
15855
17213
18186
19451
20780
22153
23496
24872
26220
27423
28662
29830
31170
32431
33595
34978
36337
37687
39116
40446
41412
42519
43919
45321
46456
47817
48621
49218
50456
51801
53029
54111
55433
56747
57725
58978
59703
0
TO:H,FS:0,FT:1,PC:51
0
484
1767
3082
4371
5389
6635
7929
9188
10391
11659
12928
14185
15174
16508
17501
18672
19935
21205
22513
23809
25087
26371
27497
28733
29830
31147
32357
33577
34760
36050
37365
38669
39978
41181
42183
43257
44620
45925
46976
48097
48728
49490
50609
51874
53029
54040
55286
56525
57544
58702
59703
0
TO:H,FS:0,FT:2,PC:52
0
454
1698
2999
4297
5313
6558
7851
9123
10319
11580
12860
14168
15026
16221
17412
18451
19712
20973
22297
23569
24872
26145
27312
28500
29505
30770
31982
33282
34351
35607
36946
38218
39504
40837
41718
42728
44072
45332
46456
47741
48540
49064
50365
51431
52587
53621
54843
56122
57331
58376
59527
59703
0
TO:H,FS:1,FT:0,PC:66
0
365
1322
2323
3316
4287
5092
5903
6909
7900
8852
9802
10723
11727
12714
13666
14682
15445
16392
17370
18157
19076
19990
20955
21908
22876
23839
24778
25774
26653
27608
28486
29258
30273
31230
32169
33086
33913
34883
35887
36885
37893
38930
39889
40905
41577
42336
43343
44291
45332
46346
47095
48087
48621
49064
50025
50843
51750
52709
53543
54480
55479
56373
57321
57971
58868
59703
0
TO:H,FS:1,FT:1,PC:66
0
365
1322
2323
3316
4287
5092
5903
6909
7900
8852
9866
10787
11788
12777
13728
14747
15544
16495
17412
18249
19201
20119
21085
22106
23067
23995
24965
25921
26854
27728
28645
29461
30464
31374
32352
33296
34109
35077
36091
37089
38092
39128
40084
41105
41788
42528
43549
44561
45587
46456
47412
48147
48769
49402
50420
51185
52129
53084
53873
54843
55821
56768
57521
58366
59264
59703
0
TO:H,FS:1,FT:2,PC:66
0
365
1322
2310
3316
4277
5092
5903
6909
7896
8852
9802
10723
11727
12689
13605
14623
15315
16263
17240
18040
18955
19913
20820
21845
22744
23709
24650
25643
26583
27478
28350
29161
30141
31125
32032
32960
33791
34760
35761
36754
37755
38802
39796
40776
41384
42213
43236
44228
45200
46221
46966
47989
48540
48981
49891
50716
51633
52579
53527
54422
55414
56362
57321
57971
58868
59703
0
TO:H,FS:2,FT:0,PC:85
0
233
987
1715
2452
3248
3932
4677
5239
5966
6759
7516
8162
8887
9645
10374
11083
11847
12625
13388
14173
14747
15426
16150
16926
17479
18186
18937
19659
20450
21158
21942
22684
23427
24189
24933
25688
26395
27094
27728
28465
29075
29813
30598
31244
31959
32719
33518
34164
34922
35710
36477
37188
37985
38785
39549
40328
41143
41718
42268
43052
43826
44629
45390
46119
46700
47501
48097
48621
48981
49673
50438
51075
51777
52518
53224
53801
54546
55281
56034
56759
57353
58017
58688
59336
59703
0
TO:H,FS:2,FT:1,PC:85
0
233
987
1715
2452
3248
3932
4677
5239
5966
6759
7524
8219
8944
9700
10428
11137
11904
12675
13442
14185
14747
15371
16091
16867
17430
18157
18881
19652
20391
21107
21886
22631
23374
24151
24933
25715
26452
27150
27765
28534
29131
29871
30664
31353
32076
32827
33577
34271
35041
35824
36607
37358
38177
38951
39732
40506
41181
41770
42324
43105
43888
44683
45441
46176
46758
47534
48147
48690
49064
49823
50456
51185
51883
52624
53357
53971
54730
55526
56319
57114
57646
58301
58990
59632
59703
0
TO:H,FS:2,FT:2,PC:85
0
175
930
1658
2394
3196
3878
4583
5221
5887
6644
7403
8075
8779
9532
10276
10969
11736
12497
13274
14059
14747
15351
16039
16804
17430
18157
18881
19591
20330
21096
21828
22570
23322
24083
24825
25577
26316
26982
27635
28350
28965
29731
30482
31170
31873
32608
33402
34050
34816
35601
36394
37132
37926
38714
39499
40274
41084
41601
42213
42991
43771
44561
45332
46060
46593
47382
48097
48585
48950
49622
50382
50962
51669
52407
53169
53739
54503
55286
56095
56881
57396
58013
58688
59336
59703
0
