TO:V,FS:0,FT:0,PC:45
0
810
2036
3485
4868
6120
7551
8983
10394
11610
12881
14239
15442
16734
18110
19516
20868
22041
23428
24670
26002
27353
28609
29971
31414
32768
34136
35335
36720
38087
39375
40695
42051
43281
44632
46004
47349
48565
49816
51220
52498
53688
55037
56295
57696
58102
0
TO:V,FS:0,FT:1,PC:45
0
752
2005
3434
4802
6063
7499
8937
10351
11548
12830
14185
15442
16734
18110
19516
20868
22041
23428
24729
26075
27464
28747
30095
31534
32885
34208
35450
36844
38205
39393
40810
42153
43401
44759
46168
47530
48698
50033
51441
52702
53884
55259
56520
57927
58102
0
TO:V,FS:0,FT:2,PC:47
0
752
1944
3258
4597
5811
7135
8518
9881
11019
12280
13574
14818
15974
17289
18588
19869
21207
22326
23668
24850
26118
27464
28678
29971
31351
32684
33975
35103
36435
37750
39094
40242
41555
42653
43958
45339
46686
47833
49155
50376
51592
52874
54001
55319
56520
57868
58102
0
TO:V,FS:1,FT:0,PC:58
0
607
1652
2690
3781
4764
5694
6703
7737
8797
9836
10702
11716
12707
13816
14818
15767
16781
17865
18899
19965
21048
21988
23049
24066
25012
26044
27121
28142
29153
30178
31263
32336
33411
34461
35378
36458
37512
38547
39444
40473
41509
42522
43412
44455
45505
46573
47613
48482
49499
50476
51522
52487
53390
54372
55446
56433
57490
58102
0
TO:V,FS:1,FT:1,PC:58
0
607
1652
2690
3781
4764
5694
6703
7737
8813
9881
10755
11754
12758
13865
14818
15767
16781
17865
18904
19965
21048
21988
23049
24066
25012
26044
27156
28246
29262
30272
31364
32432
33507
34542
35504
36603
37709
38749
39657
40668
41693
42549
43618
44660
45763
46802
47815
48737
49730
50753
51744
52771
53668
54682
55724
56719
57774
58102
0
TO:V,FS:1,FT:2,PC:61
0
462
1473
2443
3437
4377
5248
6262
7209
8195
9263
10269
11112
12101
13049
14069
14884
15857
16820
17865
18840
19869
20880
21742
22759
23771
24651
25619
26648
27587
28472
29538
30518
31558
32582
33592
34542
35454
36401
37415
38388
39375
40288
41256
42231
43076
44075
45099
46108
47067
47933
48882
49803
50807
51744
52727
53560
54545
55516
56385
57344
58102
0
TO:V,FS:2,FT:0,PC:76
0
421
1220
1944
2767
3595
4356
5041
5824
6595
7426
8195
9028
9806
10502
11275
12049
12791
13612
14389
15078
15801
16576
17382
18175
18943
19781
20514
21277
21945
22741
23547
24304
25045
25840
26613
27429
28208
28926
29735
30536
31344
32142
32876
33675
34474
35132
35916
36734
37547
38320
39126
39774
40587
41365
42136
42801
43583
44349
45153
45983
46748
47530
48162
48993
49756
50558
51325
52059
52868
53502
54271
55057
55807
56562
57373
58102
0
TO:V,FS:2,FT:1,PC:76
0
462
1274
1990
2818
3638
4403
5078
5870
6637
7473
8295
9127
9934
10627
11417
12180
12963
13769
14551
15219
15940
16734
17553
18370
19117
19915
20692
21400
22195
22999
23822
24530
25299
26069
26868
27677
28405
29175
29971
30828
31601
32371
33133
33917
34599
35388
36175
37003
37809
38641
39375
40124
40922
41707
42482
43139
43892
44683
45497
46301
47067
47815
48557
49374
50116
50928
51686
52442
53126
53919
54723
55559
56276
57106
57876
58102
0
TO:V,FS:2,FT:2,PC:76
0
389
1180
1901
2725
3510
4275
4997
5811
6546
7367
8107
8937
9780
10502
11281
12049
12791
13607
14389
15049
15801
16533
17340
18143
18930
19740
20514
21277
21945
22741
23547
24304
25045
25840
26613
27429
28208
28926
29735
30536
31344
32142
32876
33675
34465
35132
35916
36734
37547
38273
39085
39744
40545
41321
42083
42720
43494
44265
45073
45893
46686
47443
48118
48935
49682
50466
51271
51986
52784
53459
54232
55057
55807
56583
57384
58102
0
TO:H,FS:0,FT:0,PC:44
0
567
1827
3179
4567
5750
7094
8563
10008
11141
12472
13843
15062
16456
17884
19316
20692
21866
23274
24547
25965
27373
28575
29971
31468
32864
34277
35463
36878
38313
39469
40896
42178
43412
44814
46168
47558
48716
50033
51396
52743
53975
55383
56687
58102
0
TO:H,FS:0,FT:1,PC:46
0
571
1782
3035
4351
5455
6788
8183
9592
10641
11981
13222
14640
15715
17091
18490
19834
21135
22161
23504
24670
26044
27373
28575
29946
31310
32650
33988
35091
36504
37911
39235
40444
41667
42762
44134
45457
46748
47833
49155
50401
51694
52978
54194
55618
56835
58102
0
TO:H,FS:0,FT:2,PC:47
0
491
1747
3003
4275
5374
6622
7967
9391
10502
11830
13069
14422
15538
16808
18162
19552
20839
21866
23203
24515
25741
27085
28405
29643
31011
32359
33754
34853
36197
37540
38870
40009
41227
42531
43750
45123
46399
47711
48790
50033
51325
52596
53766
55091
56310
57682
58102
0
TO:H,FS:1,FT:0,PC:60
0
421
1437
2303
3364
4406
5192
6228
7291
8314
9400
10372
11191
12257
13277
14318
15161
16115
17107
18143
19202
20216
21269
22155
23203
24225
25140
26151
27242
28287
29233
30228
31329
32350
33425
34400
35197
36214
37298
38294
39361
40213
41152
42158
42971
44001
45073
46124
47191
48054
49095
50007
50963
51999
52978
53896
54945
55865
56932
57974
58102
0
TO:H,FS:1,FT:1,PC:59
0
421
1437
2303
3371
4406
5255
6289
7426
8441
9541
10484
11438
12460
13549
14535
15389
16357
17358
18411
19466
20470
21400
22476
23529
24488
25466
26469
27552
28423
29529
30563
31664
32661
33718
34559
35527
36589
37657
38738
39596
40680
41658
42531
43470
44495
45580
46628
47684
48565
49563
50480
51456
52430
53323
54317
55333
56299
57378
58102
0
TO:H,FS:1,FT:2,PC:63
0
361
1334
2100
3100
4116
4979
5892
6880
7834
8829
9861
10567
11558
12523
13530
14467
15281
16179
17117
18071
19008
20004
20957
21766
22752
23791
24614
25588
26523
27552
28423
29468
30434
31460
32410
33428
34336
35067
36024
37108
38093
39036
39836
40753
41719
42531
43412
44366
45396
46366
47378
48180
49146
49947
50835
51756
52718
53523
54507
55446
56362
57378
58102
0
TO:H,FS:2,FT:0,PC:76
0
343
1096
1880
2668
3485
4275
4997
5824
6609
7426
8221
9049
9866
10502
11288
12046
12822
13670
14460
15120
15857
16673
17447
18275
19052
19869
20692
21400
22195
22999
23809
24515
25188
26002
26781
27573
28405
29175
29971
30801
31629
32443
33295
34080
34717
35519
36321
37168
37956
38745
39393
40196
40966
41752
42506
43146
43958
44762
45560
46399
47176
47833
48597
49378
50089
50877
51651
52426
53103
53884
54695
55446
56116
56892
57692
58102
0
TO:H,FS:2,FT:1,PC:76
0
287
1057
1827
2621
3430
4220
4979
5727
6546
7426
8221
9091
9881
10502
11288
12046
12822
13670
14460
15130
15857
16673
17447
18275
19052
19869
20692
21400
22195
23023
23835
24547
25299
26118
26892
27679
28423
29302
30088
30940
31747
32556
33411
34193
34834
35634
36435
37278
38021
38853
39507
40288
41069
41881
42549
43364
44174
44985
45784
46628
47384
48045
48852
49593
50376
51158
51918
52700
53384
54162
54981
55724
56403
57248
58091
58102
0
TO:H,FS:2,FT:2,PC:76
0
287
1040
1827
2621
3430
4275
4997
5824
6599
7426
8221
9062
9881
10502
11288
12037
12822
13670
14460
15127
15857
16673
17447
18275
19052
19869
20692
21400
22195
23013
23826
24530
25243
26061
26832
27624
28405
29175
29971
30801
31629
32443
33274
34029
34611
35440
36214
37055
37846
38632
39375
40091
40859
41643
42398
43036
43847
44652
45457
46286
47067
47815
48551
49324
50033
50817
51592
52368
53051
53829
54638
55446
56110
56901
57692
58102
0
