The Power of Habit
LH:461966,BH:56959,MH:544923
TO:V,FS:0,FT:0,PC:42
0
872
2362
3876
5326
6657
8111
9557
10718
11978
13441
14907
16145
17589
19054
20509
21737
23272
24499
25960
27387
28636
30027
31560
33050
34516
35856
37272
38449
39893
41157
42572
43868
45198
46579
47958
49369
50680
52115
53666
55052
56182
56959
0
TO:V,FS:0,FT:1,PC:43
0
872
2304
3820
5267
6542
7989
9396
10551
11747
13164
14678
16068
17418
18881
20278
21452
22924
24156
25580
26957
28151
29522
30978
32450
33865
35285
36617
37890
39134
40412
41819
43039
44463
45789
47199
48612
50021
51356
52808
54264
55471
56737
56959
0
TO:V,FS:0,FT:2,PC:49
0
738
1980
3148
4420
5689
6850
8111
9348
10289
11421
12561
13790
15003
16086
17344
18584
19833
21061
22075
23329
24410
25623
26786
27901
29085
30306
31553
32807
34082
35278
36400
37635
38591
39830
40952
42234
43188
44452
45619
46769
47997
49232
50318
51548
52808
54054
55268
56229
56959
0
TO:V,FS:0,FT:3,PC:43
0
891
2403
3888
5267
6608
8062
9438
10556
11763
13173
14678
16068
17356
18753
20183
21393
22945
24226
25623
27076
28348
29825
31219
32708
34129
35541
36799
37940
39380
40720
42186
43297
44739
46217
47574
48924
50164
51606
53115
54561
55680
56918
56959
0
TO:V,FS:0,FT:4,PC:48
0
815
2105
3344
4620
5756
7020
8269
9489
10539
11685
12918
14204
15465
16584
17849
19177
20399
21393
22696
23842
25065
26274
27497
28633
29806
31068
32310
33528
34807
35896
37192
38247
39528
40671
41986
42945
44230
45458
46685
47958
49194
50312
51542
52877
54145
55346
56353
56959
0
TO:V,FS:0,FT:5,PC:44
0
808
2210
3583
4970
6246
7621
8974
10081
11421
12677
14069
15410
16584
17899
19389
20746
21846
23321
24491
25850
27124
28293
29702
31050
32466
33865
35224
36491
37748
38865
40247
41470
42706
44079
45355
46695
48011
49369
50558
51969
53356
54707
55821
56959
0
TO:V,FS:1,FT:0,PC:56
0
711
1777
2852
3940
5043
6003
7098
8162
9264
10115
11160
12040
13125
14191
15260
16187
17286
18438
19588
20615
21492
22571
23664
24617
25674
26666
27556
28633
29672
30710
31797
32878
33987
35098
36042
37082
37940
39005
40076
41036
42163
42996
44103
45112
46208
47209
48295
49355
50297
51374
52499
53636
54646
55578
56439
56959
0
TO:V,FS:1,FT:1,PC:56
0
658
1739
2836
3888
4944
5909
7015
8090
9106
9961
11007
11898
12973
14069
15124
16086
17189
18330
19481
20509
21443
22523
23611
24563
25623
26666
27556
28633
29672
30710
31797
32878
33987
35098
36054
37139
37988
39114
40186
41140
42264
43115
44207
45208
46266
47313
48399
49419
50361
51442
52556
53696
54697
55631
56525
56959
0
TO:V,FS:1,FT:2,PC:65
0
477
1427
2319
3223
4151
5094
5852
6742
7662
8570
9489
10124
11045
11850
12773
13708
14616
15557
16317
17240
18179
19093
20041
20984
21685
22571
23519
24310
25244
26058
26957
27748
28658
29559
30468
31377
32327
33266
34210
35078
35880
36799
37738
38462
39418
40340
41180
42153
42849
43808
44721
45610
46502
47452
48343
49285
50084
51034
51979
52920
53863
54789
55538
56310
56959
0
TO:V,FS:1,FT:3,PC:56
0
658
1739
2852
3898
4993
5952
7025
8101
9106
9961
11132
12052
13125
14251
15346
16247
17331
18447
19611
20615
21497
22646
23712
24619
25674
26666
27556
28658
29702
30774
31850
32992
34064
35193
36108
37192
38098
39166
40258
41246
42380
43210
44288
45352
46453
47503
48612
49687
50562
51697
52768
53869
54911
55766
56617
56959
0
TO:V,FS:1,FT:4,PC:63
0
574
1563
2519
3440
4431
5432
6266
7248
8201
9156
9901
10804
11577
12546
13481
14440
15402
16216
17153
18126
19137
20086
21040
21818
22731
23702
24496
25456
26322
27225
28054
29011
29963
30933
31887
32867
33801
34794
35723
36617
37540
38351
39315
40274
41083
42102
42891
43883
44810
45789
46703
47653
48601
49547
50407
51389
52362
53305
54228
55176
55937
56683
56959
0
TO:V,FS:1,FT:5,PC:57
0
647
1724
2778
3791
4818
5756
6828
7927
8995
9865
10860
11776
12773
13847
14922
15978
16882
17955
19062
20095
21102
21963
23051
24033
25065
26058
27100
27994
29053
30019
31102
32189
33276
34321
35324
36237
37281
38134
39145
40183
41140
42215
43048
44151
45151
46208
47209
48238
49259
50151
51177
52248
53373
54383
55346
56133
56959
0
TO:V,FS:2,FT:0,PC:71
0
477
1311
2173
2995
3888
4753
5654
6358
7207
8084
8922
9763
10484
11317
11978
12856
13679
14534
15346
16086
16941
17795
18703
19626
20430
21267
21945
22774
23611
24310
25143
25898
26684
27497
28267
29148
29963
30817
31659
32466
33315
34174
35031
35783
36664
37496
38197
38992
39830
40584
41466
42294
42979
43857
44721
45605
46449
47256
48085
48889
49732
50453
51347
52186
53067
53901
54693
55368
56093
56791
56959
0
TO:V,FS:2,FT:1,PC:72
0
477
1342
2210
3033
3888
4753
5620
6313
7164
8001
8799
9617
10213
11060
11720
12546
13397
14262
15093
15945
16628
17464
18307
19227
20041
20863
21521
22300
23121
23842
24625
25411
26184
26998
27776
28580
29443
30273
31102
31927
32822
33622
34482
35314
36054
36884
37671
38351
39179
40016
40717
41564
42371
43081
43945
44766
45610
46449
47304
48127
48929
49783
50501
51347
52186
53017
53901
54693
55406
56121
56791
56959
0
TO:V,FS:2,FT:2,PC:87
0
355
1056
1730
2415
3073
3779
4437
5144
5707
6381
7098
7791
8486
9183
9763
10329
11007
11556
12206
12866
13561
14262
14943
15620
16161
16833
17529
18222
18923
19614
20229
20922
21477
22169
22883
23594
24161
24859
25498
26125
26815
27482
28054
28739
29418
30088
30779
31482
32158
32834
33520
34210
34895
35612
36192
36900
37563
38102
38799
39460
40125
40727
41442
42140
42706
43398
44113
44709
45397
46091
46742
47465
48132
48812
49494
50084
50769
51442
52139
52831
53551
54264
54923
55480
56055
56645
56959
0
TO:V,FS:2,FT:3,PC:71
0
432
1311
2157
2948
3807
4659
5525
6231
7098
7977
8844
9699
10309
11126
11763
12626
13441
14262
15093
15952
16670
17542
18402
19272
20134
20999
21680
22497
23366
24033
24914
25667
26462
27312
28077
28886
29748
30588
31426
32265
33102
33943
34798
35605
36324
37171
37890
38622
39460
40291
41005
41895
42690
43458
44288
45121
45967
46796
47653
48516
49344
50084
50965
51813
52686
53593
54448
55268
55897
56577
56959
0
TO:V,FS:2,FT:4,PC:82
0
375
1104
1824
2541
3223
3961
4711
5432
6042
6760
7478
8190
8914
9659
10200
10916
11516
12228
12948
13667
14414
15163
15839
16472
17213
17964
18709
19468
20193
20941
21540
22265
23014
23735
24344
25105
25813
26523
27235
27830
28533
29227
29958
30664
31371
32109
32807
33514
34255
34961
35705
36316
37029
37728
38337
39050
39765
40392
41110
41875
42523
43131
43863
44583
45235
45933
46629
47361
48080
48771
49490
50127
50872
51566
52336
53067
53761
54491
55241
55783
56358
56959
0
TO:V,FS:2,FT:5,PC:72
0
477
1298
2173
2989
3840
4735
5585
6266
7156
8029
8878
9744
10374
11183
11845
12721
13546
14395
15201
16033
16716
17576
18415
19272
20078
20888
21562
22388
23246
23966
24757
25518
26303
27080
27790
28652
29490
30297
31146
31973
32822
33665
34526
35358
36079
36908
37743
38416
39186
40041
40777
41654
42475
43201
44040
44829
45679
46493
47298
48080
48889
49718
50407
51260
52126
52975
53803
54617
55346
55968
56577
56959
0
