TO:V,FS:0,FT:0,PC:15
0
1118
2169
3393
4440
5958
7153
8535
9589
11069
12492
13683
14567
15611
16906
17974
0
TO:V,FS:0,FT:1,PC:15
0
1059
2169
3393
4440
5958
7160
8535
9589
11069
12492
13672
14504
15587
16841
17974
0
TO:V,FS:0,FT:2,PC:16
0
1059
2126
3211
4313
5556
6836
8072
8969
10396
11749
13216
13971
14896
15960
17201
17974
0
TO:V,FS:1,FT:0,PC:20
0
781
1897
2390
3453
4324
5348
6487
7396
8535
9367
10485
11572
12654
13540
14180
14946
15943
16937
17802
17974
0
TO:V,FS:1,FT:1,PC:20
0
781
1897
2390
3502
4374
5402
6542
7448
8535
9367
10474
11470
12599
13488
14180
14946
15889
16837
17702
17974
0
TO:V,FS:1,FT:2,PC:20
0
781
1860
2390
3408
4286
5238
6365
7238
8321
9074
10168
11262
12286
13346
13962
14714
15476
16392
17459
17974
0
TO:V,FS:2,FT:0,PC:25
0
568
1436
2109
2697
3587
4270
5027
5931
6813
7482
8389
9010
9841
10664
11461
12263
13120
13722
14271
14896
15568
16324
17132
17832
17974
0
TO:V,FS:2,FT:1,PC:24
0
529
1390
2090
2647
3537
4221
4980
5876
6762
7438
8309
8936
9767
10668
11551
12400
13257
13849
14353
14946
15746
16468
17342
17974
0
TO:V,FS:2,FT:2,PC:26
0
529
1329
2039
2519
3358
4015
4660
5503
6313
6973
7757
8535
9151
9985
10841
11689
12485
13296
13849
14348
14896
15521
16253
17001
17655
17974
0
TO:H,FS:0,FT:0,PC:17
0
957
2090
2831
3970
5189
6654
7734
8680
10008
11418
12869
13722
14417
15302
16421
17605
17974
0
TO:H,FS:0,FT:1,PC:17
0
881
2063
2757
3920
4832
6313
7348
8535
9414
10947
12367
13435
14180
14981
16253
17605
17974
0
TO:H,FS:0,FT:2,PC:17
0
881
2063
2757
3920
4832
6313
7348
8535
9414
10947
12367
13435
14180
14981
16253
17560
17974
0
TO:H,FS:1,FT:0,PC:21
0
706
1795
2340
3157
3970
4886
5972
6886
7966
8680
9667
10751
11755
12747
13435
14107
14783
15476
16341
17385
17974
0
TO:H,FS:1,FT:1,PC:21
0
706
1806
2340
3157
3970
4886
5972
6886
7966
8680
9679
10751
11755
12747
13435
14107
14783
15476
16341
17385
17974
0
TO:H,FS:1,FT:2,PC:21
0
637
1729
2307
3084
3920
4638
5732
6836
7713
8585
9475
10551
11606
12548
13385
13971
14570
15311
16253
17230
17974
0
TO:H,FS:2,FT:0,PC:26
0
501
1273
2039
2449
3273
3970
4607
5479
6368
7032
7874
8585
9247
10097
10952
11749
12548
13346
13817
14271
14896
15527
16253
17018
17655
17974
0
TO:H,FS:2,FT:1,PC:26
0
501
1285
2039
2390
3211
3920
4440
5305
6188
6886
7732
8535
9033
9859
10716
11536
12367
13274
13683
14180
14860
15372
16193
16837
17605
17974
0
TO:H,FS:2,FT:2,PC:26
0
501
1273
2039
2390
3211
3920
4440
5305
6188
6886
7732
8535
9033
9859
10716
11536
12367
13216
13683
14180
14856
15372
16193
16831
17605
17974
0
