How to Win Friends and Influence People
LH:325,BH:12876,MH:444605
TO:V,FS:0,FT:0,PC:9
0
1163
2888
4485
6065
7581
9232
10839
12402
12876
0
TO:V,FS:0,FT:1,PC:9
0
1163
2888
4485
6075
7581
9238
10839
12462
12876
0
TO:V,FS:0,FT:2,PC:9
0
1163
2888
4485
6075
7581
9165
10767
12331
12876
0
TO:V,FS:0,FT:3,PC:9
0
1093
2763
4275
5822
7398
8955
10559
12165
12876
0
TO:V,FS:0,FT:4,PC:10
0
1093
2636
4116
5551
7068
8493
9842
11280
12722
12876
0
TO:V,FS:0,FT:5,PC:10
0
1093
2673
4076
5521
7152
8609
10058
11569
12825
12876
0
TO:V,FS:0,FT:6,PC:10
0
1041
2393
3810
5242
6751
8008
9479
10767
12234
12876
0
TO:V,FS:0,FT:7,PC:10
0
1034
2460
3879
5311
6881
8257
9712
11103
12532
12876
0
TO:V,FS:1,FT:0,PC:11
0
952
2287
3621
4954
6292
7508
8801
10074
11398
12644
12876
0
TO:V,FS:1,FT:1,PC:11
0
952
2287
3630
4929
6174
7388
8703
9900
11160
12462
12876
0
TO:V,FS:1,FT:2,PC:11
0
892
2172
3439
4686
5972
7184
8363
9582
10767
12070
12876
0
TO:V,FS:1,FT:3,PC:11
0
892
2197
3439
4750
6038
7312
8503
9763
10948
12165
12876
0
TO:V,FS:1,FT:4,PC:12
0
815
1952
3136
4257
5300
6545
7673
8801
9942
11031
12165
12876
0
TO:V,FS:1,FT:5,PC:11
0
892
2114
3378
4625
5903
7124
8294
9582
10724
11951
12876
0
TO:V,FS:1,FT:6,PC:13
0
712
1765
2998
3923
5066
6174
7325
8464
9582
10607
11772
12791
12876
0
TO:V,FS:1,FT:7,PC:13
0
712
1760
2946
3867
5010
6174
7325
8414
9548
10490
11658
12639
12876
0
TO:V,FS:2,FT:0,PC:14
0
712
1690
2736
3686
4668
5610
6652
7614
8627
9582
10490
11507
12433
12876
0
TO:V,FS:2,FT:1,PC:14
0
712
1643
2689
3686
4616
5507
6545
7508
8528
9573
10479
11407
12331
12876
0
TO:V,FS:2,FT:2,PC:15
0
654
1592
2587
3587
4511
5396
6425
7325
8213
9211
10119
11081
12025
12825
12876
0
TO:V,FS:2,FT:3,PC:14
0
654
1604
2598
3597
4511
5456
6530
7433
8319
9319
10243
11148
12165
12876
0
TO:V,FS:2,FT:4,PC:16
0
620
1338
2272
3136
3944
4878
5680
6545
7419
8257
9082
9922
10767
11666
12462
12876
0
TO:V,FS:2,FT:5,PC:15
0
654
1592
2587
3533
4471
5298
6327
7291
8109
9107
10074
11027
11972
12791
12876
0
TO:V,FS:2,FT:6,PC:16
0
573
1338
2216
3099
3810
4652
5392
6272
7128
7934
8801
9677
10490
11289
12165
12876
0
TO:V,FS:2,FT:7,PC:17
0
526
1295
2124
2998
3779
4554
5293
6174
7029
7788
8656
9479
10219
11043
11829
12605
12876
0
TO:V,FS:3,FT:0,PC:18
0
526
1233
2001
2822
3602
4375
5118
5949
6683
7464
8177
8955
9749
10490
11239
12038
12791
12876
0
TO:V,FS:3,FT:1,PC:18
0
526
1233
2001
2822
3606
4386
5118
5949
6633
7419
8187
8955
9749
10474
11194
11996
12704
12876
0
TO:V,FS:3,FT:2,PC:19
0
526
1183
1916
2689
3424
4163
4940
5594
6355
7063
7788
8577
9257
9958
10673
11398
12165
12825
12876
0
TO:V,FS:3,FT:3,PC:18
0
526
1183
1916
2752
3470
4206
4954
5700
6530
7312
8008
8801
9582
10291
11031
11782
12462
12876
0
TO:V,FS:3,FT:4,PC:20
0
511
1093
1807
2530
3253
3890
4625
5242
6006
6670
7325
8008
8781
9455
10074
10767
11498
12165
12791
12876
0
TO:V,FS:3,FT:5,PC:18
0
526
1227
1988
2818
3602
4359
5085
5843
6591
7372
8098
8890
9619
10383
11103
11906
12605
12876
0
TO:V,FS:3,FT:6,PC:20
0
445
1041
1643
2379
3110
3686
4390
5032
5700
6377
7055
7688
8339
8955
9661
10336
10983
11669
12331
12876
0
TO:V,FS:3,FT:7,PC:21
0
445
997
1628
2318
2979
3634
4257
4954
5618
6292
6968
7598
8257
8921
9582
10243
10896
11591
12253
12825
12876
0
