How to Win Friends and Influence People
LH:13201,BH:8187,MH:444605
TO:V,FS:0,FT:0,PC:6
0
1172
2777
4583
6173
7495
8187
0
TO:V,FS:0,FT:1,PC:6
0
1172
2777
4524
6107
7434
8187
0
TO:V,FS:0,FT:2,PC:6
0
1106
2639
4380
6037
7416
8187
0
TO:V,FS:0,FT:3,PC:6
0
1110
2708
4380
5998
7301
8187
0
TO:V,FS:0,FT:4,PC:7
0
1099
2565
4185
5562
6857
8081
8187
0
TO:V,FS:0,FT:5,PC:6
0
1106
2565
4241
5858
7226
8187
0
TO:V,FS:0,FT:6,PC:7
0
983
2331
3777
5196
6517
7554
8187
0
TO:V,FS:0,FT:7,PC:7
0
983
2388
3896
5382
6735
7756
8187
0
TO:V,FS:1,FT:0,PC:7
0
958
2179
3505
4899
6092
7263
8187
0
TO:V,FS:1,FT:1,PC:7
0
958
2179
3505
4915
6152
7301
8187
0
TO:V,FS:1,FT:2,PC:8
0
901
2059
3357
4699
5858
6917
7929
8187
0
TO:V,FS:1,FT:3,PC:8
0
910
2127
3490
4790
6037
7141
8145
8187
0
TO:V,FS:1,FT:4,PC:8
0
868
1944
3118
4342
5488
6602
7542
8187
0
TO:V,FS:1,FT:5,PC:8
0
892
1999
3291
4583
5775
6806
7774
8187
0
TO:V,FS:1,FT:6,PC:9
0
709
1790
2978
4132
5209
6208
7125
8025
8187
0
TO:V,FS:1,FT:7,PC:9
0
709
1790
2914
4077
5154
6139
7067
7929
8187
0
TO:V,FS:2,FT:0,PC:9
0
709
1674
2724
3772
4830
5858
6747
7579
8187
0
TO:V,FS:2,FT:1,PC:9
0
709
1674
2724
3772
4780
5787
6711
7479
8187
0
TO:V,FS:2,FT:2,PC:10
0
658
1570
2565
3559
4627
5580
6492
7301
8137
8187
0
TO:V,FS:2,FT:3,PC:9
0
658
1625
2677
3667
4726
5755
6654
7434
8187
0
TO:V,FS:2,FT:4,PC:11
0
641
1430
2290
3160
4112
4926
5858
6649
7355
8091
8187
0
TO:V,FS:2,FT:5,PC:10
0
709
1622
2565
3559
4583
5528
6448
7258
8060
8187
0
TO:V,FS:2,FT:6,PC:11
0
552
1378
2173
3118
4059
4873
5711
6492
7208
7929
8187
0
TO:V,FS:2,FT:7,PC:11
0
552
1378
2173
3046
3915
4726
5570
6380
7007
7762
8187
0
TO:V,FS:3,FT:0,PC:12
0
552
1301
2027
2843
3648
4508
5286
6037
6747
7355
8001
8187
0
TO:V,FS:3,FT:1,PC:12
0
552
1301
2027
2843
3648
4508
5286
6037
6747
7391
8030
8187
0
TO:V,FS:3,FT:2,PC:12
0
552
1260
1944
2751
3505
4333
5060
5858
6582
7168
7716
8187
0
TO:V,FS:3,FT:3,PC:12
0
552
1260
1985
2798
3553
4380
5114
5858
6602
7268
7852
8187
0
TO:V,FS:3,FT:4,PC:13
0
504
1195
1879
2565
3277
4020
4726
5422
6118
6747
7355
7957
8187
0
TO:V,FS:3,FT:5,PC:12
0
552
1301
1985
2793
3553
4371
5150
5905
6602
7251
7807
8187
0
TO:V,FS:3,FT:6,PC:14
0
476
1081
1699
2413
3118
3851
4583
5222
5858
6492
6999
7565
8129
8187
0
TO:V,FS:3,FT:7,PC:14
0
464
1033
1656
2362
3074
3750
4451
5096
5750
6380
6903
7434
8001
8187
0
