How To Win Friends And Influence People
LH:21470,BH:27407,MH:446102
TO:V,FS:0,FT:0,PC:23
0
958
2164
3220
4502
5667
7022
8316
9751
10992
12360
13648
14941
16151
17518
18715
20075
21112
22184
23576
24753
25979
27257
27407
0
TO:V,FS:0,FT:1,PC:23
0
958
2164
3220
4502
5667
6971
8200
9630
10861
12054
13405
14667
15816
17103
18318
19545
20773
21832
23046
24369
25434
26705
27407
0
TO:V,FS:0,FT:2,PC:27
0
811
1803
2722
3823
4845
5942
7069
8065
9266
10422
11554
12652
13695
14763
15788
16815
17857
18939
20091
21039
21926
23039
24121
25124
26163
27190
27407
0
TO:V,FS:0,FT:3,PC:23
0
958
2164
3220
4511
5606
6908
8216
9688
10932
12366
13584
14884
16089
17340
18600
19899
21039
22109
23407
24599
25736
27017
27407
0
TO:V,FS:0,FT:4,PC:26
0
842
1854
2874
3926
4953
5987
7208
8336
9566
10739
11853
13052
14166
15270
16259
17395
18524
19559
20649
21612
22674
23791
24856
25885
26933
27407
0
TO:V,FS:0,FT:5,PC:24
0
944
2040
3051
4261
5335
6541
7846
9152
10422
11614
12894
14108
15332
16442
17648
18881
20176
21195
22299
23622
24753
25855
27017
27407
0
TO:V,FS:1,FT:0,PC:30
0
662
1592
2521
3313
4291
5182
5987
7027
7954
9087
10043
10970
11952
12944
13906
14861
15759
16667
17634
18516
19404
20389
21195
22184
23184
24121
25047
25987
26878
27407
0
TO:V,FS:1,FT:1,PC:30
0
662
1592
2521
3313
4291
5194
5987
7027
7954
9087
10043
11034
12014
13000
13958
14961
15863
16771
17648
18600
19559
20493
21286
22279
23291
24172
25094
26037
26933
27407
0
TO:V,FS:1,FT:2,PC:35
0
548
1349
2164
2866
3697
4466
5275
5987
6896
7690
8574
9470
10307
11162
12033
12944
13695
14565
15348
16089
16872
17648
18468
19232
20117
20862
21571
22330
23184
23987
24753
25469
26294
27113
27407
0
TO:V,FS:1,FT:3,PC:30
0
668
1592
2521
3363
4322
5222
6091
7147
8109
9203
10272
11206
12231
13256
14211
15159
16089
17103
17963
18881
19857
20773
21656
22620
23706
24573
25434
26399
27327
27407
0
TO:V,FS:1,FT:4,PC:33
0
570
1431
2212
2979
3823
4603
5423
6302
7228
8039
9048
9873
10739
11614
12536
13405
14267
15123
15947
16711
17603
18415
19211
20117
20936
21656
22542
23415
24212
25047
25858
26718
27407
0
TO:V,FS:1,FT:5,PC:31
0
650
1592
2466
3271
4235
5135
5987
7027
7954
9045
9989
10919
11905
12944
13894
14861
15759
16667
17623
18468
19344
20316
21112
21976
22937
23847
24753
25655
26551
27380
27407
0
TO:V,FS:2,FT:0,PC:37
0
487
1256
2020
2686
3348
4115
4845
5541
6386
7224
7945
8832
9630
10399
11197
11935
12798
13584
14397
15159
15931
16621
17428
18221
18921
19698
20468
21112
21837
22562
23415
24121
24886
25590
26362
27108
27407
0
TO:V,FS:2,FT:1,PC:38
0
529
1299
2068
2722
3435
4201
4940
5631
6421
7271
7993
8872
9630
10352
11152
11853
12652
13496
14225
14937
15627
16308
17166
17904
18641
19349
20117
20862
21520
22184
22982
23791
24548
25218
25947
26671
27369
27407
0
TO:V,FS:2,FT:2,PC:46
0
393
1038
1633
2247
2805
3376
4027
4651
5222
5837
6421
7106
7707
8368
9077
9717
10307
10916
11614
12275
12944
13564
14137
14763
15410
15998
16559
17213
17810
18415
18996
19652
20285
20773
21286
21872
22524
23150
23791
24413
25047
25625
26221
26814
27380
27407
0
TO:V,FS:2,FT:3,PC:38
0
487
1256
1980
2649
3306
4027
4796
5473
6219
6999
7729
8554
9378
10162
10872
11709
12536
13291
13969
14730
15431
16151
16965
17648
18415
19085
19871
20543
21195
21922
22698
23541
24212
24933
25595
26328
27017
27407
0
TO:V,FS:2,FT:4,PC:43
0
473
1145
1789
2374
2954
3604
4213
4845
5482
6104
6823
7504
8181
8923
9605
10296
10872
11614
12337
12944
13584
14278
14920
15534
16151
16836
17458
18090
18719
19404
20091
20669
21233
21858
22505
23184
23835
24453
25086
25674
26368
27003
27407
0
TO:V,FS:2,FT:5,PC:37
0
487
1256
2020
2686
3332
4107
4845
5541
6386
7208
7901
8784
9583
10344
11152
11896
12700
13447
14166
14937
15585
16259
17166
17900
18680
19437
20206
20936
21585
22269
23032
23791
24548
25250
26037
26772
27407
0
