How To Win Friends And Influence People
LH:48956,BH:24423,MH:446102
TO:V,FS:0,FT:0,PC:20
0
743
1970
3278
4579
5883
7160
8390
9663
10873
12060
13335
14534
15830
17224
18492
19785
20971
22121
23415
24423
0
TO:V,FS:0,FT:1,PC:21
0
743
1911
3214
4464
5722
6977
8216
9502
10585
11857
13051
14220
15507
16774
17891
19183
20457
21625
22738
23926
24423
0
TO:V,FS:0,FT:2,PC:24
0
695
1558
2653
3625
4664
5766
6897
7897
8896
9939
10959
12060
13153
14099
15216
16267
17381
18500
19640
20657
21679
22659
23654
24423
0
TO:V,FS:0,FT:3,PC:21
0
743
1911
3151
4410
5679
6977
8219
9506
10585
11857
13115
14280
15580
16850
18015
19305
20490
21733
22926
24026
24423
0
TO:V,FS:0,FT:4,PC:24
0
718
1665
2754
3732
4819
5956
7082
8127
9240
10301
11379
12529
13528
14573
15716
16843
17891
19056
20156
21085
22118
23267
24338
24423
0
TO:V,FS:0,FT:5,PC:21
0
743
1853
3088
4285
5543
6801
7926
9131
10322
11508
12719
13924
15122
16286
17574
18896
20168
21256
22361
23529
24423
0
TO:V,FS:1,FT:0,PC:27
0
637
1393
2364
3258
4104
5160
6051
7029
7964
8974
9926
10820
11784
12661
13573
14471
15490
16364
17381
18350
19235
20205
21070
21919
22892
23801
24423
0
TO:V,FS:1,FT:1,PC:27
0
637
1393
2359
3258
4104
5164
6051
7029
7964
8974
9929
10873
11857
12813
13726
14626
15611
16556
17537
18500
19394
20331
21187
22062
23042
23961
24423
0
TO:V,FS:1,FT:2,PC:31
0
473
1152
1853
2662
3430
4200
5084
5897
6713
7553
8301
9131
10022
10745
11566
12371
13165
13973
14773
15611
16431
17336
18132
18982
19828
20626
21371
22103
22915
23699
24423
0
TO:V,FS:1,FT:3,PC:26
0
637
1393
2378
3331
4270
5310
6254
7241
8127
9131
10140
11104
12060
12990
13924
14825
15830
16861
17891
18947
19949
20860
21733
22680
23654
24423
0
TO:V,FS:1,FT:4,PC:30
0
561
1253
2075
2972
3719
4606
5477
6334
7236
8001
8880
9757
10504
11327
12194
12990
13844
14637
15478
16281
17235
18078
18936
19785
20571
21399
22100
22940
23699
24423
0
TO:V,FS:1,FT:5,PC:28
0
593
1338
2207
3151
4080
5045
5956
6977
7926
8863
9822
10648
11584
12524
13363
14336
15281
16102
17161
18042
19002
19982
20860
21699
22532
23468
24361
24423
0
TO:V,FS:2,FT:0,PC:33
0
473
1120
1853
2658
3381
4104
4963
5744
6511
7311
8046
8837
9663
10391
11124
11904
12661
13363
14133
14862
15656
16419
17276
18024
18866
19623
20331
21017
21733
22480
23224
23909
24423
0
TO:V,FS:2,FT:1,PC:34
0
473
1120
1834
2569
3331
4069
4879
5608
6334
7160
7876
8625
9400
10086
10843
11600
12371
13070
13806
14508
15308
16000
16774
17529
18350
19126
19877
20532
21256
21946
22680
23468
24147
24423
0
TO:V,FS:2,FT:2,PC:41
0
333
865
1516
2139
2711
3331
3962
4557
5220
5803
6414
7060
7701
8311
8912
9543
10124
10728
11327
11970
12588
13165
13813
14405
14970
15611
16180
16861
17511
18101
18758
19398
20056
20649
21208
21820
22459
22996
23654
24245
24423
0
TO:V,FS:2,FT:3,PC:34
0
428
1041
1753
2475
3248
3980
4741
5477
6281
7023
7750
8532
9225
9969
10629
11327
12060
12805
13499
14225
14947
15700
16457
17282
18030
18866
19597
20331
21017
21733
22469
23081
23843
24423
0
TO:V,FS:2,FT:4,PC:39
0
409
979
1558
2193
2888
3483
4104
4811
5465
6161
6857
7494
8117
8777
9489
10071
10721
11327
12006
12649
13198
13860
14464
15171
15807
16472
17182
17806
18479
19098
19785
20409
21007
21679
22248
22904
23547
24119
24423
0
TO:V,FS:2,FT:5,PC:34
0
428
1068
1834
2544
3331
4069
4822
5561
6334
7154
7926
8663
9489
10201
10959
11773
12499
13165
13924
14678
15433
16144
17005
17784
18600
19313
20097
20840
21451
22138
22883
23645
24342
24423
0
