TO:V,FS:0,FT:0,PC:28
0
780
2011
3292
4529
5979
7082
8302
9507
10660
11924
13117
14329
15599
16760
17811
18855
19821
21249
22422
23704
25014
26375
27522
28821
29891
30815
32016
32108
0
TO:V,FS:0,FT:1,PC:28
0
780
2018
3292
4529
5979
7087
8302
9507
10665
11924
13117
14329
15599
16760
17811
18855
19821
21249
22422
23704
25014
26375
27522
28821
29891
30815
32016
32108
0
TO:V,FS:0,FT:2,PC:29
0
721
1895
3197
4383
5613
6784
7906
9105
10215
11340
12591
13679
14860
16011
17062
18082
18967
19998
21307
22422
23639
24897
26181
27347
28586
29672
30566
31694
32108
0
TO:V,FS:1,FT:0,PC:35
0
605
1557
2604
3648
4580
5673
6567
7556
8450
9384
10215
11147
12105
13083
14067
14940
15855
16750
17519
18552
19223
20074
21184
22014
23078
24113
25105
26153
27032
27965
28939
29832
30650
31626
32108
0
TO:V,FS:1,FT:1,PC:35
0
605
1557
2604
3648
4580
5676
6664
7643
8607
9492
10435
11316
12356
13265
14183
15165
16101
16994
17828
18616
19456
20352
21383
22324
23392
24418
25403
26440
27332
28213
29149
30004
30907
31938
32108
0
TO:V,FS:1,FT:2,PC:36
0
605
1506
2510
3488
4402
5308
6350
7122
8143
9018
9820
10655
11571
12529
13391
14329
15253
16195
17047
17811
18616
19456
20338
21296
22118
23130
24113
25055
26048
26932
27819
28821
29662
30311
31256
32108
0
TO:V,FS:2,FT:0,PC:45
0
541
1285
2011
2801
3550
4202
4879
5784
6519
7219
7994
8814
9431
10207
10908
11624
12421
13117
13885
14583
15303
16053
16814
17454
18175
18835
19456
20125
20977
21679
22448
23212
24016
24806
25570
26375
26981
27714
28474
29149
29832
30488
31270
31959
32108
0
TO:V,FS:2,FT:1,PC:44
0
541
1285
2011
2852
3601
4292
4973
5890
6565
7265
8041
8827
9518
10215
11000
11717
12513
13165
13927
14637
15303
16096
16858
17495
18263
18855
19497
20311
21161
21801
22615
23392
24187
24940
25724
26521
27199
27946
28705
29328
29968
30665
31370
32108
0
TO:V,FS:2,FT:2,PC:47
0
505
1189
1840
2628
3325
4059
4656
5516
6292
6905
7635
8365
9064
9679
10410
11054
11787
12529
13209
13931
14547
15199
15915
16534
17297
17876
18572
19055
19679
20396
21226
21801
22575
23289
24059
24806
25534
26291
26882
27582
28253
28980
29619
30173
30887
31572
32108
0
