How to Win Friends and Influence People
LH:105995,BH:23536,MH:444605
TO:V,FS:0,FT:0,PC:15
0
1310
2796
4498
6184
7930
9590
11342
12970
14834
16462
18044
19613
21208
22732
23536
0
TO:V,FS:0,FT:1,PC:15
0
1310
2796
4498
6112
7869
9451
11128
12789
14483
16206
17733
19154
20903
22278
23536
0
TO:V,FS:0,FT:2,PC:15
0
1310
2773
4293
5910
7712
9353
10928
12651
14411
16137
17525
19003
20696
22125
23536
0
TO:V,FS:0,FT:3,PC:16
0
1274
2628
4226
5729
7540
9155
10750
12351
13985
15710
17157
18630
20109
21592
23085
23536
0
TO:V,FS:0,FT:4,PC:17
0
1153
2440
3767
5184
6728
8207
9575
11096
12573
14046
15614
16852
18257
19613
21164
22463
23536
0
TO:V,FS:0,FT:5,PC:16
0
1265
2628
4010
5438
7175
8826
10231
11896
13515
15241
16665
18110
19500
20981
22344
23536
0
TO:V,FS:0,FT:6,PC:18
0
1053
2324
3642
4956
6487
8069
9417
10790
12276
13830
15241
16462
17721
18993
20449
21670
23037
23536
0
TO:V,FS:0,FT:7,PC:18
0
1033
2324
3642
5019
6487
8053
9417
10790
12276
13830
15241
16529
17850
19087
20696
21998
23406
23536
0
TO:V,FS:1,FT:0,PC:19
0
1029
2216
3430
4706
6035
7430
8807
9903
11381
12651
14046
15414
16523
17758
18928
20287
21572
22818
23536
0
TO:V,FS:1,FT:1,PC:19
0
967
2162
3393
4599
5918
7313
8687
9786
11210
12514
13883
15241
16462
17702
18863
20227
21512
22759
23536
0
TO:V,FS:1,FT:2,PC:20
0
908
2097
3269
4478
5613
6946
8260
9451
10790
12118
13327
14649
15999
17014
18257
19389
20696
21892
23085
23536
0
TO:V,FS:1,FT:3,PC:20
0
967
2162
3398
4599
5861
7203
8584
9668
11034
12276
13644
15033
16206
17296
18475
19678
21041
22237
23470
23536
0
TO:V,FS:1,FT:4,PC:21
0
845
2016
3079
4293
5438
6702
7918
9126
10162
11477
12641
13813
14995
16164
17151
18262
19302
20512
21560
22615
23536
0
TO:V,FS:1,FT:5,PC:20
0
908
2097
3269
4410
5496
6821
8145
9353
10590
11827
13035
14411
15772
16852
18022
19144
20480
21606
22812
23536
0
TO:V,FS:1,FT:6,PC:22
0
786
1911
2857
3928
4978
6121
7282
8431
9451
10627
11784
12880
14046
15241
16321
17233
18371
19434
20613
21565
22571
23536
0
TO:V,FS:1,FT:7,PC:23
0
786
1855
2796
3869
4918
6045
7213
8363
9451
10566
11733
12825
13985
15185
16206
17111
18189
19144
20294
21323
22278
23343
23536
0
TO:V,FS:2,FT:0,PC:25
0
715
1722
2628
3579
4551
5438
6535
7640
8663
9606
10699
11725
12702
13805
14811
15816
16707
17628
18567
19550
20530
21453
22436
23343
23536
0
TO:V,FS:2,FT:1,PC:25
0
715
1671
2628
3523
4498
5425
6468
7494
8507
9451
10473
11535
12531
13481
14458
15494
16385
17276
18257
19087
20078
21132
21998
23030
23536
0
TO:V,FS:2,FT:2,PC:26
0
662
1574
2465
3402
4293
5222
6252
7238
8193
9204
10107
11128
12118
13025
14092
15107
15999
16852
17774
18673
19604
20538
21453
22382
23328
23536
0
TO:V,FS:2,FT:3,PC:25
0
662
1628
2538
3430
4398
5391
6468
7446
8399
9353
10318
11424
12382
13344
14411
15504
16385
17225
18209
19087
20109
21090
21998
22979
23536
0
TO:V,FS:2,FT:4,PC:28
0
609
1447
2265
3079
3919
4752
5617
6583
7494
8373
9197
9941
10881
11798
12651
13553
14411
15327
16186
16939
17745
18545
19347
20210
21074
21861
22640
23536
0
TO:V,FS:2,FT:5,PC:26
0
715
1623
2503
3393
4279
5118
6144
7124
8145
9155
10044
11030
12032
12935
13985
15005
15949
16807
17677
18567
19497
20431
21318
22249
23135
23536
0
TO:V,FS:2,FT:6,PC:29
0
609
1463
2193
2942
3750
4599
5438
6414
7262
8145
9068
9841
10726
11610
12323
13174
14084
14993
15804
16514
17276
18143
18863
19678
20640
21453
22278
23133
23536
0
TO:V,FS:2,FT:7,PC:30
0
586
1354
2097
2847
3642
4478
5268
6144
7009
7918
8826
9606
10473
11369
12149
12970
13936
14752
15625
16385
17133
17906
18734
19474
20294
21081
21795
22559
23343
23536
0
TO:V,FS:3,FT:0,PC:31
0
563
1310
2052
2796
3563
4341
5103
5834
6663
7494
8280
9084
9737
10546
11369
12137
12911
13729
14499
15327
16077
16814
17525
18340
18993
19678
20553
21251
21998
22727
23536
0
TO:V,FS:3,FT:1,PC:31
0
563
1310
2097
2842
3607
4383
5118
5981
6821
7712
8516
9285
9941
10790
11623
12414
13111
13985
14811
15625
16337
16996
17789
18503
19218
19980
20823
21535
22278
23085
23536
0
TO:V,FS:3,FT:2,PC:33
0
554
1223
1958
2628
3359
4050
4706
5438
6276
6993
7842
8551
9244
9903
10729
11509
12229
12956
13729
14458
15241
15999
16678
17354
18083
18807
19479
20207
20961
21583
22278
23037
23536
0
TO:V,FS:3,FT:3,PC:32
0
563
1310
2052
2769
3473
4243
4925
5667
6487
7282
8100
8868
9548
10263
11058
11827
12641
13337
14165
14962
15710
16385
17086
17850
18591
19280
20000
20781
21453
22178
22920
23536
0
TO:V,FS:3,FT:4,PC:35
0
495
1210
1878
2453
3079
3763
4457
5118
5873
6604
7313
8022
8767
9390
10013
10790
11572
12208
12871
13608
14340
15073
15710
16360
16952
17639
18359
18941
19613
20344
21021
21686
22320
23027
23536
0
TO:V,FS:3,FT:5,PC:32
0
600
1310
2052
2796
3555
4293
5037
5776
6624
7446
8226
9039
9694
10497
11318
12094
12816
13644
14411
15241
15999
16711
17395
18172
18863
19613
20406
21150
21821
22506
23343
23536
0
TO:V,FS:3,FT:6,PC:36
0
452
1095
1766
2383
3057
3642
4337
4995
5637
6424
7070
7815
8441
9155
9727
10431
11128
11827
12536
13187
13966
14589
15284
15999
16588
17173
17862
18497
19087
19720
20480
21103
21693
22320
23016
23536
0
TO:V,FS:3,FT:7,PC:37
0
447
1095
1766
2383
3051
3642
4337
4985
5598
6353
6981
7730
8356
9068
9606
10303
10992
11700
12362
13012
13774
14411
15159
15841
16431
16996
17644
18318
18863
19550
20185
20855
21453
22075
22699
23343
23536
0
