TO:V,FS:0,FT:0,PC:12
0
933
2292
3485
4804
5999
7222
8510
9733
11053
12338
13637
14697
0
TO:V,FS:0,FT:1,PC:12
0
871
2249
3424
4757
5999
7222
8510
9733
11053
12338
13637
14697
0
TO:V,FS:0,FT:2,PC:13
0
871
2191
3300
4568
5780
6957
8143
9347
10544
11663
13088
14278
14697
0
TO:V,FS:1,FT:0,PC:15
0
739
1730
2785
3709
4827
5803
6715
7733
8704
9641
10646
11604
12726
13683
14697
0
TO:V,FS:1,FT:1,PC:15
0
687
1683
2732
3695
4723
5749
6715
7733
8718
9688
10700
11655
12761
13735
14697
0
TO:V,FS:1,FT:2,PC:16
0
687
1625
2628
3538
4556
5475
6380
7299
8190
9102
10094
11047
11964
13012
13848
14697
0
TO:V,FS:2,FT:0,PC:20
0
532
1259
2149
2928
3577
4402
5172
5880
6651
7383
8190
8926
9688
10487
11250
11971
12893
13623
14385
14697
0
TO:V,FS:2,FT:1,PC:20
0
532
1259
2149
2928
3577
4402
5216
5923
6696
7383
8190
8938
9688
10487
11261
11971
12893
13623
14385
14697
0
TO:V,FS:2,FT:2,PC:21
0
513
1170
2018
2749
3437
4142
4938
5638
6369
7041
7778
8491
9180
9909
10642
11378
12105
12908
13670
14343
14697
0
