How To Win Friends And Influence People
LH:144592,BH:16237,MH:446102
TO:V,FS:0,FT:0,PC:14
0
840
1915
3250
4646
5913
7194
8420
9704
10910
12298
13530
14703
16008
16237
0
TO:V,FS:0,FT:1,PC:14
0
781
1824
3064
4471
5784
7031
8233
9415
10720
12052
13328
14415
15704
16237
0
TO:V,FS:0,FT:2,PC:16
0
723
1665
2634
3805
4934
5913
7072
8057
9166
10187
11354
12515
13523
14341
15344
16237
0
TO:V,FS:0,FT:3,PC:14
0
840
1915
3191
4531
5848
7094
8233
9415
10720
12082
13268
14357
15613
16237
0
TO:V,FS:0,FT:4,PC:16
0
723
1760
2889
4052
5150
6221
7247
8320
9415
10458
11602
12828
13791
14703
15814
16237
0
TO:V,FS:0,FT:5,PC:14
0
781
1760
2981
4230
5469
6622
7762
9004
10187
11452
12747
13805
14915
16237
0
TO:V,FS:1,FT:0,PC:18
0
625
1513
2417
3382
4375
5275
6221
7148
8057
9050
9954
10838
11926
12910
13687
14502
15423
16237
0
TO:V,FS:1,FT:1,PC:18
0
625
1513
2426
3433
4423
5330
6239
7194
8106
9101
10006
10887
11978
12974
13791
14609
15569
16237
0
TO:V,FS:1,FT:2,PC:21
0
533
1324
1915
2719
3559
4459
5222
6064
6897
7629
8420
9270
10094
10887
11792
12613
13411
14131
14843
15704
16237
0
TO:V,FS:1,FT:3,PC:18
0
625
1513
2431
3438
4423
5333
6239
7194
8106
9162
10104
10993
12082
13079
13805
14703
15704
16237
0
TO:V,FS:1,FT:4,PC:20
0
625
1430
2115
3064
4023
4921
5730
6549
7368
8188
9038
9852
10631
11496
12433
13207
13944
14752
15641
16237
0
TO:V,FS:1,FT:5,PC:19
0
625
1513
2414
3368
4326
5173
6116
7072
7906
8865
9753
10610
11602
12565
13411
14170
15086
16049
16237
0
TO:V,FS:2,FT:0,PC:22
0
518
1185
1849
2578
3428
4211
4992
5848
6574
7320
8057
8860
9551
10271
11062
11905
12695
13411
14079
14800
15641
16237
0
TO:V,FS:2,FT:1,PC:23
0
479
1140
1760
2528
3289
4152
4934
5682
6417
7194
7981
8768
9415
10173
10877
11668
12515
13253
13896
14672
15418
16198
16237
0
TO:V,FS:2,FT:2,PC:28
0
373
980
1556
2115
2784
3445
4075
4704
5214
5883
6481
7113
7629
8217
8877
9415
10038
10610
11243
11911
12515
13135
13687
14210
14783
15371
16023
16237
0
TO:V,FS:2,FT:3,PC:23
0
479
1232
1853
2578
3396
4168
4979
5739
6417
7148
7842
8598
9313
10047
10795
11593
12388
13154
13785
14449
15201
15984
16237
0
TO:V,FS:2,FT:4,PC:26
0
440
1075
1631
2157
2851
3507
4211
4934
5547
6177
6813
7425
8057
8736
9383
9991
10601
11305
12008
12628
13285
13846
14423
15064
15704
16237
0
TO:V,FS:2,FT:5,PC:23
0
518
1185
1849
2578
3382
4168
4968
5736
6404
7148
7831
8594
9313
10038
10795
11618
12471
13207
13846
14582
15316
16049
16237
0
