How to Win Friends and Influence People
LH:160743,BH:18170,MH:444605
TO:V,FS:0,FT:0,PC:12
0
1199
2924
4501
6129
7727
9467
11143
12709
14571
16301
17828
18170
0
TO:V,FS:0,FT:1,PC:12
0
1199
2921
4501
6129
7727
9480
11189
12777
14636
16357
17828
18170
0
TO:V,FS:0,FT:2,PC:12
0
1199
2848
4366
5933
7449
9102
10708
12178
13968
15639
17220
18170
0
TO:V,FS:0,FT:3,PC:12
0
1199
2881
4374
5870
7328
8980
10570
12041
13770
15373
17100
18170
0
TO:V,FS:0,FT:4,PC:13
0
1175
2521
3919
5422
6705
8154
9646
11152
12591
14151
15552
17100
18170
0
TO:V,FS:0,FT:5,PC:12
0
1199
2774
4287
5756
7099
8683
10217
11817
13452
14953
16693
18170
0
TO:V,FS:0,FT:6,PC:14
0
993
2289
3663
5218
6501
7866
9322
10685
12041
13572
14953
16543
17761
18170
0
TO:V,FS:0,FT:7,PC:14
0
993
2280
3663
5282
6633
7995
9445
10791
12170
13693
15133
16693
18011
18170
0
TO:V,FS:1,FT:0,PC:15
0
928
2126
3343
4718
5915
7078
8448
9745
11076
12279
13673
14883
16311
17523
18170
0
TO:V,FS:1,FT:1,PC:15
0
928
2184
3404
4749
6035
7216
8546
9857
11189
12519
13912
15129
16608
17761
18170
0
TO:V,FS:1,FT:2,PC:15
0
915
2003
3237
4475
5680
6800
8091
9427
10636
11841
13172
14469
15700
16975
18170
0
TO:V,FS:1,FT:3,PC:15
0
928
2135
3343
4653
5796
6966
8344
9589
10850
12041
13498
14688
16020
17284
18170
0
TO:V,FS:1,FT:4,PC:16
0
875
1951
3192
4407
5548
6614
7727
8980
10118
11297
12414
13616
14752
16020
17156
18170
0
TO:V,FS:1,FT:5,PC:16
0
915
1951
3192
4416
5560
6705
7952
9190
10405
11652
12826
14174
15350
16629
17761
18170
0
TO:V,FS:1,FT:6,PC:17
0
789
1816
2937
4010
5195
6129
7199
8324
9467
10570
11700
12762
13946
14943
16192
17220
18170
0
TO:V,FS:1,FT:7,PC:18
0
782
1816
2937
4010
5142
6072
7024
8150
9290
10338
11470
12610
13725
14752
15936
17033
17967
18170
0
TO:V,FS:2,FT:0,PC:19
0
713
1668
2638
3652
4706
5611
6560
7538
8546
9572
10590
11512
12565
13572
14688
15713
16783
17679
18170
0
TO:V,FS:2,FT:1,PC:19
0
656
1570
2588
3608
4718
5611
6507
7489
8546
9628
10641
11565
12565
13572
14688
15713
16783
17635
18170
0
TO:V,FS:2,FT:2,PC:20
0
661
1615
2583
3543
4553
5490
6296
7238
8235
9283
10217
11189
12089
13146
14174
15040
16070
17081
17912
18170
0
TO:V,FS:2,FT:3,PC:19
0
718
1725
2688
3663
4749
5717
6705
7704
8652
9678
10695
11622
12678
13669
14688
15685
16680
17523
18170
0
TO:V,FS:2,FT:4,PC:22
0
602
1390
2220
3165
3947
4840
5644
6437
7254
8127
9020
9831
10725
11583
12441
13356
14232
15020
16020
16942
17690
18170
0
TO:V,FS:2,FT:5,PC:20
0
713
1603
2475
3441
4403
5422
6231
7064
8079
9102
9984
10972
11841
12810
13808
14752
15799
16772
17575
18170
0
TO:V,FS:2,FT:6,PC:23
0
558
1357
2196
3030
3765
4674
5490
6278
6966
7870
8693
9572
10417
11242
12041
12946
13847
14688
15512
16408
17200
17938
18170
0
TO:V,FS:2,FT:7,PC:23
0
558
1306
2096
2937
3663
4580
5422
6129
6895
7727
8546
9476
10270
11147
11932
12752
13616
14463
15214
16115
16975
17719
18170
0
TO:V,FS:3,FT:0,PC:24
0
558
1254
2031
2881
3563
4386
5191
5839
6614
7340
8127
8919
9694
10493
11285
12041
12886
13693
14476
15201
16066
16892
17556
18170
0
TO:V,FS:3,FT:1,PC:24
0
558
1254
2031
2881
3570
4398
5257
5885
6659
7385
8170
8970
9745
10586
11371
12082
12926
13742
14583
15293
16154
16975
17700
18170
0
TO:V,FS:3,FT:2,PC:25
0
558
1254
1951
2708
3384
4170
4935
5598
6296
6966
7774
8546
9307
10055
10813
11536
12260
13058
13819
14566
15247
16066
16842
17523
18170
0
TO:V,FS:3,FT:3,PC:25
0
558
1254
1999
2835
3477
4297
5123
5796
6529
7205
7995
8758
9528
10266
11083
11822
12551
13337
14151
14843
15653
16475
17200
17847
18170
0
TO:V,FS:3,FT:4,PC:27
0
506
1152
1759
2451
3183
3822
4521
5265
5839
6529
7130
7840
8546
9290
9935
10645
11339
11985
12709
13462
14174
14788
15512
16250
16975
17639
18170
0
TO:V,FS:3,FT:5,PC:24
0
558
1254
1990
2803
3515
4297
5090
5796
6569
7281
8079
8879
9655
10450
11234
12014
12796
13612
14397
15102
15966
16714
17438
18170
0
TO:V,FS:3,FT:6,PC:28
0
452
1093
1718
2308
3024
3663
4386
5086
5684
6296
6920
7651
8324
9007
9646
10266
10976
11622
12260
12960
13652
14360
14976
15733
16444
17100
17730
18170
0
TO:V,FS:3,FT:7,PC:28
0
452
1093
1718
2308
3019
3663
4386
5086
5680
6296
6920
7643
8324
9007
9646
10266
10976
11622
12246
12960
13652
14350
14963
15713
16390
17060
17639
18170
0
