How To Win Friends And Influence People
LH:179247,BH:7697,MH:446102
TO:V,FS:0,FT:0,PC:7
0
867
2041
3292
4396
5635
7059
7697
0
TO:V,FS:0,FT:1,PC:7
0
804
2041
3234
4336
5458
6885
7697
0
TO:V,FS:0,FT:2,PC:8
0
746
1751
2759
3716
4694
5687
6760
7697
0
TO:V,FS:0,FT:3,PC:7
0
804
1992
3112
4220
5403
6707
7697
0
TO:V,FS:0,FT:4,PC:8
0
746
1797
2808
3812
4902
5980
7132
7697
0
TO:V,FS:0,FT:5,PC:7
0
804
1985
3112
4211
5334
6644
7697
0
TO:V,FS:1,FT:0,PC:9
0
674
1619
2473
3346
4149
5106
6032
7092
7697
0
TO:V,FS:1,FT:1,PC:9
0
626
1601
2365
3292
4097
5061
5980
7047
7697
0
TO:V,FS:1,FT:2,PC:11
0
533
1388
2041
2808
3597
4274
5094
5885
6738
7620
7697
0
TO:V,FS:1,FT:3,PC:9
0
626
1601
2370
3363
4149
5106
6087
7132
7697
0
TO:V,FS:1,FT:4,PC:10
0
626
1489
2209
3027
3812
4623
5399
6202
7132
7697
0
TO:V,FS:1,FT:5,PC:9
0
626
1593
2315
3188
4008
4936
5809
6738
7697
0
TO:V,FS:2,FT:0,PC:11
0
528
1309
1988
2686
3424
4097
4902
5495
6292
7132
7697
0
TO:V,FS:2,FT:1,PC:11
0
528
1270
1942
2591
3380
4085
4762
5399
6152
6990
7697
0
TO:V,FS:2,FT:2,PC:14
0
468
993
1619
2169
2796
3380
3936
4523
5106
5696
6309
6980
7578
7697
0
TO:V,FS:2,FT:3,PC:12
0
484
1236
1852
2591
3346
3951
4669
5353
6077
6876
7628
7697
0
TO:V,FS:2,FT:4,PC:13
0
484
1143
1734
2370
2970
3617
4215
4809
5418
6055
6767
7402
7697
0
TO:V,FS:2,FT:5,PC:11
0
528
1270
1942
2640
3380
4078
4799
5458
6243
7079
7697
0
