How to Win Friends and Influence People
LH:186802,BH:21774,MH:444605
TO:V,FS:0,FT:0,PC:15
0
1263
2968
4674
6166
7792
9279
10877
12291
13795
15018
16497
18045
19780
21329
21774
0
TO:V,FS:0,FT:1,PC:15
0
1263
2903
4534
6101
7774
9135
10752
12084
13611
14913
16434
17768
19560
20983
21774
0
TO:V,FS:0,FT:2,PC:15
0
1263
2903
4534
6101
7708
9112
10538
11934
13316
14788
16149
17554
19154
20644
21774
0
TO:V,FS:0,FT:3,PC:15
0
1263
2927
4490
5963
7632
8972
10390
11812
13164
14558
15799
17202
18729
20239
21774
0
TO:V,FS:0,FT:4,PC:17
0
1185
2508
4075
5456
6766
8216
9616
11013
12291
13675
14849
15973
17343
18747
20136
21580
21774
0
TO:V,FS:0,FT:5,PC:16
0
1223
2681
4346
5743
7339
8712
9930
11229
12602
13970
15090
16497
17831
19479
20848
21774
0
TO:V,FS:0,FT:6,PC:18
0
1088
2392
3901
5236
6394
7792
9098
10353
11553
12686
13970
15018
16415
17554
18968
20239
21580
21774
0
TO:V,FS:0,FT:7,PC:17
0
1075
2460
4035
5394
6708
8110
9396
10725
11934
13156
14483
15605
16881
18211
19737
20918
21774
0
TO:V,FS:1,FT:0,PC:19
0
1002
2199
3630
4832
5987
7304
8516
9680
10943
12084
13182
14469
15330
16497
17660
19040
20239
21529
21774
0
TO:V,FS:1,FT:1,PC:19
0
1002
2199
3636
4832
6030
7425
8712
9787
11075
12206
13303
14483
15453
16611
17768
19154
20357
21580
21774
0
TO:V,FS:1,FT:2,PC:20
0
939
2083
3449
4655
5802
7060
8216
9429
10636
11657
12748
13904
14864
15855
16932
18005
19330
20479
21702
21774
0
TO:V,FS:1,FT:3,PC:19
0
939
2176
3519
4777
5930
7189
8344
9493
10763
11852
12863
14095
14976
16097
17254
18386
19780
20918
21774
0
TO:V,FS:1,FT:4,PC:21
0
866
1942
3232
4346
5447
6486
7708
8809
9787
10929
11899
12911
13970
14913
15847
16914
17866
19106
20136
21289
21774
0
TO:V,FS:1,FT:5,PC:20
0
939
2083
3449
4595
5743
6994
8153
9310
10390
11474
12597
13768
14703
15600
16669
17721
19018
20136
21349
21774
0
TO:V,FS:1,FT:6,PC:22
0
877
1905
3136
4346
5394
6438
7599
8560
9488
10452
11358
12412
13411
14408
15090
16149
17115
18155
19267
20294
21349
21774
0
TO:V,FS:1,FT:7,PC:23
0
866
1787
2968
4188
5259
6251
7385
8267
9253
10207
11132
12047
12973
13970
14843
15696
16651
17599
18552
19722
20638
21640
21774
0
TO:V,FS:2,FT:0,PC:24
0
760
1636
2723
3771
4685
5635
6592
7624
8522
9429
10390
11265
12190
13087
14076
14864
15682
16596
17484
18386
19451
20339
21349
21774
0
TO:V,FS:2,FT:1,PC:24
0
760
1583
2622
3693
4534
5533
6486
7473
8370
9288
10250
11063
11985
12855
13846
14687
15453
16410
17316
18173
19203
20136
21127
21774
0
TO:V,FS:2,FT:2,PC:25
0
728
1573
2464
3540
4399
5381
6180
7185
8011
8899
9787
10799
11553
12448
13280
14226
14962
15784
16642
17484
18386
19401
20239
21229
21774
0
TO:V,FS:2,FT:3,PC:25
0
740
1583
2637
3761
4589
5533
6431
7425
8267
9135
10114
10943
11795
12686
13675
14483
15143
16097
16966
17768
18858
19827
20682
21580
21774
0
TO:V,FS:2,FT:4,PC:27
0
642
1453
2257
3195
4138
4966
5786
6646
7514
8262
9135
9930
10811
11450
12269
12988
13833
14577
15138
16029
16809
17606
18432
19367
20136
20918
21774
0
TO:V,FS:2,FT:5,PC:25
0
760
1583
2566
3643
4490
5394
6289
7271
8110
9003
9893
10877
11647
12535
13430
14377
15018
15897
16762
17606
18537
19550
20390
21349
21774
0
TO:V,FS:2,FT:6,PC:28
0
622
1417
2208
3117
4021
4773
5533
6320
7241
7967
8857
9665
10390
11163
11985
12736
13529
14276
14913
15621
16452
17254
17958
18866
19770
20472
21262
21774
0
TO:V,FS:2,FT:7,PC:28
0
617
1417
2208
3059
3959
4724
5533
6320
7241
7967
8857
9665
10390
11163
11985
12736
13515
14276
14913
15621
16452
17254
17952
18815
19671
20372
21156
21774
0
TO:V,FS:3,FT:0,PC:30
0
550
1263
1994
2843
3698
4431
5194
5919
6691
7468
8188
8899
9680
10390
11109
11780
12472
13136
13914
14577
15090
15843
16541
17326
17990
18781
19583
20239
21003
21774
0
TO:V,FS:3,FT:1,PC:30
0
556
1263
1994
2843
3698
4440
5241
5966
6708
7563
8216
8945
9680
10390
11109
11821
12516
13182
13970
14633
15192
15973
16714
17436
18155
18964
19780
20463
21212
21774
0
TO:V,FS:3,FT:2,PC:32
0
556
1263
1942
2748
3565
4320
4966
5702
6369
7161
7839
8584
9229
9882
10622
11163
11860
12516
13087
13833
14483
15018
15746
16452
17143
17768
18522
19282
20008
20672
21392
21774
0
TO:V,FS:3,FT:3,PC:31
0
577
1263
1949
2767
3615
4346
5062
5786
6514
7357
7967
8789
9414
10074
10856
11358
12084
12736
13465
14195
14788
15378
16115
16762
17484
18197
18964
19780
20416
21149
21774
0
TO:V,FS:3,FT:4,PC:33
0
511
1198
1826
2579
3334
4049
4690
5394
6030
6748
7465
8074
8809
9429
10114
10842
11400
12047
12686
13294
13970
14590
15090
15799
16497
17179
17768
18466
19154
19854
20472
21153
21774
0
TO:V,FS:3,FT:5,PC:31
0
597
1310
2014
2843
3683
4431
5194
5919
6687
7425
8150
8857
9562
10281
10943
11598
12291
12984
13751
14408
14976
15685
16415
17058
17768
18560
19367
20091
20804
21563
21774
0
TO:V,FS:3,FT:6,PC:35
0
458
1101
1668
2392
3126
3845
4521
5140
5743
6412
7135
7792
8472
9075
9680
10316
10943
11531
12122
12732
13357
13970
14574
15018
15685
16325
16919
17529
18166
18839
19524
20136
20792
21392
21774
0
TO:V,FS:3,FT:7,PC:36
0
458
1101
1668
2384
3086
3771
4431
5052
5694
6320
7043
7708
8304
8899
9509
10151
10856
11358
12013
12624
13182
13868
14452
14956
15482
16149
16762
17381
17965
18631
19277
19931
20519
21120
21740
21774
0
