How to Win Friends and Influence People
LH:209282,BH:12325,MH:444605
TO:V,FS:0,FT:0,PC:9
0
1293
3043
4621
6024
7473
9011
10473
12077
12325
0
TO:V,FS:0,FT:1,PC:9
0
1293
3004
4537
5856
7262
8734
10316
11854
12325
0
TO:V,FS:0,FT:2,PC:9
0
1293
2993
4537
5856
7262
8734
10259
11717
12325
0
TO:V,FS:0,FT:3,PC:9
0
1293
2960
4400
5796
6983
8517
9995
11470
12325
0
TO:V,FS:0,FT:4,PC:10
0
1220
2569
3986
5349
6474
7947
9312
10601
12004
12325
0
TO:V,FS:0,FT:5,PC:9
0
1293
2858
4383
5655
6874
8266
9759
11049
12325
0
TO:V,FS:0,FT:6,PC:10
0
1131
2463
3825
5165
6246
7598
8868
10186
11448
12325
0
TO:V,FS:0,FT:7,PC:10
0
1127
2529
3949
5349
6414
7774
9188
10464
11830
12325
0
TO:V,FS:1,FT:0,PC:11
0
1040
2313
3472
4770
5856
6965
8129
9429
10473
11751
12325
0
TO:V,FS:1,FT:1,PC:11
0
1040
2313
3495
4770
5856
6983
8235
9504
10639
11982
12325
0
TO:V,FS:1,FT:2,PC:11
0
981
2201
3361
4615
5715
6656
7877
9032
10178
11222
12325
0
TO:V,FS:1,FT:3,PC:11
0
1048
2337
3622
4770
5917
6983
8247
9441
10601
11877
12325
0
TO:V,FS:1,FT:4,PC:12
0
910
1988
3106
4322
5349
6295
7316
8438
9550
10584
11720
12325
0
TO:V,FS:1,FT:5,PC:11
0
981
2201
3301
4554
5655
6596
7818
8968
10107
11222
12325
0
TO:V,FS:1,FT:6,PC:13
0
860
1953
3091
4141
5142
6081
6983
8057
9126
10107
11138
12234
12325
0
TO:V,FS:1,FT:7,PC:13
0
860
1953
3091
4141
5142
6024
6983
8054
9075
10056
11028
12117
12325
0
TO:V,FS:2,FT:0,PC:14
0
812
1762
2788
3693
4755
5655
6414
7367
8334
9312
10224
11082
12105
12325
0
TO:V,FS:2,FT:1,PC:14
0
773
1667
2700
3613
4554
5454
6246
7141
8094
8987
9928
10747
11770
12325
0
TO:V,FS:2,FT:2,PC:14
0
763
1667
2640
3558
4554
5454
6246
7141
7997
8882
9823
10622
11502
12325
0
TO:V,FS:2,FT:3,PC:14
0
777
1667
2647
3568
4554
5563
6295
7194
8129
9151
10052
10971
12004
12325
0
TO:V,FS:2,FT:4,PC:15
0
716
1554
2337
3190
4097
4911
5744
6414
7262
8129
9001
9868
10639
11502
12325
0
TO:V,FS:2,FT:5,PC:14
0
812
1712
2686
3608
4554
5446
6222
7036
7989
8783
9740
10473
11403
12325
0
TO:V,FS:2,FT:6,PC:16
0
652
1426
2224
3043
3840
4646
5399
6074
6792
7638
8467
9312
10091
10788
11603
12325
0
TO:V,FS:2,FT:7,PC:17
0
628
1426
2224
3043
3791
4601
5349
6024
6741
7554
8324
9126
9920
10622
11399
12194
12325
0
TO:V,FS:3,FT:0,PC:17
0
628
1383
2139
2951
3693
4544
5257
5951
6596
7357
8129
8914
9712
10430
11196
11994
12325
0
TO:V,FS:3,FT:1,PC:17
0
590
1341
2097
2926
3652
4448
5171
5856
6507
7262
8045
8775
9579
10336
11105
11902
12325
0
TO:V,FS:3,FT:2,PC:18
0
578
1293
2006
2794
3458
4286
4953
5655
6246
6983
7686
8434
9188
9905
10566
11282
12004
12325
0
TO:V,FS:3,FT:3,PC:18
0
606
1341
2054
2836
3515
4341
4995
5697
6246
6983
7733
8495
9252
9963
10611
11342
12098
12325
0
TO:V,FS:3,FT:4,PC:19
0
519
1245
1867
2610
3241
3962
4629
5305
5936
6495
7173
7839
8502
9163
9797
10454
11100
11778
12325
0
TO:V,FS:3,FT:5,PC:17
0
622
1383
2139
2951
3644
4448
5165
5856
6498
7242
7997
8734
9535
10297
10971
11763
12325
0
TO:V,FS:3,FT:6,PC:20
0
468
1154
1778
2463
3106
3739
4445
5031
5655
6215
6802
7463
8080
8734
9441
10107
10773
11470
12131
12325
0
TO:V,FS:3,FT:7,PC:20
0
468
1141
1753
2380
3087
3693
4400
5020
5631
6172
6750
7384
7997
8624
9312
9995
10566
11222
11969
12325
0
