TO:V,FS:0,FT:0,PC:14
0
1180
2294
3785
5426
7285
8861
10501
12396
13988
15744
17404
19120
20592
20969
0
TO:V,FS:0,FT:1,PC:14
0
1180
2294
3785
5426
7285
8861
10501
12396
13988
15744
17404
19120
20592
20969
0
TO:V,FS:0,FT:2,PC:14
0
1122
2233
3585
5153
6979
8487
10144
11775
13375
15199
16781
18314
19927
20969
0
TO:V,FS:1,FT:0,PC:18
0
819
1928
2815
4122
5320
6723
8101
9295
10497
11885
13208
14584
15858
17167
18484
19715
20859
20969
0
TO:V,FS:1,FT:1,PC:18
0
814
1928
2815
4122
5326
6723
8101
9295
10552
11946
13271
14643
15919
17228
18542
19776
20917
20969
0
TO:V,FS:1,FT:2,PC:18
0
758
1832
2664
3762
4989
6177
7489
8723
9857
11077
12405
13674
14989
16174
17462
18761
19962
20969
0
TO:V,FS:2,FT:0,PC:22
0
641
1604
2283
3019
4029
5018
6002
7188
8203
9104
10092
11054
12154
13144
14224
15236
16109
17133
18137
19178
20112
20969
0
TO:V,FS:2,FT:1,PC:22
0
641
1607
2283
3028
4075
5018
6002
7188
8203
9104
10144
11104
12206
13192
14280
15255
16305
17339
18292
19319
20311
20969
0
TO:V,FS:2,FT:2,PC:23
0
601
1493
2159
2815
3732
4714
5591
6672
7684
8634
9517
10428
11423
12458
13375
14470
15358
16305
17283
18178
19234
20112
20969
0
