TO:V,FS:0,FT:0,PC:12
0
923
2085
3016
4139
5437
6646
8076
9456
10577
11945
13139
14070
0
TO:V,FS:0,FT:1,PC:12
0
923
2085
3016
4139
5437
6650
8076
9456
10577
11956
13139
14070
0
TO:V,FS:0,FT:2,PC:13
0
889
1972
2890
4047
5282
6344
7709
9073
10123
11340
12701
13782
14070
0
TO:V,FS:1,FT:0,PC:15
0
770
1661
2446
3343
4297
5282
6194
7256
8333
9386
10222
11199
12315
13299
14070
0
TO:V,FS:1,FT:1,PC:15
0
770
1661
2446
3343
4297
5282
6194
7269
8333
9386
10222
11199
12332
13299
14070
0
TO:V,FS:1,FT:2,PC:16
0
715
1507
2348
3237
4082
5121
5919
6885
7868
8889
9808
10626
11607
12694
13494
14070
0
TO:V,FS:2,FT:0,PC:20
0
584
1255
1972
2584
3288
3987
4800
5479
6204
7004
7841
8690
9424
10096
10838
11607
12444
13139
13813
14070
0
TO:V,FS:2,FT:1,PC:20
0
587
1255
1956
2584
3288
3987
4800
5479
6204
7004
7841
8711
9456
10123
10909
11736
12584
13271
13956
14070
0
TO:V,FS:2,FT:2,PC:21
0
584
1206
1872
2442
3109
3820
4510
5235
5863
6590
7364
8121
8883
9585
10167
10909
11692
12490
13139
13777
14070
0
