TO:V,FS:0,FT:0,PC:13
0
944
2314
3728
4933
6193
7511
8864
10098
11351
12562
13756
15040
16034
0
TO:V,FS:0,FT:1,PC:13
0
944
2314
3728
4933
6193
7511
8803
10086
11292
12383
13665
14872
16034
0
TO:V,FS:0,FT:2,PC:14
0
892
2198
3608
4834
5951
7278
8507
9732
10867
11947
13154
14322
15643
16034
0
TO:V,FS:1,FT:0,PC:17
0
776
1767
2878
3947
4923
5951
7044
7973
9001
10022
10924
11890
12930
13847
14788
15867
16034
0
TO:V,FS:1,FT:1,PC:17
0
724
1767
2878
3947
4923
5951
7044
7973
9001
10022
10924
11890
12879
13796
14738
15818
16034
0
TO:V,FS:1,FT:2,PC:18
0
668
1604
2646
3608
4521
5463
6509
7377
8407
9318
10358
11263
12101
13051
13854
14837
15867
16034
0
TO:V,FS:2,FT:0,PC:21
0
543
1375
2157
3025
3884
4586
5309
6129
6971
7735
8507
9318
10098
10867
11622
12331
13154
13854
14636
15463
16034
0
TO:V,FS:2,FT:1,PC:21
0
543
1375
2157
3020
3835
4552
5309
6141
6982
7775
8507
9318
10141
10919
11638
12376
13154
13854
14636
15463
16034
0
TO:V,FS:2,FT:2,PC:23
0
498
1287
2077
2892
3659
4372
5046
5832
6575
7324
8102
8821
9520
10274
10962
11622
12302
12998
13694
14403
15157
15942
16034
0
