How to Win Friends and Influence People
LH:273059,BH:10118,MH:444605
TO:V,FS:0,FT:0,PC:7
0
1264
2963
4501
5809
6991
8722
10118
0
TO:V,FS:0,FT:1,PC:8
0
1264
2900
4432
5809
6928
8591
10013
10118
0
TO:V,FS:0,FT:2,PC:8
0
1264
2828
4299
5602
6759
8328
9898
10118
0
TO:V,FS:0,FT:3,PC:8
0
1264
2828
4235
5602
6759
8334
9832
10118
0
TO:V,FS:0,FT:4,PC:8
0
1123
2489
3835
5089
6148
7224
8743
10118
0
TO:V,FS:0,FT:5,PC:8
0
1213
2693
4135
5488
6626
7900
9520
10118
0
TO:V,FS:0,FT:6,PC:9
0
1059
2493
3848
4985
6032
6991
8420
9782
10118
0
TO:V,FS:0,FT:7,PC:9
0
1059
2558
3840
5055
6085
7109
8674
9945
10118
0
TO:V,FS:1,FT:0,PC:9
0
932
2228
3379
4519
5593
6481
7611
8928
10118
0
TO:V,FS:1,FT:1,PC:9
0
932
2228
3379
4528
5593
6481
7628
8928
10118
0
TO:V,FS:1,FT:2,PC:10
0
932
2228
3379
4458
5531
6428
7448
8743
9945
10118
0
TO:V,FS:1,FT:3,PC:10
0
932
2228
3379
4468
5531
6428
7448
8807
10063
10118
0
TO:V,FS:1,FT:4,PC:10
0
932
2191
3307
4213
5358
6271
7153
8365
9429
10118
0
TO:V,FS:1,FT:5,PC:10
0
932
2228
3379
4454
5488
6353
7338
8722
9832
10118
0
TO:V,FS:1,FT:6,PC:11
0
818
1982
2885
3933
4901
5739
6595
7448
8674
9656
10118
0
TO:V,FS:1,FT:7,PC:11
0
818
1982
2885
3933
4897
5739
6541
7390
8555
9612
10118
0
TO:V,FS:2,FT:0,PC:12
0
764
1767
2626
3696
4519
5411
6183
6904
7884
8906
9832
10118
0
TO:V,FS:2,FT:1,PC:12
0
764
1767
2626
3696
4519
5411
6132
6853
7834
8807
9760
10118
0
TO:V,FS:2,FT:2,PC:12
0
709
1718
2626
3642
4412
5307
6032
6759
7679
8743
9656
10118
0
TO:V,FS:2,FT:3,PC:12
0
741
1786
2677
3696
4468
5411
6132
6853
7834
8807
9762
10118
0
TO:V,FS:2,FT:4,PC:14
0
626
1477
2322
3094
3896
4626
5402
6085
6726
7460
8378
9208
10022
10118
0
TO:V,FS:2,FT:5,PC:12
0
761
1718
2613
3526
4312
5254
6032
6759
7672
8685
9513
10118
0
TO:V,FS:2,FT:6,PC:14
0
550
1415
2280
3081
3896
4626
5402
6085
6759
7526
8410
9164
9945
10118
0
TO:V,FS:2,FT:7,PC:14
0
550
1411
2228
2979
3811
4536
5305
5976
6587
7315
8121
8947
9752
10118
0
TO:V,FS:3,FT:0,PC:15
0
541
1309
2127
2800
3559
4163
4904
5578
6216
6759
7460
8284
9076
9832
10118
0
TO:V,FS:3,FT:1,PC:15
0
496
1264
2079
2755
3514
4135
4815
5531
6179
6726
7381
8196
8982
9782
10118
0
TO:V,FS:3,FT:2,PC:16
0
499
1264
2035
2673
3379
4023
4672
5358
6014
6481
7085
7834
8688
9335
9984
10118
0
TO:V,FS:3,FT:3,PC:15
0
541
1309
2079
2720
3479
4135
4815
5488
6085
6711
7338
8115
8854
9656
10118
0
TO:V,FS:3,FT:4,PC:16
0
476
1227
1971
2618
3247
3896
4546
5239
5739
6308
6842
7448
8161
8847
9596
10118
0
TO:V,FS:3,FT:5,PC:15
0
541
1309
2124
2800
3559
4163
4901
5578
6216
6759
7460
8270
9030
9782
10118
0
TO:V,FS:3,FT:6,PC:17
0
406
1107
1825
2426
3090
3751
4291
4934
5531
6085
6616
7130
7834
8591
9164
9832
10118
0
TO:V,FS:3,FT:7,PC:17
0
406
1102
1814
2426
3090
3751
4291
4934
5531
6085
6616
7130
7822
8501
9120
9820
10118
0
