TO:V,FS:0,FT:0,PC:8
0
873
2208
3447
4841
6150
7348
8608
8832
0
TO:V,FS:0,FT:1,PC:8
0
810
2160
3386
4778
6096
7348
8608
8832
0
TO:V,FS:0,FT:2,PC:8
0
810
2101
3264
4587
5786
7035
8177
8832
0
TO:V,FS:1,FT:0,PC:10
0
682
1661
2527
3486
4517
5527
6452
7397
8292
8832
0
TO:V,FS:1,FT:1,PC:10
0
629
1613
2477
3436
4472
5527
6452
7397
8292
8832
0
TO:V,FS:1,FT:2,PC:10
0
629
1561
2423
3386
4368
5385
6243
7214
8122
8832
0
TO:V,FS:2,FT:0,PC:12
0
495
1205
1997
2749
3520
4293
5120
5916
6630
7394
8169
8832
0
TO:V,FS:2,FT:1,PC:12
0
495
1205
1997
2749
3524
4293
5127
5916
6630
7394
8169
8832
0
TO:V,FS:2,FT:2,PC:13
0
445
1152
1858
2612
3341
4070
4778
5573
6243
7030
7693
8420
8832
0
