How To Win Friends And Influence People
LH:292947,BH:9766,MH:446102
TO:V,FS:0,FT:0,PC:8
0
1012
2242
3509
4772
6035
7207
8483
9766
0
TO:V,FS:0,FT:1,PC:9
0
1012
2242
3500
4772
6035
7144
8421
9690
9766
0
TO:V,FS:0,FT:2,PC:10
0
805
1835
2906
3898
4942
5958
6873
7979
8987
9766
0
TO:V,FS:0,FT:3,PC:9
0
1054
2242
3449
4657
5867
7058
8247
9514
9766
0
TO:V,FS:0,FT:4,PC:10
0
890
2002
2962
4034
5059
6202
7195
8247
9333
9766
0
TO:V,FS:0,FT:5,PC:9
0
941
2131
3258
4461
5566
6812
7925
9107
9766
0
TO:V,FS:1,FT:0,PC:11
0
775
1728
2723
3564
4472
5408
6402
7238
8162
9107
9766
0
TO:V,FS:1,FT:1,PC:11
0
724
1728
2723
3564
4524
5460
6456
7312
8247
9212
9766
0
TO:V,FS:1,FT:2,PC:13
0
560
1468
2242
3007
3784
4616
5408
6233
7005
7804
8623
9381
9766
0
TO:V,FS:1,FT:3,PC:11
0
732
1728
2723
3564
4527
5460
6456
7312
8297
9263
9766
0
TO:V,FS:1,FT:4,PC:12
0
622
1481
2334
3141
4063
4861
5657
6507
7260
8111
8976
9766
0
TO:V,FS:1,FT:5,PC:11
0
724
1728
2667
3551
4429
5351
6244
7090
8064
8984
9766
0
TO:V,FS:2,FT:0,PC:14
0
542
1354
2131
2839
3564
4350
5055
5785
6549
7217
8030
8763
9514
9766
0
TO:V,FS:2,FT:1,PC:14
0
542
1354
2131
2839
3614
4391
5104
5883
6641
7312
8111
8931
9690
9766
0
TO:V,FS:2,FT:2,PC:17
0
406
1120
1728
2369
2962
3611
4253
4857
5447
6035
6641
7210
7804
8405
9021
9626
9766
0
TO:V,FS:2,FT:3,PC:14
0
499
1312
2052
2791
3564
4307
5014
5747
6507
7217
7990
8728
9426
9766
0
TO:V,FS:2,FT:4,PC:16
0
485
1224
1847
2460
3079
3724
4365
5014
5681
6347
6935
7592
8224
8885
9476
9766
0
TO:V,FS:2,FT:5,PC:14
0
532
1354
2131
2791
3564
4350
5059
5832
6591
7260
8069
8794
9507
9766
0
