How to Win Friends and Influence People
LH:302003,BH:9452,MH:444605
TO:V,FS:0,FT:0,PC:6
0
1263
2802
4712
6408
8232
9452
0
TO:V,FS:0,FT:1,PC:6
0
1263
2871
4700
6340
8100
9452
0
TO:V,FS:0,FT:2,PC:6
0
1199
2668
4485
6249
7964
9452
0
TO:V,FS:0,FT:3,PC:7
0
1207
2668
4429
6134
7883
9410
9452
0
TO:V,FS:0,FT:4,PC:7
0
1026
2383
3867
5388
6969
8501
9452
0
TO:V,FS:0,FT:5,PC:7
0
1131
2529
4263
5944
7623
9190
9452
0
TO:V,FS:0,FT:6,PC:7
0
979
2333
3831
5264
6823
8378
9452
0
TO:V,FS:0,FT:7,PC:7
0
842
2209
3695
5264
6818
8378
9452
0
TO:V,FS:1,FT:0,PC:8
0
839
2135
3394
4810
6243
7577
8812
9452
0
TO:V,FS:1,FT:1,PC:8
0
906
2193
3462
4864
6270
7704
8942
9452
0
TO:V,FS:1,FT:2,PC:8
0
778
2013
3220
4619
5932
7244
8558
9452
0
TO:V,FS:1,FT:3,PC:8
0
778
2013
3226
4700
6015
7388
8720
9452
0
TO:V,FS:1,FT:4,PC:9
0
778
1948
3144
4408
5522
6763
8076
9179
9452
0
TO:V,FS:1,FT:5,PC:8
0
778
2013
3216
4625
5862
7186
8498
9452
0
TO:V,FS:1,FT:6,PC:9
0
719
1850
2926
4133
5264
6498
7670
8776
9452
0
TO:V,FS:1,FT:7,PC:9
0
715
1734
2813
3896
5037
6243
7332
8438
9452
0
TO:V,FS:2,FT:0,PC:10
0
684
1681
2589
3619
4810
5839
6856
7964
8987
9452
0
TO:V,FS:2,FT:1,PC:10
0
684
1681
2634
3673
4810
5780
6763
7872
8812
9452
0
TO:V,FS:2,FT:2,PC:10
0
629
1644
2520
3506
4562
5471
6525
7553
8584
9452
0
TO:V,FS:2,FT:3,PC:10
0
629
1655
2589
3568
4738
5690
6711
7861
8812
9452
0
TO:V,FS:2,FT:4,PC:12
0
525
1376
2209
3037
3971
4901
5770
6654
7608
8513
9358
9452
0
TO:V,FS:2,FT:5,PC:10
0
684
1681
2529
3568
4678
5565
6566
7659
8681
9452
0
TO:V,FS:2,FT:6,PC:12
0
479
1333
2126
2940
3804
4793
5561
6466
7366
8261
9079
9452
0
TO:V,FS:2,FT:7,PC:12
0
479
1286
2080
2887
3712
4683
5458
6366
7210
8058
8865
9452
0
TO:V,FS:3,FT:0,PC:13
0
479
1286
2080
2837
3612
4498
5264
6184
6945
7832
8647
9387
9452
0
TO:V,FS:3,FT:1,PC:13
0
479
1286
2080
2837
3612
4512
5264
6184
6965
7845
8647
9406
9452
0
TO:V,FS:3,FT:2,PC:13
0
479
1272
1941
2659
3440
4237
4978
5756
6539
7307
8100
8812
9452
0
TO:V,FS:3,FT:3,PC:13
0
479
1286
2032
2796
3568
4452
5213
6079
6840
7696
8469
9170
9452
0
TO:V,FS:3,FT:4,PC:14
0
434
1131
1833
2529
3236
3969
4758
5341
6141
6795
7557
8274
8902
9452
0
TO:V,FS:3,FT:5,PC:13
0
479
1286
2027
2745
3568
4455
5241
6079
6812
7659
8427
9170
9452
0
TO:V,FS:3,FT:6,PC:15
0
405
1071
1681
2290
2976
3612
4362
5025
5746
6484
7186
7944
8592
9247
9452
0
TO:V,FS:3,FT:7,PC:15
0
396
1071
1681
2290
2976
3612
4362
5023
5731
6442
7144
7887
8546
9166
9452
0
