How to Win Friends and Influence People
LH:311563,BH:14416,MH:444605
TO:V,FS:0,FT:0,PC:9
0
1186
2985
4295
5946
7821
9537
11296
12921
14416
0
TO:V,FS:0,FT:1,PC:10
0
1191
2914
4224
5877
7753
9487
11159
12888
14335
14416
0
TO:V,FS:0,FT:2,PC:10
0
1186
2918
4224
5810
7620
9283
10972
12534
14078
14416
0
TO:V,FS:0,FT:3,PC:10
0
1204
2918
4206
5615
7420
9076
10699
12292
13732
14416
0
TO:V,FS:0,FT:4,PC:11
0
1042
2643
3889
5200
6770
8387
9799
11331
12719
13994
14416
0
TO:V,FS:0,FT:5,PC:10
0
1099
2766
4065
5481
7285
8893
10474
12191
13527
14416
0
TO:V,FS:0,FT:6,PC:11
0
972
2537
3708
5012
6464
8075
9516
10743
12111
13412
14416
0
TO:V,FS:0,FT:7,PC:11
0
972
2591
3774
5080
6658
8320
9722
11088
12534
13866
14416
0
TO:V,FS:1,FT:0,PC:12
0
937
2255
3449
4597
5887
7346
8789
9984
11320
12534
13710
14416
0
TO:V,FS:1,FT:1,PC:12
0
937
2255
3456
4597
5887
7346
8801
9984
11270
12534
13710
14416
0
TO:V,FS:1,FT:2,PC:13
0
877
2121
3275
4468
5598
6995
8387
9537
10784
12094
13201
14335
14416
0
TO:V,FS:1,FT:3,PC:12
0
891
2166
3336
4538
5776
7203
8568
9781
11047
12220
13401
14416
0
TO:V,FS:1,FT:4,PC:13
0
843
1997
3185
4224
5399
6588
7871
9076
10127
11357
12482
13527
14416
0
TO:V,FS:1,FT:5,PC:13
0
865
2067
3275
4468
5598
6995
8387
9537
10778
12079
13201
14335
14416
0
TO:V,FS:1,FT:6,PC:14
0
735
1747
2985
3932
4979
6134
7335
8440
9520
10536
11674
12768
13751
14416
0
TO:V,FS:1,FT:7,PC:14
0
730
1747
2985
3932
4979
6079
7279
8387
9463
10474
11610
12649
13639
14416
0
TO:V,FS:2,FT:0,PC:15
0
691
1690
2799
3708
4639
5627
6751
7863
8939
9846
10901
11900
12893
13779
14416
0
TO:V,FS:2,FT:1,PC:15
0
691
1690
2747
3665
4538
5527
6639
7744
8839
9789
10743
11817
12788
13628
14416
0
TO:V,FS:2,FT:2,PC:16
0
642
1580
2670
3518
4372
5271
6274
7346
8387
9375
10231
11237
12220
13146
14078
14416
0
TO:V,FS:2,FT:3,PC:16
0
655
1637
2692
3613
4538
5481
6534
7616
8701
9589
10474
11498
12534
13432
14383
14416
0
TO:V,FS:2,FT:4,PC:17
0
617
1427
2412
3275
4104
4863
5751
6634
7566
8511
9389
10115
11068
11853
12719
13527
14416
0
TO:V,FS:2,FT:5,PC:16
0
691
1633
2692
3613
4517
5431
6431
7449
8482
9425
10282
11289
12220
13146
14078
14416
0
TO:V,FS:2,FT:6,PC:18
0
492
1342
2263
3140
3897
4688
5574
6464
7388
8340
9126
9940
10778
11593
12471
13193
13966
14416
0
TO:V,FS:2,FT:7,PC:18
0
492
1292
2179
3089
3853
4634
5481
6375
7316
8193
9036
9799
10629
11498
12317
13112
13850
14416
0
TO:V,FS:3,FT:0,PC:19
0
525
1292
2135
2976
3613
4360
5080
5919
6776
7599
8425
9213
9925
10712
11498
12262
13061
13788
14416
0
TO:V,FS:3,FT:1,PC:19
0
483
1292
2145
3022
3708
4485
5168
6014
6868
7697
8556
9343
10055
10848
11588
12354
13146
13866
14416
0
TO:V,FS:3,FT:2,PC:20
0
487
1257
1974
2740
3405
4104
4724
5481
6274
7132
7904
8683
9420
10073
10898
11588
12354
13061
13744
14416
0
TO:V,FS:3,FT:3,PC:20
0
487
1292
2113
2931
3613
4316
5053
5790
6595
7431
8302
9029
9761
10474
11270
12032
12810
13504
14260
14416
0
TO:V,FS:3,FT:4,PC:22
0
427
1132
1817
2591
3185
3786
4466
5116
5865
6581
7346
8124
8839
9482
10115
10841
11498
12220
12921
13527
14284
14416
0
TO:V,FS:3,FT:5,PC:20
0
525
1292
2092
2931
3613
4311
5034
5829
6627
7431
8302
9059
9781
10474
11300
12079
12801
13452
14220
14416
0
TO:V,FS:3,FT:6,PC:23
0
350
1063
1678
2438
3134
3695
4224
4848
5520
6258
6963
7633
8387
9049
9658
10292
10978
11631
12301
12921
13527
14268
14416
0
TO:V,FS:3,FT:7,PC:23
0
350
1063
1678
2420
3089
3613
4206
4764
5461
6134
6824
7473
8216
8893
9537
10157
10853
11498
12202
12825
13362
13998
14416
0
