TO:V,FS:0,FT:0,PC:8
0
863
2195
3535
4894
5940
6998
8268
9521
0
TO:V,FS:0,FT:1,PC:8
0
863
2195
3535
4894
5940
7061
8333
9521
0
TO:V,FS:0,FT:2,PC:9
0
817
2004
3281
4645
5759
6814
7975
9327
9521
0
TO:V,FS:1,FT:0,PC:11
0
684
1562
2584
3584
4623
5517
6259
7118
8123
9210
9521
0
TO:V,FS:1,FT:1,PC:11
0
684
1562
2584
3584
4623
5517
6259
7118
8123
9210
9521
0
TO:V,FS:1,FT:2,PC:11
0
637
1455
2429
3369
4356
5299
6039
6863
7657
8749
9521
0
TO:V,FS:2,FT:0,PC:14
0
470
1189
1985
2751
3538
4331
5125
5759
6326
7102
7736
8580
9390
9521
0
TO:V,FS:2,FT:1,PC:13
0
470
1232
2004
2845
3624
4429
5194
5878
6507
7215
7892
8758
9521
0
TO:V,FS:2,FT:2,PC:14
0
475
1189
1935
2654
3397
4138
4956
5617
6179
6855
7436
8206
8944
9521
0
