TO:V,FS:0,FT:0,PC:7
0
871
2056
3324
4547
5687
6789
7560
0
TO:V,FS:0,FT:1,PC:7
0
811
1999
3265
4491
5687
6789
7560
0
TO:V,FS:0,FT:2,PC:7
0
811
1882
3148
4391
5553
6561
7560
0
TO:V,FS:1,FT:0,PC:9
0
553
1536
2569
3514
4480
5435
6299
7090
7560
0
TO:V,FS:1,FT:1,PC:9
0
553
1536
2577
3514
4480
5435
6299
7090
7560
0
TO:V,FS:1,FT:2,PC:9
0
553
1536
2517
3462
4430
5331
6171
6921
7560
0
TO:V,FS:2,FT:0,PC:11
0
459
1233
1991
2735
3541
4344
5111
5822
6435
7118
7560
0
TO:V,FS:2,FT:1,PC:11
0
459
1233
1999
2778
3584
4391
5111
5822
6435
7118
7560
0
TO:V,FS:2,FT:2,PC:12
0
445
1101
1770
2540
3285
3997
4735
5367
6050
6654
7342
7560
0
