TO:V,FS:0,FT:0,PC:9
0
912
2215
3602
4798
5947
7136
8460
9490
10307
0
TO:V,FS:0,FT:1,PC:9
0
912
2223
3602
4798
5947
7136
8460
9490
10307
0
TO:V,FS:0,FT:2,PC:10
0
858
2133
3430
4583
5712
6883
8112
9147
10255
10307
0
TO:V,FS:1,FT:0,PC:12
0
734
1749
2771
3705
4610
5520
6501
7473
8419
9258
10181
10307
0
TO:V,FS:1,FT:1,PC:12
0
700
1669
2720
3658
4561
5467
6448
7418
8369
9214
10132
10307
0
TO:V,FS:1,FT:2,PC:12
0
695
1605
2614
3582
4411
5310
6202
7060
8017
8862
9700
10307
0
TO:V,FS:2,FT:0,PC:15
0
522
1307
2105
2931
3602
4302
4998
5712
6441
7136
7888
8650
9343
10132
10307
0
TO:V,FS:2,FT:1,PC:15
0
522
1314
2105
2931
3602
4302
5002
5755
6485
7180
7943
8690
9390
10132
10307
0
TO:V,FS:2,FT:2,PC:16
0
475
1222
2012
2771
3430
4076
4741
5467
6162
6811
7528
8216
8848
9519
10272
10307
0
