TO:V,FS:0,FT:0,PC:6
0
979
2115
3361
4656
5912
6935
0
TO:V,FS:0,FT:1,PC:6
0
923
2115
3361
4656
5969
6935
0
TO:V,FS:0,FT:2,PC:6
0
923
2066
3238
4469
5717
6935
0
TO:V,FS:1,FT:0,PC:8
0
692
1686
2650
3653
4656
5670
6716
6935
0
TO:V,FS:1,FT:1,PC:8
0
692
1698
2650
3662
4656
5670
6716
6935
0
TO:V,FS:1,FT:2,PC:8
0
692
1640
2545
3508
4458
5427
6449
6935
0
TO:V,FS:2,FT:0,PC:10
0
558
1345
2039
2816
3543
4352
5027
5778
6634
6935
0
TO:V,FS:2,FT:1,PC:10
0
558
1345
2039
2816
3550
4352
5027
5820
6684
6935
0
TO:V,FS:2,FT:2,PC:10
0
512
1251
1947
2680
3361
4132
4828
5519
6311
6935
0
