How to Win Friends and Influence People
LH:367189,BH:8284,MH:444605
TO:V,FS:0,FT:0,PC:6
0
1243
2835
4391
5928
7440
8284
0
TO:V,FS:0,FT:1,PC:6
0
1243
2835
4391
5928
7440
8284
0
TO:V,FS:0,FT:2,PC:6
0
1243
2835
4391
5928
7440
8284
0
TO:V,FS:0,FT:3,PC:6
0
1262
2835
4410
5914
7298
8284
0
TO:V,FS:0,FT:4,PC:7
0
1179
2548
4020
5277
6737
8094
8284
0
TO:V,FS:0,FT:5,PC:6
0
1181
2697
4131
5552
7015
8284
0
TO:V,FS:0,FT:6,PC:7
0
1114
2488
3796
5042
6408
7728
8284
0
TO:V,FS:0,FT:7,PC:7
0
1114
2488
3853
5086
6456
7794
8284
0
TO:V,FS:1,FT:0,PC:7
0
1007
2206
3398
4776
5928
7185
8284
0
TO:V,FS:1,FT:1,PC:8
0
1067
2266
3470
4835
5928
7128
8242
8284
0
TO:V,FS:1,FT:2,PC:8
0
948
2085
3222
4544
5573
6737
7895
8284
0
TO:V,FS:1,FT:3,PC:8
0
1007
2274
3406
4776
5928
7128
8242
8284
0
TO:V,FS:1,FT:4,PC:8
0
933
2031
3163
4339
5277
6415
7448
8284
0
TO:V,FS:1,FT:5,PC:8
0
948
2085
3222
4535
5511
6703
7843
8284
0
TO:V,FS:1,FT:6,PC:9
0
885
1999
2986
4077
5033
6093
7070
8094
8284
0
TO:V,FS:1,FT:7,PC:9
0
885
1938
2986
4077
5033
6093
7070
8094
8284
0
TO:V,FS:2,FT:0,PC:9
0
809
1773
2835
3735
4703
5524
6456
7395
8284
0
TO:V,FS:2,FT:1,PC:10
0
828
1773
2835
3735
4709
5524
6456
7348
8242
8284
0
TO:V,FS:2,FT:2,PC:10
0
756
1668
2652
3499
4531
5277
6259
7164
8045
8284
0
TO:V,FS:2,FT:3,PC:10
0
788
1723
2708
3551
4589
5324
6307
7222
8094
8284
0
TO:V,FS:2,FT:4,PC:11
0
631
1498
2308
3075
3977
4835
5538
6389
7194
7989
8284
0
TO:V,FS:2,FT:5,PC:10
0
796
1723
2645
3499
4531
5238
6211
7105
7994
8284
0
TO:V,FS:2,FT:6,PC:11
0
644
1458
2184
2986
3832
4703
5373
6211
7015
7779
8284
0
TO:V,FS:2,FT:7,PC:11
0
620
1445
2176
2986
3821
4655
5324
6211
7015
7779
8284
0
TO:V,FS:3,FT:0,PC:12
0
547
1288
2031
2835
3567
4386
5086
5914
6542
7298
8064
8284
0
TO:V,FS:3,FT:1,PC:12
0
587
1365
2072
2835
3525
4349
5021
5733
6439
7194
7895
8284
0
TO:V,FS:3,FT:2,PC:13
0
547
1288
1988
2713
3343
4131
4858
5495
6211
6916
7611
8242
8284
0
TO:V,FS:3,FT:3,PC:12
0
564
1288
1999
2757
3386
4224
4941
5647
6351
7059
7776
8284
0
TO:V,FS:3,FT:4,PC:13
0
503
1154
1847
2525
3163
3885
4634
5123
5829
6456
7128
7768
8284
0
TO:V,FS:3,FT:5,PC:12
0
587
1329
2031
2835
3562
4386
5067
5800
6456
7185
7895
8284
0
TO:V,FS:3,FT:6,PC:14
0
424
1100
1750
2405
3028
3632
4332
4978
5600
6249
6908
7549
8138
8284
0
TO:V,FS:3,FT:7,PC:14
0
424
1090
1750
2389
2986
3594
4295
4896
5483
6117
6737
7388
8015
8284
0
