TO:V,FS:0,FT:0,PC:6
0
849
2065
3360
4698
5844
6162
0
TO:V,FS:0,FT:1,PC:6
0
910
2127
3416
4757
5964
6162
0
TO:V,FS:0,FT:2,PC:6
0
786
2000
3191
4405
5595
6162
0
TO:V,FS:1,FT:0,PC:7
0
677
1613
2554
3502
4520
5525
6162
0
TO:V,FS:1,FT:1,PC:7
0
677
1613
2554
3502
4553
5580
6162
0
TO:V,FS:1,FT:2,PC:8
0
629
1520
2395
3297
4281
5225
6119
6162
0
TO:V,FS:2,FT:0,PC:9
0
572
1283
2065
2897
3659
4399
5182
5952
6162
0
TO:V,FS:2,FT:1,PC:9
0
577
1283
2065
2897
3659
4399
5182
5952
6162
0
TO:V,FS:2,FT:2,PC:9
0
572
1235
1953
2691
3340
4123
4853
5595
6162
0
