TO:V,FS:0,FT:0,PC:6
0
1158
2941
4571
6389
7958
9156
0
TO:V,FS:0,FT:1,PC:6
0
1158
2941
4571
6389
7958
9156
0
TO:V,FS:0,FT:2,PC:7
0
1158
2871
4368
6111
7735
9098
9156
0
TO:V,FS:1,FT:0,PC:8
0
869
2096
3516
4767
6172
7428
8554
9156
0
TO:V,FS:1,FT:1,PC:8
0
869
2096
3519
4767
6172
7428
8563
9156
0
TO:V,FS:1,FT:2,PC:8
0
798
2038
3399
4676
6017
7227
8287
9156
0
TO:V,FS:2,FT:0,PC:10
0
680
1638
2711
3672
4709
5847
6913
7885
8740
9156
0
TO:V,FS:2,FT:1,PC:10
0
680
1638
2711
3672
4709
5840
6863
7834
8704
9156
0
TO:V,FS:2,FT:2,PC:10
0
629
1541
2499
3490
4419
5430
6517
7456
8287
9156
0
