TO:V,FS:0,FT:0,PC:7
0
1009
2257
3545
4608
5781
7063
7822
0
TO:V,FS:0,FT:1,PC:7
0
1009
2236
3428
4581
5657
7011
7822
0
TO:V,FS:0,FT:2,PC:7
0
948
2113
3246
4400
5471
6711
7822
0
TO:V,FS:1,FT:0,PC:9
0
741
1751
2662
3657
4595
5384
6407
7504
7822
0
TO:V,FS:1,FT:1,PC:9
0
741
1751
2662
3657
4595
5384
6407
7504
7822
0
TO:V,FS:1,FT:2,PC:9
0
696
1646
2562
3541
4333
5204
6171
7153
7822
0
TO:V,FS:2,FT:0,PC:11
0
537
1342
2097
2791
3558
4275
5035
5742
6478
7309
7822
0
TO:V,FS:2,FT:1,PC:11
0
537
1342
2139
2820
3643
4324
5035
5742
6526
7348
7822
0
TO:V,FS:2,FT:2,PC:12
0
537
1304
1946
2662
3445
4088
4700
5365
6148
6846
7612
7822
0
