How to Win Friends and Influence People
LH:403158,BH:7571,MH:444605
TO:V,FS:0,FT:0,PC:5
0
1307
2897
4352
6190
7571
0
TO:V,FS:0,FT:1,PC:5
0
1307
2897
4280
6064
7571
0
TO:V,FS:0,FT:2,PC:5
0
1307
2830
4211
6000
7571
0
TO:V,FS:0,FT:3,PC:5
0
1307
2897
4211
6000
7571
0
TO:V,FS:0,FT:4,PC:6
0
1245
2629
3956
5577
7157
7571
0
TO:V,FS:0,FT:5,PC:6
0
1307
2830
4140
5853
7513
7571
0
TO:V,FS:0,FT:6,PC:6
0
1150
2422
3640
5119
6625
7571
0
TO:V,FS:0,FT:7,PC:6
0
1150
2495
3770
5246
6809
7571
0
TO:V,FS:1,FT:0,PC:7
0
1050
2307
3415
4733
6058
7453
7571
0
TO:V,FS:1,FT:1,PC:7
0
1056
2315
3415
4749
6176
7513
7571
0
TO:V,FS:1,FT:2,PC:7
0
996
2243
3356
4617
5880
7209
7571
0
TO:V,FS:1,FT:3,PC:7
0
1010
2315
3356
4695
6077
7414
7571
0
TO:V,FS:1,FT:4,PC:7
0
939
2116
3231
4193
5483
6705
7571
0
TO:V,FS:1,FT:5,PC:7
0
989
2184
3293
4498
5750
7037
7571
0
TO:V,FS:1,FT:6,PC:8
0
857
1967
2938
3911
4969
6214
7323
7571
0
TO:V,FS:1,FT:7,PC:8
0
800
1901
2882
3856
4911
6144
7246
7571
0
TO:V,FS:2,FT:0,PC:8
0
783
1822
2792
3640
4660
5678
6794
7571
0
TO:V,FS:2,FT:1,PC:8
0
783
1771
2733
3609
4506
5577
6648
7571
0
TO:V,FS:2,FT:2,PC:9
0
737
1708
2629
3455
4352
5410
6337
7392
7571
0
TO:V,FS:2,FT:3,PC:8
0
737
1771
2733
3559
4514
5577
6651
7571
0
TO:V,FS:2,FT:4,PC:10
0
578
1474
2319
3091
3808
4632
5577
6497
7425
7571
0
TO:V,FS:2,FT:5,PC:9
0
728
1708
2629
3449
4339
5356
6289
7331
7571
0
TO:V,FS:2,FT:6,PC:10
0
578
1490
2342
3099
3790
4632
5530
6381
7257
7571
0
TO:V,FS:2,FT:7,PC:10
0
578
1450
2236
3008
3640
4478
5340
6234
7117
7571
0
TO:V,FS:3,FT:0,PC:11
0
554
1307
2051
2817
3438
4140
4989
5837
6670
7513
7571
0
TO:V,FS:3,FT:1,PC:11
0
561
1307
2051
2817
3449
4140
4989
5853
6670
7513
7571
0
TO:V,FS:3,FT:2,PC:11
0
561
1307
2008
2724
3356
4045
4811
5577
6324
7099
7571
0
TO:V,FS:3,FT:3,PC:11
0
578
1399
2144
2830
3493
4140
4943
5765
6539
7355
7571
0
TO:V,FS:3,FT:4,PC:12
0
490
1188
1844
2540
3167
3794
4460
5208
5940
6651
7368
7571
0
TO:V,FS:3,FT:5,PC:11
0
554
1307
2051
2817
3397
4133
4857
5660
6445
7282
7571
0
TO:V,FS:3,FT:6,PC:12
0
445
1164
1806
2468
3112
3640
4267
4985
5660
6350
7058
7571
0
TO:V,FS:3,FT:7,PC:12
0
445
1164
1801
2468
3112
3640
4267
4943
5620
6277
6977
7571
0
