TO:V,FS:0,FT:0,PC:8
0
857
2113
3447
4822
6215
7312
8649
8672
0
TO:V,FS:0,FT:1,PC:7
0
857
2113
3520
4880
6275
7374
8672
0
TO:V,FS:0,FT:2,PC:8
0
796
1985
3161
4567
5798
6944
8174
8672
0
TO:V,FS:1,FT:0,PC:10
0
691
1526
2620
3633
4648
5678
6638
7636
8589
8672
0
TO:V,FS:1,FT:1,PC:10
0
645
1526
2620
3687
4695
5734
6683
7690
8641
8672
0
TO:V,FS:1,FT:2,PC:10
0
645
1479
2456
3417
4489
5423
6398
7180
8174
8672
0
TO:V,FS:2,FT:0,PC:12
0
495
1237
2003
2827
3611
4457
5271
6093
6790
7565
8356
8672
0
TO:V,FS:2,FT:1,PC:12
0
495
1237
2011
2827
3611
4457
5271
6093
6790
7579
8356
8672
0
TO:V,FS:2,FT:2,PC:13
0
448
1158
1824
2579
3342
4139
4901
5678
6423
7063
7862
8589
8672
0
