How to Win Friends and Influence People
LH:420497,BH:22334,MH:444605
TO:V,FS:0,FT:0,PC:15
0
1141
2565
3869
5368
6941
8570
10097
11811
13419
15188
16986
18610
20321
21938
22334
0
TO:V,FS:0,FT:1,PC:15
0
1141
2571
3935
5509
7004
8702
10313
12022
13615
15312
17132
18822
20529
22213
22334
0
TO:V,FS:0,FT:2,PC:15
0
1141
2484
3841
5162
6784
8290
9746
11493
12994
14680
16313
17927
19582
21260
22334
0
TO:V,FS:1,FT:0,PC:19
0
946
1938
3067
4245
5451
6727
7991
9249
10519
11811
12969
14267
15620
17044
18235
19614
20918
22249
22334
0
TO:V,FS:1,FT:1,PC:19
0
946
1941
3067
4245
5451
6727
7991
9249
10519
11811
12969
14330
15679
17119
18297
19680
20918
22256
22334
0
TO:V,FS:1,FT:2,PC:20
0
886
1862
2858
3983
5114
6293
7414
8620
9746
10996
12245
13375
14680
15867
17250
18472
19845
21098
22310
22334
0
TO:V,FS:2,FT:0,PC:24
0
787
1537
2389
3228
4170
5097
6022
7004
8038
9013
9900
10939
11970
12887
13889
14915
15900
17049
18024
18931
19947
20918
21859
22334
0
TO:V,FS:2,FT:1,PC:24
0
797
1537
2397
3278
4170
5097
6067
7004
8038
9013
9900
10939
11970
12887
13899
14915
15900
17049
18024
18980
19993
20972
21912
22334
0
TO:V,FS:2,FT:2,PC:25
0
735
1447
2251
3067
3920
4837
5717
6716
7645
8546
9480
10400
11385
12283
13212
14256
15221
16138
17181
18114
19087
20041
20972
21848
22334
0
