The Subtle Art of Not Giving a F_ck
LH:0,BH:32829,MH:317699
TO:V,FS:0,FT:0,PC:34
0
751
1730
2730
3745
4685
5777
6770
7690
8678
9684
10653
11639
12634
13515
14414
15368
16421
17413
18367
19355
20373
21220
22239
23208
24251
25169
26192
27181
28088
29117
30025
31064
32063
32829
0
TO:V,FS:0,FT:1,PC:34
0
699
1676
2674
3704
4685
5777
6770
7690
8678
9684
10658
11639
12689
13621
14464
15479
16516
17479
18443
19460
20421
21334
22355
23369
24414
25331
26398
27402
28305
29300
30231
31249
32280
32829
0
TO:V,FS:0,FT:2,PC:40
0
524
1400
2219
3056
3882
4726
5631
6515
7237
8099
8964
9864
10664
11534
12406
13121
13977
14710
15549
16415
17273
18068
18933
19785
20558
21258
22123
22934
23807
24692
25474
26339
27164
27881
28732
29601
30327
31143
32009
32829
0
TO:V,FS:0,FT:3,PC:34
0
699
1753
2730
3704
4685
5724
6770
7690
8740
9736
10664
11712
12689
13642
14464
15486
16594
17593
18552
19530
20421
21339
22362
23369
24428
25331
26398
27347
28253
29300
30178
31197
32174
32829
0
TO:V,FS:0,FT:4,PC:39
0
601
1511
2406
3312
4187
5117
6036
6908
7737
8613
9499
10350
11265
12143
12871
13785
14507
15386
16312
17261
18068
18946
19823
20643
21383
22264
23130
24011
24962
25743
26601
27439
28320
29208
30017
30837
31719
32621
32829
0
TO:V,FS:0,FT:5,PC:35
0
686
1658
2674
3683
4625
5670
6675
7472
8444
9410
10361
11276
12272
13137
14112
14918
15908
16935
17932
18889
19850
20753
21638
22585
23601
24646
25526
26511
27439
28389
29410
30340
31249
32275
32829
0
TO:V,FS:1,FT:0,PC:44
0
507
1283
2080
2804
3614
4351
5166
5979
6770
7454
8232
9003
9810
10565
11377
12189
12851
13605
14365
15004
15790
16603
17374
18068
18850
19641
20373
21029
21730
22526
23296
24089
24885
25603
26374
27118
27739
28544
29297
29969
30728
31460
32240
32829
0
TO:V,FS:1,FT:1,PC:45
0
511
1333
2120
2846
3614
4416
5183
5941
6690
7336
8099
8839
9583
10297
11119
11901
12662
13246
14056
14645
15337
16140
16930
17647
18378
19095
19854
20545
21145
21911
22708
23431
24190
24987
25651
26417
27173
27739
28544
29248
29969
30728
31419
32151
32829
0
TO:V,FS:1,FT:2,PC:53
0
373
985
1628
2264
2919
3584
4207
4878
5548
6224
6852
7409
8075
8692
9364
10024
10664
11331
11963
12601
13126
13785
14391
15000
15617
16266
16925
17598
18194
18801
19424
20120
20655
21185
21820
22474
23102
23783
24437
25076
25694
26333
26989
27546
28169
28827
29461
30055
30698
31301
31924
32564
32829
0
TO:V,FS:1,FT:3,PC:45
0
511
1286
2036
2804
3571
4327
5095
5905
6661
7336
8108
8848
9583
10297
11076
11814
12571
13157
13921
14507
15242
16005
16789
17562
18255
18993
19732
20421
21059
21827
22574
23318
24100
24863
25514
26274
27014
27689
28461
29203
29943
30597
31292
32063
32829
0
TO:V,FS:1,FT:4,PC:53
0
420
1079
1730
2336
2960
3614
4250
4930
5624
6299
6970
7525
8166
8801
9442
10098
10705
11371
11983
12641
13149
13812
14391
14993
15622
16305
16920
17593
18220
18865
19534
20214
20807
21383
22045
22681
23328
23961
24590
25169
25842
26458
27101
27670
28325
28976
29657
30240
30861
31496
32146
32791
32829
0
TO:V,FS:1,FT:5,PC:45
0
507
1273
2036
2759
3523
4258
5031
5793
6590
7237
8004
8793
9523
10252
11026
11803
12571
13197
13965
14588
15337
16140
16884
17638
18324
19095
19811
20505
21145
21908
22651
23420
24210
24987
25694
26458
27164
27782
28578
29333
30017
30747
31501
32280
32829
0
TO:V,FS:2,FT:0,PC:57
0
373
960
1571
2142
2752
3325
3909
4523
5183
5777
6420
6961
7482
8075
8678
9292
9907
10475
11083
11689
12295
12810
13388
13996
14486
15069
15649
16305
16920
17507
18106
18711
19331
19971
20540
21059
21662
22264
22833
23431
24036
24668
25208
25842
26441
26981
27526
28083
28658
29240
29840
30368
30940
31538
32146
32753
32829
0
TO:V,FS:2,FT:1,PC:57
0
373
960
1571
2142
2715
3275
3838
4447
5058
5670
6299
6890
7372
7967
8562
9138
9716
10292
10883
11461
12022
12601
13035
13659
14267
14724
15298
15908
16557
17158
17719
18334
18938
19534
20128
20696
21172
21770
22390
22980
23537
24146
24745
25248
25880
26458
27025
27546
28088
28698
29322
29940
30488
31093
31667
32223
32829
0
TO:V,FS:2,FT:2,PC:69
0
299
763
1242
1757
2219
2704
3208
3704
4170
4676
5220
5740
6244
6725
7197
7668
8160
8624
9121
9612
10108
10573
11076
11568
12047
12514
12871
13394
13869
14365
14789
15225
15724
16250
16765
17253
17719
18214
18670
19169
19690
20220
20640
21059
21556
22049
22517
23008
23499
24011
24511
25034
25479
25980
26458
26940
27428
27807
28311
28793
29248
29782
30201
30707
31186
31702
32165
32665
32829
0
TO:V,FS:2,FT:3,PC:59
0
373
932
1493
2032
2610
3195
3768
4346
4936
5538
6129
6730
7237
7801
8386
8951
9523
10098
10637
11203
11758
12338
12819
13356
13914
14414
14993
15549
16156
16778
17350
17906
18484
19055
19653
20258
20767
21265
21851
22427
22980
23569
24157
24765
25292
25896
26458
27025
27546
28128
28708
29282
29900
30417
30970
31538
32105
32679
32829
0
TO:V,FS:2,FT:4,PC:65
0
331
839
1369
1885
2427
2932
3442
3951
4475
4971
5507
6054
6572
7084
7496
8043
8557
9046
9568
10048
10565
11119
11639
12176
12653
13079
13570
14095
14518
15052
15566
16080
16674
17174
17698
18203
18706
19202
19724
20249
20655
21094
21646
22178
22714
23230
23748
24296
24801
25270
25795
26324
26834
27304
27739
28226
28744
29282
29863
30300
30822
31337
31862
32375
32829
0
TO:V,FS:2,FT:5,PC:57
0
381
954
1553
2142
2752
3325
3876
4442
5076
5670
6290
6810
7354
7919
8525
9138
9748
10335
10927
11534
12143
12689
13216
13812
14391
14905
15498
16091
16729
17339
17906
18511
19136
19759
20373
20894
21437
22024
22600
23165
23772
24375
24977
25491
26117
26692
27264
27778
28354
28962
29516
30043
30597
31186
31798
32420
32829
0
