The Subtle Art of Not Giving a F_ck
LH:32829,BH:27521,MH:317699
TO:V,FS:0,FT:0,PC:29
0
707
1717
2730
3765
4725
5639
6658
7666
8653
9736
10728
11647
12616
13634
14511
15423
16285
17287
18323
19351
20345
21159
22099
23088
24071
25072
26139
27110
27521
0
TO:V,FS:0,FT:1,PC:29
0
716
1717
2730
3765
4775
5689
6714
7703
8717
9788
10784
11647
12616
13634
14511
15484
16344
17342
18357
19402
20366
21285
22265
23238
24206
25283
26321
27337
27521
0
TO:V,FS:0,FT:2,PC:34
0
543
1345
2202
3066
3916
4775
5582
6445
7244
8090
8898
9788
10591
11409
12180
13012
13878
14549
15304
16150
16893
17787
18689
19476
20345
21049
21892
22734
23612
24500
25385
26262
27159
27521
0
TO:V,FS:0,FT:3,PC:29
0
716
1725
2735
3765
4775
5689
6776
7762
8772
9837
10871
11747
12785
13740
14652
15643
16452
17522
18594
19615
20453
21438
22488
23463
24417
25446
26475
27506
27521
0
TO:V,FS:0,FT:4,PC:32
0
628
1490
2384
3301
4188
5060
5811
6691
7583
8426
9349
10279
11154
11903
12789
13634
14433
15207
16071
16879
17818
18750
19615
20399
21323
22184
23071
23947
24874
25770
26648
27521
0
TO:V,FS:0,FT:5,PC:30
0
704
1651
2678
3706
4700
5582
6549
7509
8499
9526
10491
11470
12340
13288
14154
14997
15963
16794
17832
18864
19819
20667
21611
22582
23575
24565
25552
26530
27502
27521
0
TO:V,FS:1,FT:0,PC:37
0
535
1337
2133
2900
3632
4393
5160
5808
6544
7318
8106
8834
9664
10422
11186
11817
12551
13346
14069
14725
15423
16181
16833
17657
18396
19184
19932
20615
21366
22133
22931
23662
24431
25212
26030
26774
27521
0
TO:V,FS:1,FT:1,PC:38
0
535
1337
2091
2855
3586
4379
5094
5715
6436
7175
7926
8645
9438
10236
10977
11647
12398
13137
13837
14456
15115
15893
16558
17352
18072
18839
19510
20242
20923
21600
22398
23133
23858
24615
25331
26169
26961
27521
0
TO:V,FS:1,FT:2,PC:44
0
416
1045
1647
2290
2923
3582
4243
4861
5528
6120
6746
7383
8044
8704
9364
10029
10683
11341
11817
12438
13088
13714
14305
14830
15478
16125
16672
17352
18032
18699
19341
19984
20529
21129
21744
22375
22999
23632
24246
24922
25586
26262
26905
27521
0
TO:V,FS:1,FT:3,PC:38
0
492
1246
1992
2772
3532
4243
5011
5628
6391
7136
7881
8607
9396
10206
10943
11597
12302
13045
13768
14433
15063
15765
16423
17217
18000
18795
19521
20242
20891
21647
22417
23133
23841
24575
25331
26119
26874
27521
0
TO:V,FS:1,FT:4,PC:44
0
445
1112
1753
2398
3040
3700
4326
4962
5568
6146
6772
7441
8090
8744
9396
10041
10683
11292
11799
12438
13108
13751
14321
14871
15508
16129
16661
17345
17980
18641
19284
19932
20510
21120
21736
22380
23024
23662
24327
25000
25690
26345
27023
27521
0
TO:V,FS:1,FT:5,PC:38
0
492
1296
2027
2797
3539
4339
5086
5715
6481
7216
7963
8704
9520
10279
11059
11647
12398
13183
13928
14575
15231
15972
16599
17394
18149
18939
19661
20366
21082
21827
22582
23346
24073
24818
25561
26312
27106
27521
0
TO:V,FS:2,FT:0,PC:48
0
399
998
1591
2202
2821
3417
4011
4592
5202
5695
6299
6891
7519
8131
8741
9355
9961
10569
11175
11647
12244
12869
13496
14056
14533
15047
15643
16196
16742
17384
17980
18561
19162
19760
20366
20923
21463
22034
22582
23173
23786
24388
25019
25653
26262
26864
27454
27521
0
TO:V,FS:2,FT:1,PC:48
0
399
998
1591
2179
2784
3381
3972
4550
5116
5582
6180
6772
7405
7973
8544
9152
9777
10399
10943
11495
11955
12500
13108
13674
14193
14689
15231
15829
16344
16940
17550
18136
18729
19284
19853
20399
20984
21506
22085
22696
23242
23858
24431
25072
25690
26303
26931
27521
0
TO:V,FS:2,FT:2,PC:58
0
299
800
1285
1762
2238
2735
3258
3727
4213
4718
5192
5582
6092
6609
7086
7593
8090
8570
9064
9565
10052
10491
10994
11475
11860
12327
12832
13337
13774
14227
14643
15076
15579
16028
16452
16929
17443
17943
18430
18974
19460
19927
20366
20815
21270
21768
22252
22727
23201
23662
24153
24651
25148
25643
26139
26633
27171
27521
0
TO:V,FS:2,FT:3,PC:50
0
407
998
1561
2179
2743
3326
3898
4473
5046
5568
6104
6658
7244
7825
8403
8975
9561
10132
10721
11265
11689
12244
12832
13421
13977
14456
14944
15508
16109
16585
17207
17811
18357
18939
19505
20087
20604
21129
21659
22244
22815
23360
23938
24529
25113
25733
26308
26889
27496
27521
0
TO:V,FS:2,FT:4,PC:55
0
359
838
1354
1850
2412
2923
3476
4016
4568
5101
5528
5975
6481
7007
7533
8044
8529
9079
9622
10150
10652
11144
11597
12024
12530
13069
13579
14074
14488
14933
15436
15946
16364
16883
17454
17970
18458
19009
19489
19993
20435
20939
21403
21945
22488
22985
23470
23999
24482
25042
25561
26100
26633
27182
27521
0
TO:V,FS:2,FT:5,PC:48
0
393
958
1550
2165
2784
3381
3972
4550
5160
5654
6251
6842
7441
8048
8619
9229
9857
10424
11014
11573
12039
12606
13203
13774
14286
14788
15377
15979
16467
17050
17671
18281
18864
19465
20044
20584
21144
21696
22269
22855
23430
24055
24654
25283
25907
26498
27098
27521
0
