The Subtle Art of Not Giving a F_ck
LH:60350,BH:33467,MH:317699
TO:V,FS:0,FT:0,PC:35
0
754
1718
2722
3763
4814
5744
6744
7755
8769
9786
10659
11587
12491
13514
14448
15339
16360
17337
18309
19328
20295
21306
22121
23154
24125
25038
25991
26951
27945
28963
29830
30848
31871
32926
33467
0
TO:V,FS:0,FT:1,PC:35
0
699
1665
2674
3740
4814
5744
6744
7762
8769
9786
10659
11604
12540
13568
14505
15448
16470
17400
18410
19420
20362
21378
22238
23275
24288
25132
26158
27103
28108
29085
29998
31011
32038
33079
33467
0
TO:V,FS:0,FT:2,PC:41
0
572
1417
2281
3112
3968
4851
5691
6537
7459
8343
9186
9872
10708
11499
12270
13153
13998
14833
15649
16498
17322
18134
18965
19822
20652
21478
22215
23038
23868
24716
25480
26327
27191
27999
28825
29672
30492
31325
32175
33007
33467
0
TO:V,FS:0,FT:3,PC:35
0
717
1727
2786
3850
4925
5965
7028
8006
9047
9949
10882
11813
12787
13781
14765
15720
16701
17665
18653
19689
20712
21645
22601
23566
24603
25461
26509
27522
28571
29525
30389
31401
32409
33419
33467
0
TO:V,FS:0,FT:4,PC:39
0
627
1520
2412
3319
4215
5085
5975
6876
7770
8676
9581
10370
11237
12067
12899
13722
14638
15485
16346
17227
18116
19049
19901
20793
21568
22378
23290
24173
25038
25909
26768
27632
28541
29404
30183
31074
31968
32887
33467
0
TO:V,FS:0,FT:5,PC:36
0
684
1612
2557
3491
4498
5449
6460
7474
8466
9402
10293
11250
12094
13089
14054
14971
15965
16946
17911
18871
19822
20826
21726
22743
23636
24633
25498
26495
27462
28448
29420
30283
31238
32183
33200
33467
0
TO:V,FS:1,FT:0,PC:45
0
528
1316
2101
2852
3645
4444
5219
6001
6776
7547
8355
9131
9842
10576
11322
11975
12714
13480
14184
14877
15624
16394
17137
17941
18686
19460
20209
20990
21682
22378
23149
23928
24663
25357
26125
26892
27632
28397
29169
29861
30644
31429
32175
32926
33467
0
TO:V,FS:1,FT:1,PC:46
0
528
1271
2052
2809
3618
4444
5219
6009
6781
7589
8404
9176
9842
10576
11272
11890
12627
13435
14140
14833
15534
16300
17022
17795
18527
19311
20074
20833
21508
22115
22915
23641
24370
25080
25863
26580
27373
28124
28873
29585
30272
31026
31777
32451
33230
33467
0
TO:V,FS:1,FT:2,PC:54
0
397
1011
1650
2298
2966
3627
4285
4913
5527
6166
6814
7482
8112
8759
9412
9980
10610
11218
11787
12407
13024
13652
14284
14877
15494
16163
16789
17397
18048
18653
19281
19881
20534
21153
21712
22306
22933
23619
24288
24913
25498
26149
26790
27391
28028
28639
29296
29874
30556
31198
31835
32496
33138
33467
0
TO:V,FS:1,FT:3,PC:46
0
541
1289
2080
2809
3575
4359
5085
5829
6607
7375
8136
8905
9678
10326
11044
11752
12491
13230
13913
14689
15389
16126
16898
17632
18399
19170
19901
20642
21378
22004
22734
23512
24260
25027
25682
26396
27150
27910
28682
29420
30078
30848
31614
32367
33138
33467
0
TO:V,FS:1,FT:4,PC:54
0
463
1085
1718
2364
2966
3618
4274
4932
5538
6201
6871
7538
8136
8808
9459
10017
10610
11214
11747
12358
12964
13600
14243
14874
15494
16163
16771
17392
18027
18661
19281
19910
20548
21221
21726
22378
23002
23636
24264
24900
25480
26094
26698
27336
27945
28614
29252
29751
30418
31065
31693
32300
32963
33467
0
TO:V,FS:1,FT:5,PC:46
0
506
1233
2006
2761
3553
4348
5085
5866
6636
7404
8208
8988
9678
10364
11093
11790
12512
13272
13992
14687
15427
16163
16878
17576
18336
19131
19839
20548
21314
21898
22686
23424
24164
24923
25589
26349
27150
27905
28639
29420
30078
30848
31593
32314
33094
33467
0
TO:V,FS:2,FT:0,PC:58
0
391
972
1562
2165
2748
3353
3955
4582
5161
5734
6322
6907
7538
8097
8718
9308
9842
10394
10956
11538
12031
12579
13189
13748
14365
14921
15485
16081
16657
17256
17830
18431
19049
19614
20209
20833
21450
21929
22491
23059
23646
24225
24820
25360
25935
26521
27103
27668
28273
28814
29420
29915
30532
31147
31730
32300
32926
33467
0
TO:V,FS:2,FT:1,PC:60
0
391
954
1496
2065
2664
3199
3815
4429
5053
5621
6242
6834
7459
8017
8625
9202
9793
10307
10809
11375
11819
12397
12925
13530
14122
14674
15263
15809
16394
16956
17497
18065
18624
19210
19803
20362
20954
21523
21958
22569
23102
23673
24264
24860
25401
25975
26521
27103
27672
28308
28863
29420
29874
30459
31065
31642
32223
32850
33419
33467
0
TO:V,FS:2,FT:2,PC:71
0
269
764
1255
1746
2235
2711
3203
3683
4185
4691
5161
5650
6133
6636
7136
7653
8153
8625
9120
9628
10038
10532
11018
11499
11879
12337
12793
13290
13712
14211
14657
15144
15561
16055
16539
17030
17529
18000
18452
18937
19460
19928
20398
20883
21378
21726
22215
22686
23145
23646
24116
24603
25038
25498
25975
26471
26980
27458
27934
28406
28898
29420
29830
30324
30807
31293
31777
32259
32756
33220
33467
0
TO:V,FS:2,FT:3,PC:60
0
353
954
1520
2101
2664
3199
3775
4364
4932
5486
6080
6674
7259
7822
8413
9014
9600
10129
10649
11214
11664
12201
12770
13341
13874
14479
15039
15606
16202
16783
17348
17962
18533
19122
19652
20223
20793
21378
21802
22378
22962
23526
24077
24663
25159
25754
26345
26915
27487
28028
28614
29166
29698
30240
30812
31347
31907
32519
33079
33467
0
TO:V,FS:2,FT:4,PC:67
0
312
831
1316
1840
2364
2830
3365
3889
4418
4943
5462
6001
6529
7084
7581
8115
8625
9154
9659
10087
10584
11044
11566
11978
12469
12946
13518
13998
14505
15029
15528
16055
16577
17104
17620
18147
18640
19170
19684
20170
20652
21184
21625
22103
22640
23102
23631
24146
24663
25080
25589
26141
26580
27103
27617
28156
28639
29184
29623
30067
30584
31100
31614
32147
32650
33188
33467
0
TO:V,FS:2,FT:5,PC:59
0
423
1011
1562
2165
2748
3337
3922
4514
5085
5661
6237
6834
7459
8017
8605
9202
9793
10307
10852
11412
11879
12458
13018
13637
14229
14796
15339
15912
16470
17053
17642
18255
18835
19420
19964
20548
21175
21645
22133
22686
23290
23858
24435
25038
25620
26179
26772
27336
27901
28478
29055
29623
30186
30771
31347
31944
32531
33134
33467
0
