The Subtle Art of Not Giving a F_ck
LH:93817,BH:40497,MH:317699
TO:V,FS:0,FT:0,PC:44
0
742
1769
2796
3780
4734
5750
6674
7646
8625
9602
10606
11316
12039
13050
14090
15077
16018
16712
17447
18494
19410
20415
21328
22329
23361
24360
25316
26281
27274
28026
28996
29849
30762
31612
32447
33417
34468
35402
36387
37397
38442
39415
40447
40497
0
TO:V,FS:0,FT:1,PC:43
0
710
1725
2745
3754
4683
5698
6626
7595
8574
9548
10578
11299
11985
13018
14028
15094
16063
16719
17497
18550
19461
20462
21380
22448
23467
24427
25422
26382
27382
28088
29052
29905
30814
31669
32498
33471
34526
35457
36441
37449
38494
39468
40497
0
TO:V,FS:0,FT:2,PC:51
0
546
1360
2160
3002
3829
4658
5525
6321
7123
7973
8834
9648
10495
11185
11700
12568
13447
14330
15193
16054
16609
17318
18062
18941
19684
20576
21423
22275
23136
23956
24760
25576
26430
27253
27940
28653
29395
30179
30970
31669
32435
33200
33989
34755
35679
36489
37327
38179
39045
39951
40497
0
TO:V,FS:0,FT:3,PC:43
0
710
1744
2769
3780
4772
5855
6787
7773
8790
9765
10699
11496
12357
13355
14334
15412
16299
17075
17884
18885
19693
20735
21701
22778
23838
24774
25757
26702
27655
28416
29264
30211
31116
32118
32965
33943
34807
35865
36919
37940
38940
39993
40497
0
TO:V,FS:0,FT:4,PC:49
0
624
1463
2323
3225
4145
4995
5899
6783
7661
8521
9390
10263
11042
11651
12505
13347
14258
15171
16039
16658
17396
18206
19140
19878
20807
21614
22557
23467
24347
25157
26051
26880
27736
28361
29148
30031
30825
31546
32372
33101
33949
34755
35628
36541
37449
38356
39271
40161
40497
0
TO:V,FS:0,FT:5,PC:44
0
703
1725
2736
3714
4620
5590
6524
7484
8507
9437
10459
11290
11912
12856
13819
14811
15783
16513
17241
18117
19119
19988
20998
21948
22875
23876
24784
25768
26753
27706
28416
29250
30179
31075
31931
32707
33679
34615
35628
36601
37609
38552
39468
40497
0
TO:V,FS:1,FT:0,PC:56
0
525
1299
2076
2813
3569
4344
5074
5843
6579
7344
8120
8895
9602
10394
11036
11550
12228
12980
13708
14502
15285
16077
16609
17279
17919
18709
19378
20147
20921
21670
22444
23188
23981
24743
25477
26240
26982
27736
28310
29072
29795
30428
31116
31869
32527
33271
33966
34615
35402
36213
36985
37762
38531
39264
40078
40497
0
TO:V,FS:1,FT:1,PC:57
0
525
1299
2076
2813
3569
4311
5032
5801
6508
7252
7985
8756
9431
10167
10779
11441
11985
12741
13436
14214
14974
15756
16374
17017
17532
18289
19040
19671
20454
21165
21886
22644
23459
24243
24964
25704
26438
27190
27843
28490
29148
29849
30485
31116
31827
32485
33232
33943
34615
35402
36213
36944
37699
38395
39133
39942
40497
0
TO:V,FS:1,FT:2,PC:67
0
394
1019
1622
2274
2932
3601
4240
4857
5518
6166
6772
7401
8064
8657
9332
9971
10646
11167
11588
12182
12791
13423
14087
14742
15400
16054
16534
17075
17564
18230
18901
19447
20092
20735
21328
21951
22597
23230
23857
24421
25037
25685
26281
26909
27538
28004
28609
29142
29795
30290
30915
31503
32135
32656
33288
33896
34534
35098
35760
36354
37011
37673
38298
38961
39615
40258
40497
0
TO:V,FS:1,FT:3,PC:57
0
525
1254
1985
2722
3498
4291
4995
5771
6511
7252
7998
8710
9437
10171
10779
11408
11976
12663
13395
14171
14886
15635
16288
16882
17447
18206
19009
19630
20391
21135
21840
22644
23421
24158
24877
25659
26373
27049
27817
28361
29072
29758
30434
31086
31746
32430
33054
33776
34554
35189
35944
36677
37449
38218
38994
39753
40497
0
TO:V,FS:1,FT:4,PC:66
0
465
1128
1725
2348
2998
3615
4268
4886
5537
6205
6798
7401
8075
8724
9377
9966
10606
11125
11588
12175
12788
13423
14069
14699
15354
16002
16534
17075
17602
18256
18920
19471
20111
20774
21411
22069
22711
23373
24010
24612
25240
25861
26482
27083
27763
28183
28814
29374
30000
30575
31116
31781
32389
32965
33554
34178
34728
35402
36046
36677
37312
37949
38616
39271
39942
40497
0
TO:V,FS:1,FT:5,PC:57
0
525
1299
2029
2785
3515
4291
5032
5801
6542
7252
8030
8804
9524
10274
10905
11510
12146
12879
13611
14280
15042
15799
16410
17017
17532
18337
19080
19671
20447
21165
21912
22682
23416
24158
24877
25614
26367
27094
27817
28361
29102
29849
30508
31158
31911
32485
33226
33921
34574
35308
36082
36853
37616
38338
39045
39799
40497
0
TO:V,FS:2,FT:0,PC:72
0
381
932
1489
2076
2665
3269
3817
4399
5007
5617
6230
6798
7367
7951
8546
9119
9674
10274
10775
11299
11729
12330
12912
13491
14109
14692
15314
15907
16374
16882
17353
17877
18479
19109
19622
20222
20837
21406
21978
22587
23219
23801
24378
24942
25512
26113
26702
27280
27817
28258
28859
29367
29962
30485
31062
31583
32122
32604
33187
33742
34302
34807
35422
36005
36599
37190
37800
38413
38976
39594
40221
40497
0
TO:V,FS:2,FT:1,PC:73
0
394
1009
1570
2160
2774
3349
3876
4462
5086
5704
6280
6836
7420
7989
8574
9155
9674
10239
10736
11299
11689
12289
12866
13458
14028
14585
15193
15799
16340
16812
17276
17754
18376
18955
19431
19997
20613
21149
21734
22290
22903
23522
24109
24651
25197
25744
26320
26890
27443
27917
28398
28959
29487
30080
30575
31086
31623
32159
32647
33226
33781
34354
34847
35463
36046
36599
37190
37758
38338
38935
39559
40181
40497
0
TO:V,FS:2,FT:2,PC:86
0
296
777
1282
1769
2263
2745
3239
3765
4235
4705
5202
5674
6150
6615
7114
7581
8083
8574
9070
9524
10043
10537
10946
11352
11720
12211
12710
13192
13692
14209
14692
15193
15694
16163
16534
16975
17318
17781
18259
18771
19198
19693
20208
20716
21165
21631
22116
22615
23124
23615
24072
24554
25048
25546
26035
26479
26982
27457
27873
28274
28726
29136
29621
30096
30523
30985
31408
31880
32328
32768
33224
33679
34178
34615
35108
35620
36088
36592
37078
37600
38084
38580
39083
39568
40060
40497
0
TO:V,FS:2,FT:3,PC:74
0
394
976
1531
2123
2700
3281
3860
4399
4967
5537
6123
6680
7226
7798
8395
8960
9558
10138
10699
11209
11588
12092
12686
13245
13830
14442
15020
15582
16163
16609
17140
17605
18218
18808
19311
19878
20479
21038
21605
22178
22757
23336
23932
24448
25025
25603
26152
26702
27241
27817
28230
28783
29259
29849
30326
30915
31397
31988
32447
33042
33560
34100
34615
35215
35812
36391
36922
37512
38084
38655
39251
39825
40436
40497
0
TO:V,FS:2,FT:4,PC:83
0
359
874
1402
1897
2405
2945
3481
3976
4490
4967
5513
6011
6511
7021
7531
8020
8529
9025
9524
9998
10549
10974
11382
11716
12268
12782
13299
13798
14280
14829
15366
15866
16273
16712
17140
17514
17994
18550
19071
19507
20019
20548
21038
21558
22104
22644
23178
23695
24203
24680
25191
25717
26184
26702
27202
27706
28059
28609
29072
29558
30054
30502
31005
31453
31937
32357
32809
33342
33811
34325
34779
35321
35847
36354
36836
37352
37853
38351
38850
39343
39876
40419
40497
0
TO:V,FS:2,FT:5,PC:73
0
394
961
1531
2107
2692
3259
3817
4391
4960
5537
6120
6690
7263
7836
8428
8999
9588
10156
10699
11239
11651
12250
12821
13416
14001
14585
15193
15768
16245
16724
17241
17717
18316
18955
19466
20036
20646
21224
21792
22401
22977
23592
24175
24720
25316
25858
26438
27001
27601
28026
28620
29136
29742
30251
30825
31301
31844
32328
32849
33399
33989
34574
35151
35731
36301
36879
37449
38030
38616
39186
39748
40361
40497
0
