The Subtle Art of Not Giving a F_ck
LH:134314,BH:37960,MH:317699
TO:V,FS:0,FT:0,PC:39
0
702
1542
2549
3581
4569
5585
6578
7592
8460
9440
10411
11439
12466
13475
14535
15525
16590
17672
18736
19661
20694
21694
22734
23779
24620
25610
26635
27669
28640
29660
30682
31564
32579
33600
34605
35439
36458
37474
37960
0
TO:V,FS:0,FT:1,PC:39
0
649
1492
2497
3526
4472
5480
6469
7517
8356
9317
10306
11330
12367
13369
14437
15449
16466
17567
18577
19518
20538
21549
22572
23620
24520
25504
26527
27557
28530
29552
30570
31458
32459
33518
34550
35386
36406
37421
37960
0
TO:V,FS:0,FT:2,PC:46
0
475
1339
2049
2842
3634
4472
5350
6185
7016
7859
8631
9519
10351
11217
12090
12953
13822
14718
15568
16411
17280
18139
18993
19701
20538
21336
22230
23080
23917
24664
25529
26457
27307
28172
29034
29899
30770
31495
32292
33168
34043
34904
35641
36451
37307
37960
0
TO:V,FS:0,FT:3,PC:39
0
649
1492
2497
3526
4521
5604
6610
7676
8584
9519
10522
11564
12596
13685
14672
15689
16743
17847
18899
19825
20865
21933
23020
24052
24893
25956
26938
28016
29048
30078
31074
31918
32906
33940
34972
35803
36837
37784
37960
0
TO:V,FS:0,FT:4,PC:44
0
547
1414
2126
2950
3865
4736
5612
6469
7410
8191
9013
9935
10819
11729
12644
13589
14506
15363
16231
17123
18013
18922
19695
20578
21478
22343
23256
24149
25024
25945
26856
27788
28681
29571
30494
31369
32193
33099
33946
34880
35651
36538
37433
37960
0
TO:V,FS:0,FT:5,PC:40
0
649
1492
2492
3523
4454
5423
6453
7459
8299
9240
10176
11123
12141
13162
14204
15191
16200
17229
18213
19142
20176
21180
22192
23240
24149
25084
26046
27079
28095
29085
30098
31141
31962
32898
33885
34811
35704
36668
37621
37960
0
TO:V,FS:1,FT:0,PC:51
0
475
1224
1802
2574
3319
4089
4823
5593
6338
7143
7946
8572
9266
10024
10769
11569
12321
13113
13900
14662
15445
16184
16973
17763
18504
19187
19961
20703
21429
22227
23020
23798
24462
25240
25991
26768
27561
28343
29140
29934
30707
31397
32168
32916
33662
34432
35177
35794
36568
37322
37960
0
TO:V,FS:1,FT:1,PC:52
0
475
1224
1756
2485
3277
4001
4689
5451
6249
7098
7905
8526
9199
9930
10668
11439
12230
12992
13814
14616
15398
16144
16879
17663
18417
19142
19919
20665
21386
22192
22948
23755
24462
25196
25925
26668
27381
28163
28912
29705
30477
31183
31789
32512
33237
33993
34708
35382
36109
36807
37546
37960
0
TO:V,FS:1,FT:2,PC:61
0
394
1017
1531
2116
2693
3360
3989
4634
5268
5902
6512
7190
7840
8412
9013
9638
10272
10924
11569
12184
12856
13497
14196
14809
15475
16091
16734
17349
18040
18672
19223
19891
20568
21218
21870
22513
23198
23819
24355
25003
25626
26260
26938
27620
28302
28950
29614
30269
30908
31439
32111
32751
33392
34038
34702
35304
35873
36568
37167
37818
37960
0
TO:V,FS:1,FT:3,PC:52
0
475
1232
1766
2485
3232
4005
4736
5451
6208
6997
7758
8421
9059
9794
10536
11304
12090
12892
13699
14460
15191
15942
16696
17494
18244
19032
19648
20411
21167
21878
22623
23391
24149
24880
25668
26452
27232
28032
28770
29523
30293
31097
31689
32465
33195
33940
34661
35334
36067
36807
37565
37960
0
TO:V,FS:1,FT:4,PC:61
0
451
1077
1578
2209
2852
3481
4098
4736
5370
6008
6652
7338
7967
8526
9170
9786
10439
11100
11752
12421
13054
13721
14356
15004
15637
16265
16904
17591
18249
18865
19422
20057
20685
21299
21950
22617
23264
23925
24415
25084
25724
26380
27050
27700
28324
29015
29660
30269
30938
31481
32144
32811
33474
34163
34772
35334
35958
36592
37243
37877
37960
0
TO:V,FS:1,FT:5,PC:52
0
475
1224
1799
2527
3305
4046
4736
5499
6249
7016
7758
8412
9059
9755
10530
11299
12087
12856
13666
14400
15177
15887
16674
17434
18225
18962
19600
20358
21108
21875
22656
23437
24195
24952
25684
26439
27201
27966
28743
29537
30307
31097
31726
32495
33189
33946
34708
35382
36104
36849
37565
37960
0
TO:V,FS:2,FT:0,PC:65
0
374
965
1492
2059
2638
3208
3808
4386
4964
5555
6136
6731
7377
7967
8504
9090
9670
10282
10882
11517
12118
12710
13298
13931
14535
15183
15752
16309
16944
17552
18180
18736
19264
19855
20445
21037
21642
22242
22853
23466
24052
24533
25141
25756
26380
27000
27607
28213
28819
29429
29996
30611
31210
31751
32356
32966
33585
34233
34807
35334
35908
36511
37128
37715
37960
0
TO:V,FS:2,FT:1,PC:66
0
374
965
1469
1947
2518
3091
3652
4237
4773
5370
5969
6593
7226
7834
8311
8849
9406
9971
10564
11208
11790
12421
12985
13585
14204
14809
15428
15998
16597
17179
17750
18346
18938
19459
20057
20606
21180
21793
22416
23027
23658
24195
24726
25332
25949
26539
27116
27700
28291
28937
29499
30083
30696
31287
31792
32356
32966
33585
34193
34737
35304
35823
36384
37014
37565
37960
0
TO:V,FS:2,FT:2,PC:80
0
268
755
1265
1654
2163
2625
3119
3581
4070
4543
5040
5508
5969
6453
6969
7434
7932
8373
8802
9299
9740
10234
10749
11274
11775
12251
12742
13227
13767
14240
14682
15191
15664
16144
16655
17146
17654
18143
18630
19108
19550
20061
20555
21062
21517
22007
22523
23027
23526
24008
24388
24887
25327
25842
26297
26804
27291
27799
28291
28777
29267
29772
30269
30752
31232
31639
32149
32607
33099
33610
34096
34609
35079
35484
35958
36463
36952
37437
37916
37960
0
TO:V,FS:2,FT:3,PC:67
0
374
925
1469
1947
2518
3059
3610
4179
4741
5338
5899
6469
7098
7622
8152
8726
9266
9827
10400
10978
11564
12141
12757
13338
13931
14506
15102
15684
16265
16864
17464
18077
18649
19142
19716
20317
20895
21489
22078
22679
23264
23850
24342
24937
25483
26080
26662
27248
27842
28405
29015
29581
30167
30781
31369
31910
32490
33074
33662
34288
34855
35334
35908
36480
37048
37605
37960
0
TO:V,FS:2,FT:4,PC:75
0
328
886
1358
1749
2274
2791
3309
3821
4332
4807
5338
5842
6389
6912
7445
7967
8425
8903
9391
9859
10351
10842
11372
11941
12493
13002
13508
14040
14567
15076
15633
16120
16644
17161
17707
18233
18736
19178
19727
20267
20783
21305
21830
22368
22924
23379
23914
24322
24813
25324
25857
26368
26903
27434
27966
28520
29048
29563
30054
30570
31097
31531
32017
32517
33029
33566
34080
34597
35122
35551
36036
36592
37086
37565
37960
0
TO:V,FS:2,FT:5,PC:66
0
411
1001
1492
2059
2625
3208
3808
4386
4950
5555
6136
6727
7368
7967
8493
9053
9628
10160
10760
11360
11989
12586
13150
13774
14353
14962
15525
16117
16708
17344
17948
18527
19108
19630
20230
20809
21411
22026
22613
23229
23843
24322
24911
25522
26106
26713
27299
27917
28530
29120
29705
30293
30927
31397
32017
32607
33195
33794
34425
34986
35490
36047
36668
37271
37828
37960
0
