The Subtle Art of Not Giving a F_ck
LH:172274,BH:47743,MH:317699
TO:V,FS:0,FT:0,PC:38
0
963
2289
3588
4935
6254
7607
8741
10182
11485
12735
14112
15428
16801
18145
19470
20825
22207
23341
24650
25998
27291
28599
29920
31263
32569
33483
34815
36128
37326
38629
40016
41059
42360
43558
44927
45933
47295
47743
0
TO:V,FS:0,FT:1,PC:38
0
963
2289
3521
4876
6198
7551
8672
10073
11421
12695
13995
15309
16623
17908
19303
20653
22018
23174
24429
25787
27052
28375
29721
31032
32341
33290
34573
35896
37184
38377
39690
40754
42074
43174
44567
45640
46861
47743
0
TO:V,FS:0,FT:2,PC:46
0
711
1798
2768
3899
4970
6018
7108
8040
9223
10311
11421
12454
13419
14481
15588
16706
17765
18907
20005
21095
22175
23037
24122
25198
26316
27414
28557
29603
30684
31747
32720
33598
34688
35840
36954
37946
39044
40161
41050
42192
43174
44351
45308
46178
47277
47743
0
TO:V,FS:0,FT:3,PC:39
0
924
2226
3462
4815
6143
7494
8690
10073
11431
12695
13935
15191
16589
17933
19283
20604
21885
22996
24242
25546
26830
28136
29440
30748
31985
32962
34185
35458
36794
37965
39245
40493
41641
42851
44085
45260
46317
47622
47743
0
TO:V,FS:0,FT:4,PC:43
0
868
1978
3092
4236
5355
6467
7729
8733
9964
11146
12352
13400
14569
15750
16885
17987
19175
20312
21421
22483
23582
24704
25863
26969
28064
29216
30380
31521
32569
33483
34625
35759
36938
37927
39146
40349
41297
42390
43558
44769
45735
46823
47743
0
TO:V,FS:0,FT:5,PC:40
0
894
2111
3365
4600
5781
7099
8155
9362
10634
11870
13032
14277
15543
16801
18004
19260
20544
21790
22874
24087
25374
26635
27818
29056
30253
31470
32607
33544
34815
36066
37212
38461
39805
40810
42074
43174
44522
45524
46560
47743
0
TO:V,FS:1,FT:0,PC:53
0
682
1583
2474
3430
4357
5335
6273
7190
8024
9011
9945
10888
11836
12695
13616
14527
15476
16406
17331
18270
19221
20178
21146
22098
22918
23851
24831
25794
26687
27572
28549
29447
30380
31320
32211
33000
33881
34825
35737
36660
37470
38350
39249
40186
40944
41926
42792
43656
44614
45425
46178
47142
47743
0
TO:V,FS:1,FT:1,PC:53
0
638
1537
2427
3382
4329
5262
6219
7173
7977
8951
9897
10839
11836
12695
13616
14569
15515
16456
17377
18366
19303
20292
21253
22207
23019
23950
24921
25886
26860
27720
28691
29648
30600
31521
32467
33189
34173
35070
36040
36954
37780
38682
39626
40493
41338
42240
43159
44049
44970
45777
46598
47591
47743
0
TO:V,FS:1,FT:2,PC:63
0
499
1295
2098
2872
3653
4448
5216
6018
6815
7611
8260
9107
9908
10728
11485
12257
12960
13747
14512
15285
16123
16926
17715
18524
19303
20130
20892
21706
22430
23202
23986
24802
25596
26394
27193
27974
28779
29547
30328
31107
31887
32607
33290
34060
34851
35574
36349
37141
37826
38607
39420
40189
40801
41648
42390
43159
43898
44714
45380
46063
46791
47586
47743
0
TO:V,FS:1,FT:3,PC:51
0
645
1642
2550
3512
4463
5405
6371
7394
8181
9207
10159
11139
12088
12992
13982
14930
15899
16865
17836
18849
19806
20759
21715
22593
23532
24455
25428
26358
27346
28263
29216
30208
31119
32075
32924
33739
34677
35603
36578
37369
38358
39383
40394
41148
42135
43113
44054
45002
45874
46823
47743
0
TO:V,FS:1,FT:4,PC:60
0
543
1353
2182
2990
3817
4651
5447
6276
7074
7886
8690
9538
10348
11167
11982
12735
13607
14431
15202
16022
16849
17698
18532
19382
20233
21052
21857
22593
23367
24195
25053
25931
26750
27612
28422
29193
29995
30813
31642
32477
33126
33966
34788
35616
36460
37212
38078
38885
39725
40493
41248
42086
42922
43640
44494
45237
45913
46681
47529
47743
0
TO:V,FS:1,FT:5,PC:54
0
638
1537
2420
3382
4329
5262
6163
7074
7928
8853
9789
10734
11637
12549
13334
14272
15158
16123
17046
18007
18930
19841
20752
21693
22527
23421
24347
25259
26203
27099
28009
28969
29843
30784
31660
32569
33335
34215
35121
36040
36954
37745
38610
39522
40437
41227
42135
42994
43814
44769
45536
46280
47244
47743
0
TO:V,FS:2,FT:0,PC:68
0
471
1183
1884
2602
3305
4047
4770
5479
6189
6887
7604
8260
9058
9768
10501
11246
11940
12695
13385
14149
14825
15588
16285
17000
17715
18436
19175
19921
20645
21351
22106
22727
23407
24156
24878
25632
26367
27144
27862
28589
29246
29948
30684
31424
32125
32770
33335
34060
34749
35486
36230
36954
37603
38298
39044
39805
40476
41026
41778
42471
43159
43851
44605
45274
45866
46481
47214
47743
0
TO:V,FS:2,FT:1,PC:69
0
471
1183
1879
2550
3262
3968
4685
5355
6018
6719
7494
8091
8825
9527
10272
10953
11675
12396
13047
13822
14557
15246
15979
16706
17418
18066
18830
19557
20306
20964
21693
22388
23053
23745
24425
25177
25931
26659
27438
28180
28893
29590
30317
31048
31791
32558
33046
33746
34440
35111
35872
36618
37250
37954
38671
39399
40130
40710
41421
42129
42831
43472
44243
44915
45516
46109
46804
47571
47743
0
TO:V,FS:2,FT:2,PC:82
0
341
957
1546
2133
2710
3305
3934
4559
5158
5745
6371
6993
7623
8155
8781
9403
10032
10625
11220
11833
12435
12981
13589
14209
14805
15425
16019
16610
17195
17777
18366
18965
19578
20195
20790
21385
22008
22551
23115
23691
24285
24905
25515
26114
26715
27342
27933
28543
29110
29709
30331
30891
31470
32075
32607
33046
33637
34222
34809
35391
35980
36578
37158
37690
38257
38870
39474
40055
40571
41096
41720
42312
42914
43456
44049
44692
45189
45640
46172
46791
47412
47743
0
TO:V,FS:2,FT:3,PC:70
0
480
1140
1842
2539
3224
3942
4648
5348
6018
6771
7500
8104
8846
9538
10241
10953
11637
12368
13003
13747
14431
15073
15793
16464
17179
17901
18616
19339
20056
20752
21432
22171
22760
23414
24112
24807
25546
26241
26961
27697
28403
29070
29744
30471
31185
31870
32569
33046
33746
34480
35200
35896
36618
37212
37909
38599
39316
40002
40623
41248
41954
42665
43311
44027
44788
45380
45998
46689
47441
47743
0
TO:V,FS:2,FT:4,PC:79
0
398
1019
1642
2282
2879
3502
4151
4759
5394
5967
6584
7190
7858
8395
9058
9667
10334
10953
11592
12205
12735
13396
14059
14678
15291
15920
16512
17143
17775
18421
19070
19704
20369
20964
21597
22191
22727
23312
23925
24540
25167
25801
26399
27028
27597
28276
28911
29547
30172
30813
31449
32075
32607
33112
33750
34355
35010
35650
36289
36954
37514
38107
38710
39389
40016
40532
41088
41745
42339
42943
43513
44151
44795
45308
45800
46345
46967
47622
47743
0
TO:V,FS:2,FT:5,PC:70
0
471
1183
1879
2550
3262
3991
4685
5394
6098
6806
7517
8091
8801
9527
10241
10953
11637
12352
13036
13721
14409
15063
15793
16491
17206
17923
18650
19382
20103
20790
21517
22229
22848
23532
24236
24921
25632
26322
27099
27818
28543
29233
29911
30597
31341
32031
32607
33164
33876
34565
35276
35983
36730
37387
38034
38753
39482
40200
40754
41445
42171
42877
43513
44243
44957
45516
46109
46797
47525
47743
0
