The Subtle Art of Not Giving a F_ck
LH:220017,BH:24871,MH:317699
TO:V,FS:0,FT:0,PC:27
0
713
1677
2651
3548
4439
5432
6443
7417
8408
9289
10296
11280
12338
13288
14272
15249
16198
17210
18133
19170
20061
20842
21521
22584
23588
24561
24871
0
TO:V,FS:0,FT:1,PC:27
0
655
1626
2631
3497
4410
5380
6390
7365
8408
9289
10296
11280
12350
13288
14281
15298
16245
17267
18187
19222
20109
20897
21583
22609
23634
24617
24871
0
TO:V,FS:0,FT:2,PC:31
0
544
1439
2272
3097
3838
4584
5459
6296
7145
8017
8834
9579
10410
11280
12108
12987
13821
14698
15511
16360
17210
17972
18845
19608
20340
20939
21521
22389
23243
24072
24871
0
TO:V,FS:0,FT:3,PC:26
0
746
1785
2810
3648
4491
5493
6502
7472
8465
9305
10302
11336
12404
13412
14388
15412
16456
17494
18450
19472
20363
21124
21887
22933
23918
24871
0
TO:V,FS:0,FT:4,PC:30
0
608
1491
2383
3219
3976
4797
5685
6569
7403
8284
9053
9927
10797
11702
12565
13450
14331
15212
16069
16970
17866
18616
19498
20243
20926
21470
22356
23233
24054
24871
0
TO:V,FS:0,FT:5,PC:28
0
646
1626
2622
3444
4353
5326
6318
7271
8191
9077
10091
11045
12054
13016
13967
14900
15821
16744
17794
18718
19720
20495
21164
21941
22960
23885
24816
24871
0
TO:V,FS:1,FT:0,PC:35
0
525
1303
2058
2786
3444
4165
4925
5685
6431
7169
7898
8633
9315
10036
10797
11596
12338
13103
13876
14693
15412
16198
16995
17810
18464
19254
19942
20616
21124
21613
22398
23185
23918
24644
24871
0
TO:V,FS:1,FT:1,PC:35
0
525
1303
2058
2786
3444
4120
4875
5685
6390
7090
7813
8545
9220
10017
10772
11499
12210
12972
13699
14507
15212
15929
16736
17529
18190
18958
19697
20363
20867
21424
22121
22912
23659
24342
24871
0
TO:V,FS:1,FT:2,PC:41
0
387
1038
1634
2287
2907
3444
4041
4639
5274
5924
6557
7165
7813
8465
9043
9703
10358
11004
11653
12321
12956
13597
14244
14846
15412
16066
16733
17384
17965
18632
19235
19818
20363
20823
21369
21882
22545
23173
23842
24460
24871
0
TO:V,FS:1,FT:3,PC:36
0
486
1222
1968
2739
3444
4165
4875
5662
6368
7042
7813
8545
9189
9927
10636
11379
12101
12881
13610
14375
15118
15872
16612
17354
18015
18752
19490
20124
20710
21213
21813
22609
23375
24054
24826
24871
0
TO:V,FS:1,FT:4,PC:41
0
416
1056
1702
2335
2972
3523
4156
4789
5455
6134
6782
7392
8042
8664
9220
9844
10467
11103
11738
12387
13057
13673
14335
14932
15527
16132
16767
17412
18002
18669
19292
19882
20399
20859
21333
21863
22535
23208
23875
24504
24871
0
TO:V,FS:1,FT:5,PC:35
0
519
1303
2046
2786
3444
4165
4925
5685
6431
7165
7889
8633
9305
10036
10790
11499
12249
12998
13742
14540
15235
15974
16778
17573
18275
18994
19768
20399
20911
21424
22121
22902
23603
24342
24871
0
TO:V,FS:2,FT:0,PC:45
0
341
944
1561
2144
2726
3338
3813
4339
4916
5531
6124
6745
7313
7929
8507
9032
9601
10191
10759
11352
11953
12581
13172
13752
14324
14893
15447
16015
16625
17210
17817
18342
18958
19558
20054
20528
21016
21406
21851
22450
23070
23634
24183
24816
24871
0
TO:V,FS:2,FT:1,PC:45
0
341
944
1561
2144
2726
3299
3774
4342
4916
5531
6170
6782
7313
7889
8491
8994
9579
10191
10759
11311
11916
12505
13089
13631
14266
14796
15326
15872
16446
17031
17659
18156
18785
19373
19898
20399
20776
21213
21668
22260
22890
23471
24047
24663
24871
0
TO:V,FS:2,FT:2,PC:54
0
284
746
1227
1738
2224
2651
3144
3582
4037
4475
4983
5459
5949
6463
6949
7430
7921
8390
8884
9315
9820
10315
10781
11237
11694
12179
12678
13125
13625
14131
14625
15090
15592
16084
16587
17061
17567
18032
18514
18994
19472
19882
20314
20671
21066
21424
21849
22330
22825
23307
23775
24234
24762
24871
0
TO:V,FS:2,FT:3,PC:46
0
346
950
1517
2114
2688
3263
3760
4300
4872
5472
6047
6620
7205
7788
8332
8884
9427
10013
10542
11129
11694
12274
12824
13388
13953
14552
15065
15641
16182
16728
17292
17878
18424
18994
19558
20010
20446
20903
21296
21747
22337
22933
23515
24072
24663
24871
0
TO:V,FS:2,FT:4,PC:51
0
337
854
1369
1877
2402
2927
3402
3868
4367
4865
5396
5914
6459
6982
7519
8020
8557
8994
9512
10036
10557
11068
11596
12082
12611
13121
13652
14182
14715
15191
15652
16132
16671
17170
17743
18197
18712
19227
19738
20160
20605
20968
21346
21738
22228
22771
23268
23763
24234
24762
24871
0
TO:V,FS:2,FT:5,PC:45
0
380
971
1561
2144
2688
3299
3765
4300
4865
5484
6047
6662
7246
7850
8434
8960
9529
10107
10693
11280
11875
12505
13057
13631
14211
14788
15367
15921
16495
17104
17691
18228
18862
19442
19931
20446
20932
21333
21780
22375
22986
23585
24149
24778
24871
0
