The Subtle Art of Not Giving a F_ck
LH:244888,BH:39309,MH:317699
TO:V,FS:0,FT:0,PC:41
0
724
1742
2779
3805
4805
5764
6785
7788
8823
9731
10696
11674
12638
13635
14731
15752
16714
17597
18464
19336
20339
21350
22322
23372
24386
25383
26364
27247
28268
29266
30303
31299
32331
33311
34170
35064
36051
37062
38093
39096
39309
0
TO:V,FS:0,FT:1,PC:41
0
717
1691
2734
3756
4747
5772
6785
7836
8875
9785
10796
11787
12661
13747
14828
15837
16819
17695
18543
19449
20420
21455
22426
23498
24515
25542
26520
27401
28433
29411
30458
31421
32445
33416
34209
35172
36165
37160
38191
39204
39309
0
TO:V,FS:0,FT:2,PC:48
0
584
1436
2301
3132
4024
4807
5669
6504
7366
8184
9026
9769
10630
11523
12395
13113
13988
14866
15726
16593
17318
18187
18864
19770
20564
21350
22146
22992
23907
24782
25626
26448
27185
27997
28866
29658
30499
31370
32262
33163
33936
34672
35497
36314
37192
38018
38832
39309
0
TO:V,FS:0,FT:3,PC:40
0
724
1718
2692
3704
4694
5680
6668
7681
8665
9594
10587
11579
12608
13552
14679
15702
16700
17545
18369
19170
20240
21222
22269
23290
24334
25383
26418
27350
28383
29424
30483
31535
32622
33606
34478
35501
36528
37573
38610
39309
0
TO:V,FS:0,FT:4,PC:46
0
640
1510
2415
3264
4170
5023
5948
6878
7782
8680
9447
10290
11184
12072
12851
13817
14727
15645
16536
17274
18136
18864
19814
20711
21579
22456
23365
24238
25132
26024
26904
27656
28535
29350
30245
31158
32054
32958
33690
34525
35421
36306
37160
38067
38912
39309
0
TO:V,FS:0,FT:5,PC:42
0
688
1691
2726
3756
4734
5709
6634
7623
8602
9477
10425
11414
12395
13302
14376
15446
16407
17281
18239
18910
19880
20839
21821
22745
23747
24782
25699
26721
27606
28578
29515
30547
31529
32549
33517
34303
35273
36239
37206
38191
39148
39309
0
TO:V,FS:1,FT:0,PC:53
0
536
1285
2048
2825
3611
4365
5165
5948
6756
7510
8317
9055
9763
10520
11313
12072
12661
13490
14268
15123
15867
16636
17318
18136
18776
19513
20286
21066
21847
22591
23318
24102
24866
25662
26440
27089
27873
28662
29394
30194
30919
31699
32506
33287
33919
34573
35372
36153
36933
37698
38492
39248
39309
0
TO:V,FS:1,FT:1,PC:53
0
536
1329
2048
2825
3611
4365
5165
5902
6663
7425
8164
8917
9616
10374
11137
11906
12638
13403
14215
14993
15780
16536
17165
17907
18573
19246
20019
20772
21528
22322
23027
23786
24594
25354
26084
26855
27471
28218
28970
29718
30499
31237
32008
32772
33495
34148
34794
35582
36356
37109
37867
38616
39309
0
TO:V,FS:1,FT:2,PC:63
0
426
1095
1742
2404
3086
3724
4334
4977
5649
6285
6949
7589
8234
8875
9422
10088
10721
11376
12072
12638
13257
13932
14631
15316
15988
16636
17195
17764
18327
18839
19457
20082
20694
21309
21918
22527
23173
23821
24499
25114
25740
26343
26981
27544
28199
28794
29452
30123
30795
31421
32090
32764
33430
33962
34525
35144
35787
36440
37076
37712
38337
38976
39309
0
TO:V,FS:1,FT:3,PC:54
0
536
1334
2095
2825
3570
4289
5023
5810
6594
7395
8124
8875
9539
10290
11075
11837
12624
13284
14078
14866
15645
16395
17112
17722
18411
19053
19861
20606
21350
22103
22862
23623
24367
25132
25888
26623
27292
28043
28763
29482
30245
31067
31848
32622
33409
34023
34707
35445
36216
36933
37721
38449
39169
39309
0
TO:V,FS:1,FT:4,PC:63
0
461
1117
1740
2365
3019
3665
4289
4932
5605
6225
6905
7543
8150
8774
9337
9995
10625
11292
11962
12593
13174
13842
14560
15258
15907
16536
17109
17624
18252
18768
19340
19996
20606
21244
21876
22520
23156
23806
24451
25094
25740
26380
27015
27606
28218
28866
29477
30144
30781
31400
32008
32674
33311
33825
34400
35043
35652
36314
36933
37604
38243
38832
39309
0
TO:V,FS:1,FT:5,PC:54
0
515
1285
2048
2779
3570
4334
5110
5902
6663
7425
8164
8917
9611
10329
11060
11817
12514
13186
13978
14813
15575
16348
17112
17722
18369
19001
19752
20496
21222
21960
22689
23431
24226
24991
25748
26486
27131
27868
28614
29337
30133
30872
31652
32445
33195
33780
34465
35198
35962
36707
37466
38216
38976
39309
0
TO:V,FS:2,FT:0,PC:68
0
383
998
1593
2197
2779
3401
4021
4593
5206
5797
6393
7027
7611
8184
8774
9298
9906
10500
11137
11723
12345
12847
13482
14146
14801
15416
15988
16593
17149
17624
18225
18653
19142
19770
20353
20897
21504
22103
22681
23271
23893
24483
25094
25699
26310
26893
27401
27989
28599
29201
29771
30406
30986
31569
32158
32756
33349
33825
34352
34917
35520
36124
36743
37323
37898
38457
39012
39309
0
TO:V,FS:2,FT:1,PC:69
0
383
961
1552
2124
2708
3315
3946
4521
5137
5717
6310
6905
7503
8075
8657
9217
9813
10377
10963
11561
12191
12694
13339
13978
14560
15180
15780
16345
16870
17318
17907
18404
18864
19459
20064
20592
21166
21771
22361
22921
23507
24081
24678
25287
25858
26459
27015
27568
28148
28754
29327
29941
30537
31131
31724
32331
32909
33473
33946
34478
35064
35652
36278
36815
37445
38071
38603
39128
39309
0
TO:V,FS:2,FT:2,PC:83
0
265
761
1266
1769
2296
2779
3278
3793
4271
4759
5261
5752
6259
6785
7268
7748
8220
8713
9192
9616
10104
10602
11122
11583
12072
12531
12963
13471
13973
14502
15027
15522
15988
16474
16937
17318
17816
18252
18678
19094
19597
20060
20517
21001
21484
21946
22426
22930
23424
23924
24408
24889
25383
25888
26343
26840
27233
27688
28191
28673
29175
29676
30180
30675
31150
31625
32117
32622
33086
33517
33929
34337
34839
35349
35829
36314
36780
37277
37765
38212
38679
39156
39309
0
TO:V,FS:2,FT:3,PC:70
0
392
961
1537
2129
2726
3278
3866
4407
5016
5628
6155
6777
7344
7911
8461
9032
9536
10104
10662
11259
11869
12434
12934
13539
14146
14759
15333
15907
16466
17059
17480
18089
18530
18983
19566
20150
20683
21244
21810
22361
22967
23547
24122
24678
25281
25858
26424
27015
27527
28070
28662
29201
29771
30368
30906
31500
32090
32674
33253
33690
34209
34802
35379
35928
36511
37100
37690
38254
38812
39309
0
TO:V,FS:2,FT:4,PC:78
0
321
860
1370
1871
2365
2882
3432
3971
4491
5041
5566
6081
6597
7081
7571
8036
8534
9078
9539
10046
10549
11117
11653
12211
12661
13216
13771
14303
14880
15394
15926
16442
16926
17318
17846
18313
18705
19120
19635
20158
20657
21185
21726
22235
22745
23256
23797
24334
24853
25346
25874
26380
26893
27314
27785
28319
28843
29383
29901
30458
30967
31513
32040
32590
33076
33576
34058
34470
34979
35482
36019
36548
37047
37583
38106
38630
39109
39309
0
TO:V,FS:2,FT:5,PC:69
0
419
1009
1593
2197
2779
3397
4012
4593
5206
5797
6393
7024
7611
8184
8768
9262
9856
10406
11013
11599
12228
12661
13287
13932
14555
15180
15780
16385
16949
17355
17932
18436
18864
19449
20024
20585
21166
21731
22322
22895
23502
24122
24720
25328
25936
26493
27058
27597
28169
28754
29327
29918
30499
31086
31694
32276
32872
33465
33903
34395
34960
35558
36148
36702
37246
37845
38382
38936
39309
0
