The Subtle Art of Not Giving a F_ck
LH:284197,BH:31278,MH:317699
TO:V,FS:0,FT:0,PC:33
0
672
1640
2573
3578
4611
5587
6611
7656
8535
9477
10429
11363
12288
13197
14159
15235
16103
17098
18085
19108
20139
21106
22089
23148
24112
25120
26172
27257
28210
29179
30123
30980
31278
0
TO:V,FS:0,FT:1,PC:33
0
615
1591
2521
3523
4562
5538
6611
7656
8535
9485
10429
11363
12288
13205
14159
15235
16157
17152
18139
19161
20196
21169
22202
23228
24238
25282
26344
27390
28332
29340
30284
31141
31278
0
TO:V,FS:0,FT:2,PC:39
0
510
1311
2163
2964
3787
4642
5538
6423
7307
8057
8842
9658
10429
11192
11981
12768
13502
14304
15222
15960
16798
17630
18473
19312
20080
20897
21714
22508
23325
24177
25034
25904
26766
27663
28482
29306
30116
30870
31278
0
TO:V,FS:0,FT:3,PC:32
0
627
1540
2471
3473
4514
5587
6673
7678
8550
9545
10472
11423
12312
13245
14159
15263
16157
17156
18162
19161
20192
21169
22217
23228
24238
25325
26398
27444
28387
29408
30356
31278
0
TO:V,FS:0,FT:4,PC:37
0
588
1416
2257
3098
3968
4872
5774
6688
7595
8361
9239
10161
10909
11733
12561
13348
14242
15139
15950
16831
17691
18559
19432
20311
21158
21979
22885
23749
24691
25610
26566
27423
28276
29179
30059
30864
31278
0
TO:V,FS:0,FT:5,PC:34
0
615
1536
2471
3464
4442
5467
6423
7448
8314
9287
10274
11135
12008
12925
13801
14815
15710
16640
17630
18653
19611
20529
21441
22403
23334
24283
25322
26287
27334
28276
29232
30174
31027
31278
0
TO:V,FS:1,FT:0,PC:43
0
491
1238
1963
2675
3379
4192
4964
5705
6536
7320
7995
8703
9467
10249
10890
11570
12260
12925
13563
14319
15108
15798
16584
17340
18123
18884
19705
20499
21169
21930
22741
23465
24261
25062
25859
26646
27423
28186
28955
29745
30439
31137
31278
0
TO:V,FS:1,FT:1,PC:43
0
491
1231
1920
2587
3294
4045
4777
5538
6309
7102
7895
8504
9230
10013
10696
11382
12053
12693
13348
14069
14851
15617
16272
16991
17772
18559
19344
20126
20888
21585
22305
23112
23797
24628
25404
26234
27030
27807
28545
29259
29956
30703
31278
0
TO:V,FS:1,FT:2,PC:51
0
360
1037
1604
2242
2856
3504
4160
4817
5486
6141
6837
7484
8039
8681
9287
9948
10503
11055
11611
12204
12768
13324
13912
14574
15201
15755
16396
17031
17630
18233
18875
19519
20170
20826
21417
22056
22711
23309
23933
24586
25240
25904
26572
27223
27890
28496
29164
29813
30385
30969
31278
0
TO:V,FS:1,FT:3,PC:44
0
496
1238
1920
2651
3345
4101
4872
5628
6404
7142
7913
8594
9325
10110
10741
11423
12096
12752
13348
14105
14860
15655
16316
17040
17772
18513
19246
20015
20793
21398
22114
22885
23618
24406
25191
26003
26766
27508
28245
29003
29785
30482
31137
31278
0
TO:V,FS:1,FT:4,PC:51
0
436
1110
1680
2340
2970
3574
4245
4886
5538
6215
6876
7503
8057
8631
9239
9864
10463
11009
11561
12138
12705
13245
13827
14507
15156
15710
16348
16950
17612
18233
18912
19564
20156
20798
21391
22041
22689
23297
23933
24599
25240
25950
26636
27273
27874
28496
29136
29813
30420
30980
31278
0
TO:V,FS:1,FT:5,PC:43
0
491
1238
1920
2630
3337
4132
4915
5661
6441
7214
7913
8594
9317
10046
10651
11333
11984
12658
13330
14018
14808
15557
16215
16962
17741
18500
19242
20001
20798
21476
22211
22977
23706
24525
25310
26124
26897
27685
28466
29209
29956
30710
31278
0
TO:V,FS:2,FT:0,PC:55
0
360
994
1523
2147
2751
3289
3895
4482
5077
5679
6294
6911
7503
8021
8550
9118
9715
10294
10779
11290
11796
12319
12840
13348
13943
14536
15139
15710
16310
16869
17499
18080
18730
19339
19900
20471
21040
21627
22208
22807
23373
23965
24557
25160
25813
26476
27068
27663
28265
28842
29408
29946
30555
31067
31278
0
TO:V,FS:2,FT:1,PC:56
0
360
954
1483
2071
2638
3206
3776
4362
4926
5538
6146
6775
7338
7913
8394
8948
9528
10144
10651
11155
11664
12159
12638
13146
13700
14262
14878
15464
15934
16537
17070
17676
18276
18912
19519
20080
20706
21201
21809
22396
22997
23528
24094
24703
25322
25950
26598
27188
27758
28317
28888
29447
29938
30513
31027
31278
0
TO:V,FS:2,FT:2,PC:67
0
283
754
1227
1669
2147
2622
3081
3551
4050
4548
5027
5521
6031
6536
7055
7538
7953
8388
8842
9335
9818
10324
10717
11132
11549
11975
12408
12819
13216
13649
14147
14656
15149
15645
16061
16556
17060
17561
18048
18584
19084
19564
20033
20516
20982
21450
21930
22448
22945
23407
23890
24377
24878
25384
25904
26380
26873
27370
27826
28311
28823
29306
29791
30255
30710
31128
31278
0
TO:V,FS:2,FT:3,PC:57
0
360
954
1483
2071
2642
3189
3735
4320
4894
5493
6108
6698
7279
7850
8314
8872
9414
9981
10489
10971
11458
11972
12471
12968
13431
14031
14634
15235
15745
16310
16875
17463
18002
18608
19194
19772
20308
20888
21441
22007
22570
23160
23697
24287
24883
25497
26107
26718
27273
27796
28362
28911
29507
30066
30606
31089
31278
0
TO:V,FS:2,FT:4,PC:63
0
344
817
1297
1828
2326
2834
3357
3869
4378
4869
5401
5956
6484
7010
7484
7913
8350
8872
9404
9958
10457
10901
11341
11744
12182
12616
13035
13452
13943
14444
14981
15505
15960
16477
16962
17475
17971
18500
19064
19564
20066
20614
21143
21603
22098
22639
23145
23618
24126
24655
25191
25746
26303
26831
27370
27885
28413
28911
29424
29900
30411
30885
31278
0
TO:V,FS:2,FT:5,PC:56
0
399
981
1523
2110
2713
3239
3816
4396
5003
5579
6176
6797
7398
7953
8504
9049
9645
10215
10696
11221
11733
12228
12741
13223
13748
14330
14905
15505
15991
16584
17190
17772
18388
19028
19600
20116
20729
21242
21858
22413
22997
23564
24126
24738
25350
25983
26583
27171
27758
28351
28947
29543
30082
30649
31170
31278
0
