TO:V,FS:0,FT:0,PC:20
0
822
1884
2882
4297
5556
6869
8148
9306
10574
11781
13029
14113
15167
16607
17859
19137
20552
22018
23243
24338
0
TO:V,FS:0,FT:1,PC:20
0
822
1884
2890
4297
5556
6877
8208
9329
10628
11831
13079
14131
15229
16628
17917
19195
20613
22075
23305
24338
0
TO:V,FS:0,FT:2,PC:21
0
822
1830
2773
4121
5325
6575
7851
8953
10151
11332
12509
13657
14637
15799
17159
18369
19614
20947
22306
23485
24338
0
TO:V,FS:1,FT:0,PC:26
0
686
1522
2318
3201
4266
5295
6286
7270
8338
9204
10141
11055
11965
12870
13696
14629
15526
16583
17539
18540
19568
20665
21727
22658
23687
24338
0
TO:V,FS:1,FT:1,PC:26
0
686
1485
2281
3201
4266
5295
6230
7165
8238
9125
10074
10973
11893
12834
13696
14629
15526
16619
17547
18540
19523
20613
21689
22557
23589
24338
0
TO:V,FS:1,FT:2,PC:27
0
686
1485
2269
3078
4066
5130
6035
7003
7946
8835
9674
10574
11421
12281
13141
14011
14818
15724
16732
17652
18589
19579
20613
21643
22508
23485
24338
0
TO:V,FS:2,FT:0,PC:34
0
584
1268
1830
2449
3162
4007
4856
5573
6286
7107
7851
8604
9265
9966
10653
11358
12018
12703
13355
14011
14637
15298
16097
16892
17631
18433
19129
19933
20741
21561
22360
23044
23784
24338
0
TO:V,FS:2,FT:1,PC:34
0
543
1234
1830
2449
3162
4007
4856
5587
6286
7107
7866
8604
9265
9980
10693
11372
12064
12741
13399
14047
14675
15301
16110
16934
17688
18478
19177
20031
20823
21643
22400
23171
23840
24338
0
TO:V,FS:2,FT:2,PC:35
0
543
1182
1780
2364
3023
3825
4668
5404
6179
6896
7547
8355
9002
9709
10391
11090
11781
12462
13129
13741
14377
15008
15737
16522
17292
18103
18745
19568
20377
21154
21982
22630
23407
24061
24338
0
TO:H,FS:0,FT:0,PC:21
0
757
1669
2664
4053
5325
6508
7725
8916
10167
11505
12792
13928
15076
16403
17679
18921
20374
21805
23048
24254
24338
0
TO:H,FS:0,FT:1,PC:21
0
771
1805
2746
4053
5325
6508
7732
8844
10079
11307
12509
13657
14735
15877
17239
18540
19842
21199
22457
23739
24338
0
TO:H,FS:0,FT:2,PC:21
0
686
1604
2595
3902
5295
6364
7581
8798
9943
11175
12374
13624
14604
15774
17159
18410
19622
20964
22400
23716
24338
0
TO:H,FS:1,FT:0,PC:27
0
621
1414
2222
3054
4082
5147
6043
7003
7901
8773
9664
10605
11541
12498
13381
14131
14930
15865
16959
17885
18745
19739
20799
21859
22776
23739
24338
0
TO:H,FS:1,FT:1,PC:27
0
625
1414
2222
3054
4082
5154
6043
7003
7901
8773
9664
10605
11541
12498
13438
14193
14988
15936
17020
17956
18812
19882
20890
21992
22877
23800
24338
0
TO:H,FS:1,FT:2,PC:29
0
550
1285
1985
2785
3700
4689
5519
6350
7234
8218
8966
9840
10693
11601
12498
13369
14120
14845
15694
16693
17555
18516
19281
20286
21283
22316
23133
23992
24338
0
TO:H,FS:2,FT:0,PC:34
0
427
1095
1669
2269
2877
3710
4537
5295
6058
6735
7445
8261
8844
9576
10307
11023
11776
12477
13201
13816
14436
15094
15799
16628
17351
18156
18852
19678
20540
21358
22176
22868
23711
24338
0
TO:H,FS:2,FT:1,PC:34
0
427
1095
1669
2269
2877
3710
4537
5295
6069
6801
7503
8319
8904
9633
10361
11072
11826
12509
13249
13928
14525
15167
15972
16795
17513
18310
19018
19842
20669
21531
22360
23044
23800
24338
0
TO:H,FS:2,FT:2,PC:35
0
427
1057
1654
2222
2824
3656
4481
5295
6012
6688
7337
8148
8818
9481
10202
10936
11674
12377
13110
13696
14360
15028
15708
16535
17239
17956
18616
19468
20301
21122
21948
22569
23369
24029
24338
0
