TO:V,FS:0,FT:0,PC:18
0
621
1831
2925
4135
5214
6428
7542
8752
9957
11098
12482
13684
14732
16107
17487
18812
20099
20197
0
TO:V,FS:0,FT:1,PC:18
0
621
1831
2925
4135
5274
6428
7542
8779
10011
11159
12498
13741
14791
16107
17487
18812
20114
20197
0
TO:V,FS:0,FT:2,PC:18
0
621
1772
2863
3918
4966
6113
7146
8339
9479
10617
11713
12889
14112
15204
16449
17714
19047
20197
0
TO:V,FS:1,FT:0,PC:23
0
521
1491
2318
3171
4083
4966
5892
6730
7655
8599
9479
10373
11244
12371
13344
14315
15082
16107
17086
18073
19096
20132
20197
0
TO:V,FS:1,FT:1,PC:23
0
521
1491
2318
3171
4083
4966
5895
6730
7655
8599
9479
10373
11244
12371
13344
14315
15044
16107
17086
18073
19096
20132
20197
0
TO:V,FS:1,FT:2,PC:24
0
521
1442
2271
3034
3887
4742
5568
6428
7285
8130
9003
9847
10651
11503
12498
13442
14352
15082
16107
17038
17972
19022
19927
20197
0
TO:V,FS:2,FT:0,PC:30
0
426
1186
1874
2540
3150
3792
4477
5137
5820
6473
7119
7780
8440
9097
9804
10510
11142
11886
12673
13392
14099
14732
15472
16242
17006
17755
18555
19285
20099
20197
0
TO:V,FS:2,FT:1,PC:30
0
426
1186
1874
2540
3150
3792
4461
5093
5787
6473
7119
7780
8440
9097
9804
10510
11142
11886
12673
13392
14102
14732
15472
16247
17006
17755
18555
19285
20099
20197
0
TO:V,FS:2,FT:2,PC:30
0
377
1142
1838
2508
3105
3751
4432
5051
5749
6428
7082
7743
8404
9064
9752
10479
11098
11843
12673
13392
14099
14732
15472
16247
17006
17755
18555
19285
20099
20197
0
TO:H,FS:0,FT:0,PC:18
0
521
1668
2863
4083
5214
6428
7618
8848
10011
11173
12498
13779
14732
16035
17312
18508
19712
20197
0
TO:H,FS:0,FT:1,PC:19
0
521
1602
2742
3851
4966
6134
7111
8284
9479
10588
11713
12889
14056
15076
16273
17609
18812
19953
20197
0
TO:H,FS:0,FT:2,PC:19
0
521
1602
2742
3851
4966
6124
7111
8284
9479
10588
11703
12889
14056
15068
16273
17609
18812
19945
20197
0
TO:H,FS:1,FT:0,PC:23
0
463
1332
2097
2937
3835
4742
5565
6428
7271
8141
9024
9933
10714
11576
12691
13587
14488
15325
16273
17383
18300
19238
20197
0
TO:H,FS:1,FT:1,PC:23
0
463
1332
2097
2937
3835
4742
5565
6428
7271
8141
9024
9933
10714
11576
12691
13651
14488
15337
16273
17383
18300
19238
20197
0
TO:H,FS:1,FT:2,PC:25
0
401
1207
1923
2742
3504
4344
5166
6017
6657
7488
8349
9199
10011
10832
11649
12691
13587
14450
15149
16107
17052
17911
18909
19762
20197
0
TO:H,FS:2,FT:0,PC:30
0
339
1010
1685
2371
2937
3606
4283
4946
5568
6310
6910
7590
8284
9024
9708
10430
11098
11831
12673
13333
14056
14718
15355
16107
16846
17609
18390
19164
19917
20197
0
TO:H,FS:2,FT:1,PC:30
0
339
1010
1691
2371
2937
3606
4283
4946
5568
6313
6910
7590
8284
9024
9708
10380
11081
11713
12557
13228
14004
14612
15256
16078
16776
17572
18273
19047
19794
20197
0
TO:H,FS:2,FT:2,PC:30
0
306
847
1528
2245
2863
3477
4135
4828
5478
6211
6807
7488
8217
8931
9591
10286
10981
11649
12459
13105
13942
14557
15195
16017
16717
17522
18216
19047
19802
20197
0
