TO:V,FS:0,FT:0,PC:8
0
889
2071
3251
4460
5540
6878
8080
8346
0
TO:V,FS:0,FT:1,PC:8
0
889
2071
3251
4460
5609
6941
8135
8346
0
TO:V,FS:0,FT:2,PC:8
0
889
2017
3130
4360
5375
6586
7824
8346
0
TO:V,FS:1,FT:0,PC:10
0
654
1473
2454
3424
4360
5204
6242
7243
8203
8346
0
TO:V,FS:1,FT:1,PC:10
0
654
1473
2505
3476
4360
5204
6242
7255
8207
8346
0
TO:V,FS:1,FT:2,PC:10
0
654
1432
2349
3266
4125
4975
5809
6724
7631
8346
0
TO:V,FS:2,FT:0,PC:13
0
599
1158
1820
2522
3201
3955
4614
5204
6011
6711
7461
8125
8346
0
TO:V,FS:2,FT:1,PC:13
0
557
1139
1776
2476
3159
3955
4614
5204
6011
6711
7480
8217
8346
0
TO:V,FS:2,FT:2,PC:13
0
557
1139
1776
2432
3067
3880
4512
5148
5833
6551
7282
7900
8346
0
TO:H,FS:0,FT:0,PC:8
0
728
1793
2999
3990
5140
6242
7480
8346
0
TO:H,FS:0,FT:1,PC:8
0
734
1793
2999
3990
5140
6242
7480
8346
0
TO:H,FS:0,FT:2,PC:8
0
654
1717
2926
3990
5134
6242
7480
8346
0
TO:H,FS:1,FT:0,PC:10
0
608
1404
2244
3067
3990
4903
5723
6683
7538
8346
0
TO:H,FS:1,FT:1,PC:10
0
608
1404
2244
3067
3990
4903
5723
6683
7538
8346
0
TO:H,FS:1,FT:2,PC:11
0
608
1347
2201
3011
3955
4729
5516
6356
7315
8154
8346
0
TO:H,FS:2,FT:0,PC:13
0
472
1081
1714
2411
3130
3955
4574
5148
5885
6574
7396
8065
8346
0
TO:H,FS:2,FT:1,PC:13
0
484
1081
1714
2411
3130
3955
4574
5148
5885
6579
7396
8065
8346
0
TO:H,FS:2,FT:2,PC:13
0
484
1031
1592
2300
3011
3720
4360
4981
5587
6242
6953
7591
8346
0
