TO:V,FS:0,FT:0,PC:10
0
943
2368
3514
4646
5646
6670
7827
8817
9841
10433
0
TO:V,FS:0,FT:1,PC:10
0
943
2368
3521
4646
5646
6728
7933
8908
9994
10433
0
TO:V,FS:0,FT:2,PC:10
0
883
2243
3338
4415
5436
6519
7482
8468
9464
10433
0
TO:V,FS:1,FT:0,PC:13
0
692
1768
2777
3638
4508
5378
6320
7112
7965
8744
9541
10326
10433
0
TO:V,FS:1,FT:1,PC:12
0
692
1768
2777
3638
4514
5384
6324
7112
8005
8761
9562
10433
0
TO:V,FS:1,FT:2,PC:13
0
601
1668
2707
3466
4184
5112
5857
6706
7516
8307
8992
9771
10433
0
TO:V,FS:2,FT:0,PC:16
0
439
1242
2070
2834
3536
4174
4993
5548
6255
6858
7516
8210
8761
9337
9954
10433
0
TO:V,FS:2,FT:1,PC:16
0
439
1242
2070
2834
3536
4174
4993
5548
6255
6858
7516
8210
8761
9337
9954
10433
0
TO:V,FS:2,FT:2,PC:16
0
439
1252
2070
2834
3536
4174
4982
5548
6244
6844
7482
8184
8707
9282
9841
10433
0
TO:H,FS:0,FT:0,PC:10
0
715
2183
3186
4215
5257
6419
7328
8350
9413
10433
0
TO:H,FS:0,FT:1,PC:11
0
715
2127
3108
4132
5186
6279
7136
8253
9212
10175
10433
0
TO:H,FS:0,FT:2,PC:11
0
715
2118
3108
4132
5186
6201
7123
8210
9083
10123
10433
0
TO:H,FS:1,FT:0,PC:13
0
479
1492
2581
3356
4132
5062
5802
6624
7482
8253
8999
9709
10433
0
TO:H,FS:1,FT:1,PC:13
0
479
1492
2581
3356
4132
5062
5802
6624
7542
8321
9052
9724
10433
0
TO:H,FS:1,FT:2,PC:14
0
413
1367
2381
3108
3966
4803
5394
6255
6858
7681
8350
9052
9709
10433
0
TO:H,FS:2,FT:0,PC:17
0
347
1214
2039
2777
3397
4026
4751
5302
5918
6595
7220
7919
8465
9083
9709
10290
10433
0
TO:H,FS:2,FT:1,PC:17
0
347
1214
2059
2777
3397
4026
4810
5338
5975
6624
7305
8014
8557
9180
9779
10404
10433
0
TO:H,FS:2,FT:2,PC:17
0
347
1214
2039
2777
3322
3987
4692
5257
5862
6539
7176
7865
8398
8999
9607
10175
10433
0
