TO:V,FS:0,FT:0,PC:17
0
992
2217
3431
4844
6067
7435
8788
10033
10847
11608
12474
13246
14111
14919
15876
16980
17813
0
TO:V,FS:0,FT:1,PC:17
0
1049
2217
3431
4844
6067
7435
8797
10033
10847
11608
12487
13300
14136
14950
15925
17037
17813
0
TO:V,FS:0,FT:2,PC:18
0
983
2170
3247
4461
5570
6887
8167
9530
10374
11137
11989
12724
13507
14401
15119
16153
17170
17813
0
TO:V,FS:1,FT:0,PC:22
0
717
1762
2535
3406
4409
5268
6365
7425
8439
9471
10265
10857
11442
12216
12832
13507
14250
14861
15614
16358
17278
17813
0
TO:V,FS:1,FT:1,PC:22
0
728
1762
2519
3371
4357
5165
6260
7337
8439
9488
10215
10857
11442
12216
12832
13551
14281
14919
15668
16397
17323
17813
0
TO:V,FS:1,FT:2,PC:23
0
680
1666
2434
3240
4161
5051
6001
7026
8032
9057
9907
10569
11188
11769
12428
13064
13747
14448
14996
15700
16440
17323
17813
0
TO:V,FS:2,FT:0,PC:28
0
523
1298
1983
2638
3303
3993
4778
5444
6248
7026
7853
8648
9481
10067
10604
11109
11608
12207
12705
13246
13812
14347
14848
15383
15951
16542
17170
17813
0
TO:V,FS:2,FT:1,PC:28
0
523
1298
1983
2638
3303
4050
4844
5570
6384
7163
7967
8777
9611
10199
10695
11217
11707
12316
12832
13438
13994
14530
14991
15594
16244
16880
17542
17813
0
TO:V,FS:2,FT:2,PC:29
0
523
1269
1939
2595
3268
3952
4754
5348
6168
6961
7759
8554
9398
10033
10569
11071
11573
12140
12666
13238
13775
14316
14811
15336
15864
16471
17107
17780
17813
0
TO:H,FS:0,FT:0,PC:18
0
832
2014
3193
4487
5617
7026
8414
9743
10523
11308
12100
12832
13588
14460
15119
16133
17200
17813
0
TO:H,FS:0,FT:1,PC:18
0
832
2014
3143
4366
5467
6810
8173
9560
10342
11137
11895
12555
13318
14111
14861
15700
16689
17813
0
TO:H,FS:0,FT:2,PC:18
0
758
1939
3078
4268
5392
6655
8032
9486
10304
11137
11895
12555
13318
14111
14861
15700
16689
17813
0
TO:H,FS:1,FT:0,PC:23
0
587
1636
2391
3253
4219
5147
6080
7090
8136
9145
10033
10620
11217
11854
12487
13064
13747
14387
14919
15649
16335
17175
17813
0
TO:H,FS:1,FT:1,PC:23
0
587
1636
2391
3253
4224
5147
6080
7090
8144
9180
10033
10620
11217
11854
12487
13064
13747
14393
14919
15700
16440
17278
17813
0
TO:H,FS:1,FT:2,PC:25
0
532
1500
2217
3052
3827
4801
5525
6517
7468
8403
9378
10067
10678
11137
11667
12376
12900
13507
14136
14745
15383
16077
16734
17621
17813
0
TO:H,FS:2,FT:0,PC:29
0
463
1255
1939
2582
3247
3993
4793
5392
6172
7005
7797
8620
9462
10067
10620
11071
11442
12042
12487
12999
13438
13994
14474
14919
15464
16143
16701
17374
17813
0
TO:H,FS:2,FT:1,PC:29
0
463
1255
1939
2582
3247
3993
4801
5392
6172
7005
7797
8620
9471
10067
10620
11071
11442
12042
12487
12999
13438
13994
14474
14919
15464
16153
16734
17422
17813
0
TO:H,FS:2,FT:2,PC:30
0
459
1221
1917
2465
3117
3827
4628
5165
5948
6775
7573
8399
9242
9862
10374
10857
11298
11776
12291
12724
13200
13732
14208
14629
15119
15700
16284
16980
17667
17813
0
