TO:V,FS:0,FT:0,PC:12
0
870
2232
3321
4334
5562
6639
7674
8757
9979
11096
12188
12528
0
TO:V,FS:0,FT:1,PC:12
0
870
2232
3321
4334
5610
6687
7770
8860
10006
11199
12276
12528
0
TO:V,FS:0,FT:2,PC:12
0
808
2117
3178
4208
5308
6389
7469
8446
9587
10648
11691
12528
0
TO:V,FS:1,FT:0,PC:15
0
626
1717
2675
3512
4226
5162
6111
7012
7785
8599
9503
10341
11266
12069
12528
0
TO:V,FS:1,FT:1,PC:15
0
626
1717
2688
3549
4278
5205
6111
7001
7785
8638
9548
10387
11311
12163
12528
0
TO:V,FS:1,FT:2,PC:16
0
580
1614
2525
3348
4130
4904
5794
6621
7469
8309
9121
9992
10763
11653
12471
12528
0
TO:V,FS:2,FT:0,PC:20
0
550
1292
2100
2740
3431
4022
4636
5323
6027
6604
7295
7919
8518
9191
9867
10498
11183
11808
12488
12528
0
TO:V,FS:2,FT:1,PC:20
0
512
1292
2100
2740
3431
4022
4644
5323
5990
6565
7254
7875
8483
9171
9828
10463
11146
11771
12450
12528
0
TO:V,FS:2,FT:2,PC:20
0
512
1244
2059
2694
3363
3979
4605
5282
5953
6527
7215
7835
8446
9133
9815
10418
11096
11691
12376
12528
0
TO:H,FS:0,FT:0,PC:12
0
731
2135
3107
4208
5398
6490
7572
8661
9961
11025
12135
12528
0
TO:H,FS:0,FT:1,PC:12
0
731
2059
3107
4208
5331
6409
7488
8472
9731
10688
11766
12528
0
TO:H,FS:0,FT:2,PC:12
0
731
2059
3107
4208
5331
6344
7469
8341
9587
10553
11691
12528
0
TO:H,FS:1,FT:0,PC:15
0
580
1583
2501
3386
4170
4974
5932
6786
7572
8341
9251
10095
11000
11820
12528
0
TO:H,FS:1,FT:1,PC:15
0
580
1583
2501
3386
4208
5099
6049
6898
7693
8461
9372
10155
11055
11876
12528
0
TO:H,FS:1,FT:2,PC:16
0
512
1441
2381
3191
3958
4636
5536
6322
7240
7942
8661
9544
10274
11113
11876
12528
0
TO:H,FS:2,FT:0,PC:19
0
461
1111
1962
2662
3321
3979
4631
5354
6065
6687
7405
7933
8542
9244
9967
10553
11275
11899
12528
0
TO:H,FS:2,FT:1,PC:19
0
470
1111
1962
2662
3321
3979
4631
5363
6111
6774
7469
8075
8661
9391
10063
10717
11421
12033
12528
0
TO:H,FS:2,FT:2,PC:20
0
461
1087
1907
2546
3216
3958
4477
5174
5859
6480
7155
7719
8341
9040
9791
10394
11087
11691
12430
12528
0
