TO:V,FS:0,FT:0,PC:15
0
921
2039
3357
4331
5593
6692
7998
9188
10203
11327
12405
13545
14673
16059
16857
0
TO:V,FS:0,FT:1,PC:15
0
921
2039
3357
4331
5593
6692
7998
9188
10203
11327
12405
13555
14673
16059
16857
0
TO:V,FS:0,FT:2,PC:16
0
875
1989
3245
4283
5494
6525
7766
8969
10063
11158
12079
13128
14303
15525
16809
16857
0
TO:V,FS:1,FT:0,PC:19
0
660
1564
2473
3424
4283
5185
6030
7131
8029
8948
9760
10598
11440
12374
13110
14014
15031
16054
16857
0
TO:V,FS:1,FT:1,PC:19
0
660
1564
2421
3424
4283
5143
5982
7083
7931
8848
9678
10541
11399
12324
13077
14014
15031
16107
16857
0
TO:V,FS:1,FT:2,PC:20
0
612
1473
2270
3293
4053
4894
5789
6710
7616
8492
9360
10149
11099
11838
12716
13541
14464
15400
16398
16857
0
TO:V,FS:2,FT:0,PC:24
0
568
1244
1927
2647
3424
4125
4839
5494
6101
6893
7593
8285
9071
9705
10405
11099
11701
12390
13022
13804
14522
15229
16050
16857
0
TO:V,FS:2,FT:1,PC:24
0
568
1244
1927
2647
3424
4125
4839
5494
6101
6893
7593
8285
9071
9705
10405
11099
11701
12397
13022
13850
14566
15319
16136
16857
0
TO:V,FS:2,FT:2,PC:25
0
533
1171
1849
2503
3331
3954
4680
5380
5928
6722
7417
8164
8898
9560
10149
10877
11517
12172
12843
13586
14316
15018
15811
16605
16857
0
TO:H,FS:0,FT:0,PC:16
0
760
1989
3220
4254
5276
6303
7488
8649
9705
10746
11772
12896
14014
15275
16745
16857
0
TO:H,FS:0,FT:1,PC:16
0
780
1945
3077
4107
5129
6158
7417
8574
9705
10673
11657
12720
13903
14907
16303
16857
0
TO:H,FS:0,FT:2,PC:16
0
760
1945
3077
4110
5129
6155
7417
8574
9705
10673
11657
12720
13903
14907
16303
16857
0
TO:H,FS:1,FT:0,PC:20
0
568
1430
2134
3172
3954
4855
5662
6427
7417
8385
9205
10103
10797
11577
12349
13022
14014
14928
16005
16857
0
TO:H,FS:1,FT:1,PC:20
0
568
1430
2134
3176
3954
4855
5662
6427
7417
8318
9205
10103
10797
11577
12364
13090
14014
14928
16005
16857
0
TO:H,FS:1,FT:2,PC:21
0
568
1385
2066
3047
3918
4657
5494
6122
7126
7938
8823
9627
10338
11158
11762
12518
13274
14148
14994
15995
16857
0
TO:H,FS:2,FT:0,PC:25
0
486
1136
1784
2414
3236
3918
4563
5224
5842
6522
7355
8108
8815
9497
10124
10768
11360
11957
12641
13260
14014
14728
15562
16386
16857
0
TO:H,FS:2,FT:1,PC:25
0
486
1140
1784
2473
3293
3918
4563
5243
5842
6522
7355
8114
8815
9497
10124
10768
11414
12017
12691
13316
14014
14731
15573
16386
16857
0
TO:H,FS:2,FT:2,PC:26
0
468
1086
1741
2343
3185
3808
4331
4950
5662
6202
7042
7698
8309
9134
9705
10374
11099
11586
12286
12909
13586
14292
15018
15842
16633
16857
0
