TO:V,FS:0,FT:0,PC:16
0
842
2068
3129
4321
5265
6479
7644
8591
9804
10839
11992
13289
14436
15375
16430
17222
0
TO:V,FS:0,FT:1,PC:16
0
842
2068
3129
4321
5265
6479
7644
8591
9804
10839
11992
13298
14436
15375
16430
17222
0
TO:V,FS:0,FT:2,PC:17
0
790
1945
3020
4151
5027
6284
7318
8201
9284
10374
11330
12418
13674
14756
15668
16780
17222
0
TO:V,FS:1,FT:0,PC:21
0
667
1471
2478
3332
4275
4973
5871
6696
7533
8388
9223
10089
10891
11728
12652
13642
14554
15277
16083
17069
17222
0
TO:V,FS:1,FT:1,PC:21
0
667
1471
2478
3332
4275
4973
5871
6702
7533
8388
9223
10089
10891
11728
12663
13646
14554
15226
16037
17021
17222
0
TO:V,FS:1,FT:2,PC:22
0
624
1408
2318
3124
3969
4701
5472
6382
7201
7934
8749
9570
10396
11142
11920
12812
13751
14577
15226
16037
16976
17222
0
TO:V,FS:2,FT:0,PC:26
0
532
1160
1821
2504
3154
3854
4561
5066
5767
6479
7172
7807
8503
9211
9857
10549
11160
11839
12528
13298
14042
14691
15186
15854
16565
17222
0
TO:V,FS:2,FT:1,PC:26
0
510
1124
1782
2462
3154
3854
4571
5066
5767
6479
7188
7807
8503
9223
9950
10589
11214
11940
12667
13450
14236
14835
15357
15981
16736
17222
0
TO:V,FS:2,FT:2,PC:26
0
498
1124
1782
2417
3043
3714
4399
4964
5607
6337
7024
7638
8223
8870
9632
10278
10881
11559
12330
13085
13808
14505
15058
15714
16430
17222
0
TO:H,FS:0,FT:0,PC:17
0
728
1856
2952
4201
4973
6232
7206
8220
9223
10229
11160
12330
13495
14706
15495
16581
17222
0
TO:H,FS:0,FT:1,PC:17
0
728
1779
2884
3969
4821
6021
7072
8083
8952
9941
10839
11890
13064
14236
15058
16017
17222
0
TO:H,FS:0,FT:2,PC:18
0
728
1770
2832
3923
4812
5925
7000
8034
8870
9857
10770
11734
12973
14108
14919
15854
17038
17222
0
TO:H,FS:1,FT:0,PC:22
0
532
1385
2318
3140
4037
4720
5460
6397
7188
7948
8732
9446
10216
10971
11768
12676
13626
14505
15171
15921
16753
17222
0
TO:H,FS:1,FT:1,PC:22
0
532
1322
2318
3140
4037
4720
5466
6397
7188
7948
8732
9446
10216
10971
11768
12676
13626
14505
15108
15854
16692
17222
0
TO:H,FS:1,FT:2,PC:23
0
532
1239
2136
2832
3604
4399
5027
5917
6605
7436
8134
8870
9712
10409
11096
11831
12676
13558
14402
15040
15686
16430
17222
0
TO:H,FS:2,FT:0,PC:27
0
430
1063
1705
2427
3080
3761
4399
4938
5611
6337
7056
7638
8134
8778
9434
10089
10712
11322
12038
12690
13450
14236
14814
15318
15940
16668
17222
0
TO:H,FS:2,FT:1,PC:27
0
430
1014
1646
2376
3063
3703
4399
4938
5668
6394
7072
7743
8258
8870
9617
10202
10839
11513
12312
12978
13660
14402
14919
15495
16161
16896
17222
0
TO:H,FS:2,FT:2,PC:27
0
430
1014
1646
2376
3063
3703
4377
4821
5442
6284
6885
7486
8083
8719
9312
10028
10589
11214
11916
12588
13403
14128
14706
15226
15854
16430
17222
0
