TO:V,FS:0,FT:0,PC:26
0
1045
2155
3329
4467
5610
6806
7259
7853
8450
9662
10552
11374
12407
13340
14293
15398
16611
17784
18902
20175
21323
22396
23417
24496
25709
27000
0
TO:V,FS:0,FT:1,PC:26
0
1045
2155
3329
4467
5610
6806
7259
7853
8450
9662
10552
11421
12521
13424
14356
15460
16651
17904
19022
20290
21419
22464
23505
24566
25892
27000
0
TO:V,FS:0,FT:2,PC:27
0
989
2132
3143
4236
5453
6533
7166
7668
8184
9135
10253
10984
11874
13026
13772
14776
15893
17156
18204
19424
20538
21672
22641
23600
24625
25892
27000
0
TO:V,FS:1,FT:0,PC:34
0
799
1843
2579
3477
4337
5276
6102
6937
7329
7853
8318
9199
10045
10688
11293
12027
12970
13552
14356
15189
16149
17094
17981
18944
19907
20895
21772
22565
23381
24148
25022
26017
26982
27000
0
TO:V,FS:1,FT:1,PC:34
0
799
1843
2579
3427
4283
5224
6048
6908
7286
7853
8318
9199
10045
10688
11293
12027
12970
13552
14356
15189
16149
17094
17948
18837
19799
20791
21690
22515
23277
24065
24926
25914
26881
27000
0
TO:V,FS:1,FT:2,PC:35
0
698
1685
2448
3218
4126
4947
5843
6720
7166
7549
8095
8547
9606
10298
10908
11455
12268
13102
13634
14356
15137
16030
16899
17830
18616
19627
20538
21402
22206
22942
23699
24441
25427
26365
27000
0
TO:V,FS:2,FT:0,PC:42
0
590
1371
2074
2735
3453
4126
4777
5552
6298
6937
7259
7728
8130
8634
9476
10109
10658
11088
11609
12262
12953
13424
14020
14541
15238
15974
16694
17512
18149
18875
19627
20412
21068
21725
22396
23025
23614
24213
24916
25664
26390
27000
0
TO:V,FS:2,FT:1,PC:42
0
542
1371
2074
2735
3453
4126
4777
5552
6298
6937
7259
7728
8130
8634
9476
10109
10658
11088
11609
12262
12953
13424
14020
14541
15238
15979
16694
17527
18153
18875
19627
20419
21075
21725
22396
23025
23614
24213
24916
25664
26390
27000
0
TO:V,FS:2,FT:2,PC:43
0
526
1371
2074
2735
3407
4126
4777
5552
6298
6908
7242
7654
8095
8495
9300
9895
10491
10984
11455
12053
12851
13340
13883
14475
15107
15848
16611
17381
17981
18699
19515
20219
20940
21547
22199
22833
23417
24024
24646
25458
26197
26911
27000
0
TO:H,FS:0,FT:0,PC:28
0
875
2033
2966
4126
5276
6320
7054
7430
7932
8373
9536
10298
11039
11874
12982
13614
14541
15683
16955
17981
19201
20528
21543
22613
23505
24512
25785
27000
0
TO:H,FS:0,FT:1,PC:29
0
875
2033
2966
4126
5201
6253
7027
7364
7823
8234
9151
10153
10853
11524
12606
13291
14155
15008
16270
17491
18265
19627
20736
21890
22892
23866
24903
26090
27000
0
TO:H,FS:0,FT:2,PC:29
0
875
2033
2966
4126
5201
6253
7027
7364
7823
8234
9145
10148
10853
11524
12606
13291
14155
15008
16270
17491
18265
19627
20736
21890
22892
23866
24893
26090
27000
0
TO:H,FS:1,FT:0,PC:36
0
682
1759
2478
3234
4126
4971
5857
6791
7119
7453
7853
8234
8939
9809
10491
11039
11704
12618
13244
13843
14541
15460
16457
17362
18043
18913
19827
20784
21690
22464
23251
24050
24841
25776
26670
27000
0
TO:H,FS:1,FT:1,PC:36
0
682
1748
2478
3234
4126
4971
5857
6791
7119
7453
7853
8234
8926
9809
10491
11039
11704
12618
13244
13843
14541
15460
16457
17362
18043
18913
19827
20784
21690
22464
23251
24050
24841
25776
26670
27000
0
TO:H,FS:1,FT:2,PC:38
0
682
1685
2344
3029
3962
4670
5552
6387
6977
7259
7617
8024
8414
9190
9850
10557
11039
11682
12418
13159
13652
14356
15119
15937
16776
17704
18265
19192
20090
20979
21804
22533
23251
23993
24711
25664
26473
27000
0
TO:H,FS:2,FT:0,PC:44
0
493
1292
2014
2622
3367
4075
4663
5481
6004
6806
7119
7401
7804
8112
8495
9294
9850
10428
10940
11421
11925
12745
13191
13642
14236
14875
15538
16365
17044
17726
18265
19074
19754
20538
21229
21885
22464
23113
23726
24441
25197
25886
26585
27000
0
TO:H,FS:2,FT:1,PC:45
0
493
1288
1957
2579
3255
3962
4607
5437
5947
6759
7085
7364
7745
8079
8414
9059
9757
10298
10835
11197
11765
12460
13108
13518
14109
14601
15332
15995
16651
17498
18037
18717
19532
20219
20940
21568
22160
22833
23417
24065
24683
25509
26238
26937
27000
0
TO:H,FS:2,FT:2,PC:45
0
493
1288
1957
2579
3203
3917
4493
5267
5857
6588
7027
7259
7586
8003
8266
8825
9662
10240
10688
11146
11704
12402
13056
13518
14099
14541
15273
15940
16651
17498
17981
18668
19476
20155
20821
21472
22112
22833
23417
24065
24683
25509
26216
26937
27000
0
