TO:V,FS:0,FT:0,PC:13
0
908
2145
3173
4290
5425
6535
7769
9169
10219
11428
12423
13672
14132
0
TO:V,FS:0,FT:1,PC:13
0
908
2145
3173
4290
5492
6597
7828
9256
10342
11487
12478
13794
14132
0
TO:V,FS:0,FT:2,PC:13
0
853
2031
3042
4180
5249
6373
7531
8832
9928
11028
11999
13125
14132
0
TO:V,FS:1,FT:0,PC:16
0
717
1731
2509
3311
4180
5021
5942
6811
7769
8841
9788
10660
11487
12395
13277
14132
0
TO:V,FS:1,FT:1,PC:16
0
717
1751
2509
3311
4180
5021
5900
6762
7736
8795
9770
10555
11428
12301
13175
14132
0
TO:V,FS:1,FT:2,PC:17
0
717
1701
2424
3216
4029
4833
5746
6423
7326
8372
9310
10187
11028
11791
12623
13564
14132
0
TO:V,FS:2,FT:0,PC:21
0
608
1320
1976
2620
3210
3866
4483
5164
5889
6466
7178
7979
8815
9485
10187
10948
11519
12084
12777
13504
14132
0
TO:V,FS:2,FT:1,PC:21
0
562
1292
1976
2620
3210
3874
4483
5157
5889
6466
7178
7987
8815
9485
10187
10955
11519
12084
12785
13504
14132
0
TO:V,FS:2,FT:2,PC:21
0
558
1292
1976
2620
3210
3874
4483
5157
5889
6466
7178
7979
8805
9485
10187
10948
11519
12084
12777
13504
14132
0
TO:H,FS:0,FT:0,PC:13
0
797
1976
3042
4180
5078
6287
7321
8774
9872
11028
11999
13125
14132
0
TO:H,FS:0,FT:1,PC:14
0
797
1976
3002
4061
5021
6099
7127
8455
9615
10520
11487
12478
13672
14132
0
TO:H,FS:0,FT:2,PC:14
0
797
1976
3002
4061
5021
6099
7127
8455
9606
10520
11467
12423
13491
14132
0
TO:H,FS:1,FT:0,PC:18
0
662
1520
2339
3042
3788
4541
5472
6219
7127
8094
9177
9872
10801
11519
12257
13068
14068
14132
0
TO:H,FS:1,FT:1,PC:17
0
662
1529
2339
3100
3850
4603
5545
6336
7178
8233
9256
10073
10979
11697
12478
13435
14132
0
TO:H,FS:1,FT:2,PC:19
0
662
1466
2272
3002
3602
4420
5078
5909
6619
7495
8485
9310
10132
10979
11628
12390
13125
14121
14132
0
TO:H,FS:2,FT:0,PC:21
0
468
1133
1868
2520
3093
3706
4396
5021
5758
6423
7178
7996
8829
9537
10187
10948
11487
12056
12755
13453
14132
0
TO:H,FS:2,FT:1,PC:21
0
484
1133
1868
2523
3093
3706
4396
5021
5758
6423
7178
7996
8829
9544
10187
10948
11487
12056
12755
13453
14132
0
TO:H,FS:2,FT:2,PC:21
0
484
1133
1868
2523
3088
3706
4336
5021
5758
6423
7178
7996
8829
9537
10187
10943
11487
12056
12755
13435
14132
0
