TO:V,FS:0,FT:0,PC:9
0
877
1936
3176
4401
5535
6730
7986
9222
10423
0
TO:V,FS:0,FT:1,PC:9
0
877
1936
3180
4401
5535
6738
7995
9281
10423
0
TO:V,FS:0,FT:2,PC:10
0
776
1873
2983
4151
5286
6400
7566
8730
9918
10423
0
TO:V,FS:1,FT:0,PC:12
0
618
1505
2283
3186
4083
4925
5865
6816
7758
8692
9701
10423
0
TO:V,FS:1,FT:1,PC:12
0
588
1455
2243
3148
4039
4872
5765
6716
7700
8593
9629
10423
0
TO:V,FS:1,FT:2,PC:13
0
588
1406
2197
3064
3905
4724
5611
6515
7445
8415
9391
10285
10423
0
TO:V,FS:2,FT:0,PC:16
0
436
1106
1817
2433
3094
3765
4406
5104
5783
6462
7142
7935
8668
9478
10155
10423
0
TO:V,FS:2,FT:1,PC:16
0
436
1106
1817
2451
3128
3774
4452
5147
5829
6555
7266
8065
8802
9604
10296
10423
0
TO:V,FS:2,FT:2,PC:16
0
436
1106
1813
2439
3094
3765
4412
5104
5739
6462
7182
7980
8712
9514
10199
10423
0
TO:H,FS:0,FT:0,PC:10
0
732
1791
2971
4151
5259
6400
7646
8942
10222
10423
0
TO:H,FS:0,FT:1,PC:10
0
732
1714
2834
3949
4970
6208
7252
8491
9701
10423
0
TO:H,FS:0,FT:2,PC:10
0
732
1714
2834
3949
4981
6213
7245
8491
9701
10423
0
TO:H,FS:1,FT:0,PC:12
0
497
1323
2113
3022
3891
4671
5611
6528
7496
8491
9547
10423
0
TO:H,FS:1,FT:1,PC:12
0
497
1394
2172
3080
3949
4734
5611
6593
7560
8553
9629
10423
0
TO:H,FS:1,FT:2,PC:13
0
436
1196
1943
2829
3626
4464
5299
6129
7043
8019
8944
9763
10423
0
TO:H,FS:2,FT:0,PC:16
0
398
1062
1759
2403
3068
3765
4393
5065
5725
6462
7153
7980
8652
9493
10136
10423
0
TO:H,FS:2,FT:1,PC:16
0
398
1062
1759
2403
3118
3824
4542
5221
5898
6627
7324
8165
8832
9629
10363
10423
0
TO:H,FS:2,FT:2,PC:16
0
398
1024
1643
2308
3022
3720
4393
5073
5667
6462
7153
7986
8652
9493
10136
10423
0
