TO:V,FS:0,FT:0,PC:6
0
645
1736
2762
3817
5012
5473
0
TO:V,FS:0,FT:1,PC:6
0
645
1736
2762
3817
5012
5473
0
TO:V,FS:0,FT:2,PC:6
0
645
1698
2724
3695
4900
5473
0
TO:V,FS:1,FT:0,PC:7
0
520
1358
2155
2966
3766
4718
5473
0
TO:V,FS:1,FT:1,PC:7
0
469
1310
2113
2920
3728
4718
5473
0
TO:V,FS:1,FT:2,PC:8
0
454
1259
2010
2826
3514
4445
5290
5473
0
TO:V,FS:2,FT:0,PC:9
0
353
1087
1678
2265
2920
3514
4264
5012
5473
0
TO:V,FS:2,FT:1,PC:9
0
353
1105
1698
2301
2954
3514
4264
5012
5473
0
TO:V,FS:2,FT:2,PC:9
0
353
1087
1678
2265
2920
3514
4223
5012
5473
0
TO:H,FS:0,FT:0,PC:6
0
541
1454
2488
3450
4718
5473
0
TO:H,FS:0,FT:1,PC:6
0
549
1454
2403
3450
4704
5473
0
TO:H,FS:0,FT:2,PC:6
0
464
1454
2403
3450
4681
5473
0
TO:H,FS:1,FT:0,PC:8
0
377
1259
2093
2862
3640
4553
5406
5473
0
TO:H,FS:1,FT:1,PC:8
0
377
1259
2098
2920
3723
4704
5416
5473
0
TO:H,FS:1,FT:2,PC:8
0
290
1190
1911
2724
3450
4204
5080
5473
0
TO:H,FS:2,FT:0,PC:9
0
290
1041
1635
2229
2826
3450
4136
4952
5473
0
TO:H,FS:2,FT:1,PC:9
0
290
1041
1635
2239
2826
3450
4136
4952
5473
0
TO:H,FS:2,FT:2,PC:9
0
290
971
1624
2229
2826
3450
4136
4952
5473
0
