TO:V,FS:0,FT:0,PC:19
0
897
2025
3179
4615
6058
7342
8705
10027
11339
12627
13880
15094
16490
17899
19203
20726
22277
23680
24338
0
TO:V,FS:0,FT:1,PC:19
0
897
2025
3179
4615
6069
7283
8639
9970
11282
12568
13823
15036
16456
17909
19264
20794
22336
23739
24338
0
TO:V,FS:0,FT:2,PC:20
0
833
1926
2991
4375
5746
7107
8512
9645
10906
12127
13408
14436
15647
17122
18430
19739
21199
22515
23867
24338
0
TO:V,FS:1,FT:0,PC:25
0
686
1522
2374
3362
4520
5587
6596
7652
8639
9637
10632
11594
12563
13590
14475
15370
16522
17603
18589
19667
20818
21929
22816
23800
24338
0
TO:V,FS:1,FT:1,PC:25
0
686
1522
2328
3254
4416
5432
6440
7477
8560
9508
10507
11515
12498
13502
14360
15167
16318
17348
18516
19475
20587
21727
22719
23800
24338
0
TO:V,FS:1,FT:2,PC:26
0
686
1522
2328
3254
4364
5378
6390
7426
8495
9329
10286
11204
12154
13100
14011
14873
15857
16990
18013
18963
20070
21161
22277
23187
24218
24338
0
TO:V,FS:2,FT:0,PC:32
0
584
1319
1967
2595
3478
4360
5265
6043
6818
7547
8405
9087
9845
10595
11319
12025
12781
13521
14164
14873
15666
16548
17340
18224
18963
19842
20705
21587
22400
23187
23935
24338
0
TO:V,FS:2,FT:1,PC:32
0
604
1365
2007
2633
3521
4407
5295
6131
6908
7643
8537
9197
9962
10693
11410
12127
12900
13635
14262
14983
15799
16677
17472
18349
19094
19987
20835
21716
22457
23329
24115
24338
0
TO:V,FS:2,FT:2,PC:34
0
543
1278
1871
2483
3201
4053
4908
5632
6372
7152
7901
8639
9329
10079
10768
11451
12127
12866
13559
14164
14810
15529
16344
17168
17930
18616
19449
20296
21078
21897
22592
23429
24169
24338
0
TO:H,FS:0,FT:0,PC:19
0
771
1899
2932
4465
5795
7107
8489
9700
11042
12395
13657
14804
16191
17526
18855
20323
21805
23126
24338
0
TO:H,FS:0,FT:1,PC:19
0
771
1926
3014
4549
5875
7107
8489
9700
11042
12406
13657
14804
16191
17526
18855
20323
21805
23126
24338
0
TO:H,FS:0,FT:2,PC:20
0
771
1830
2902
4312
5563
6845
8062
9273
10660
11981
13355
14436
15729
17239
18540
19852
21377
22613
23882
24338
0
TO:H,FS:1,FT:0,PC:26
0
634
1485
2328
3191
4237
5295
6245
7165
8291
9152
10156
11162
12105
13100
13978
14715
15571
16628
17555
18540
19568
20679
21727
22658
23726
24338
0
TO:H,FS:1,FT:1,PC:26
0
634
1485
2328
3201
4302
5295
6245
7165
8291
9152
10156
11162
12105
13100
13978
14735
15708
16768
17776
18685
19818
20890
21992
22877
23800
24338
0
TO:H,FS:1,FT:2,PC:26
0
634
1485
2328
3201
4302
5295
6245
7165
8291
9152
10094
11097
12044
13044
13905
14715
15639
16693
17636
18601
19622
20741
21796
22724
23739
24338
0
TO:H,FS:2,FT:0,PC:33
0
515
1216
1769
2328
2991
3825
4659
5378
6179
6988
7732
8560
9222
10007
10753
11478
12233
12984
13657
14262
14975
15708
16548
17292
18143
18855
19678
20576
21427
22306
22984
23739
24338
0
TO:H,FS:2,FT:1,PC:33
0
457
1154
1769
2328
2991
3825
4675
5378
6179
6999
7739
8560
9210
9959
10693
11478
12233
12984
13657
14262
14975
15708
16548
17292
18173
18855
19678
20561
21427
22313
22984
23739
24338
0
TO:H,FS:2,FT:2,PC:33
0
457
1154
1769
2328
2991
3825
4656
5378
6179
6988
7732
8560
9210
9959
10693
11429
12179
12927
13657
14262
14925
15639
16490
17239
18033
18735
19614
20441
21313
22128
22816
23661
24338
0
