The Social Skills Guidebook
LH:30843,BH:20197,MH:594687
TO:V,FS:0,FT:0,PC:13
0
972
2436
3963
5520
6960
8540
10127
11668
13383
14854
16626
18381
20197
0
TO:V,FS:0,FT:1,PC:13
0
1010
2574
4083
5647
7103
8779
10324
11921
13741
15155
16928
18719
20197
0
TO:V,FS:0,FT:2,PC:14
0
903
2378
3835
5337
6778
8349
9952
11312
13031
14557
16177
17785
19504
20197
0
TO:V,FS:0,FT:3,PC:14
0
975
2517
3897
5413
6850
8545
10081
11544
13322
14804
16418
18105
19856
20197
0
TO:V,FS:0,FT:4,PC:15
0
919
2258
3616
4966
6391
7655
9133
10510
12013
13518
14854
16460
18025
19542
20197
0
TO:V,FS:0,FT:5,PC:15
0
894
2216
3566
4966
6404
7672
9145
10510
11979
13587
14854
16476
18105
19772
20197
0
TO:V,FS:0,FT:6,PC:15
0
742
2043
3352
4742
6059
7351
8779
10127
11384
12889
14388
15749
17261
18719
20197
0
TO:V,FS:0,FT:7,PC:16
0
742
2039
3233
4636
5959
7156
8528
9872
11098
12691
14056
15400
16854
18366
19824
20197
0
TO:V,FS:1,FT:0,PC:17
0
677
1884
2937
4237
5378
6500
7751
8990
10189
11371
12746
14056
15204
16639
18025
19360
20197
0
TO:V,FS:1,FT:1,PC:17
0
736
1923
3061
4392
5594
6707
7983
9348
10573
11890
13195
14488
15732
17147
18508
19869
20197
0
TO:V,FS:1,FT:2,PC:17
0
677
1884
2937
4233
5378
6500
7751
8990
10189
11305
12731
13942
15033
16402
17714
19109
20197
0
TO:V,FS:1,FT:3,PC:17
0
677
1887
2937
4198
5327
6489
7655
8888
10011
11220
12620
13897
14916
16273
17680
19047
20197
0
TO:V,FS:1,FT:4,PC:19
0
668
1768
2863
3892
4966
6059
7039
8130
9212
10278
11293
12547
13721
14714
15809
17003
18163
19285
20197
0
TO:V,FS:1,FT:5,PC:18
0
621
1772
2863
4036
5147
6313
7337
8501
9596
10714
11890
13134
14407
15486
16784
18105
19416
20197
0
TO:V,FS:1,FT:6,PC:20
0
581
1640
2722
3606
4674
5622
6595
7692
8779
9885
10923
12001
13105
14287
15195
16330
17597
18733
19858
20197
0
TO:V,FS:1,FT:7,PC:20
0
581
1633
2722
3606
4674
5611
6554
7642
8747
9752
10760
11773
12889
14056
15007
16166
17362
18508
19619
20197
0
TO:V,FS:2,FT:0,PC:22
0
521
1499
2318
3171
4124
4966
5895
6739
7714
8658
9535
10501
11348
12473
13442
14464
15286
16326
17464
18461
19431
20197
0
TO:V,FS:2,FT:1,PC:22
0
521
1499
2318
3171
4124
4966
5895
6736
7714
8658
9535
10458
11293
12424
13392
14423
15187
16273
17427
18408
19386
20197
0
TO:V,FS:2,FT:2,PC:23
0
521
1499
2307
3095
3935
4814
5670
6500
7449
8331
9199
10105
10923
11912
12889
13942
14732
15749
16784
17816
18926
19874
20197
0
TO:V,FS:2,FT:3,PC:22
0
521
1499
2318
3171
4135
4966
5895
6689
7628
8528
9437
10324
11151
12222
13202
14271
15082
16164
17281
18262
19238
20197
0
TO:V,FS:2,FT:4,PC:25
0
521
1442
2216
2976
3751
4598
5337
6183
6914
7724
8581
9390
10173
11012
11801
12746
13667
14488
15256
16156
17052
17949
18917
19737
20197
0
TO:V,FS:2,FT:5,PC:23
0
521
1499
2307
3084
3935
4806
5655
6478
7329
8226
9068
10011
10852
11817
12852
13905
14732
15749
16730
17714
18769
19719
20197
0
TO:V,FS:2,FT:6,PC:25
0
480
1349
2092
2863
3633
4458
5214
6059
6818
7613
8417
9241
10011
10804
11649
12547
13392
14199
14903
15839
16660
17609
18500
19285
20197
0
TO:V,FS:2,FT:7,PC:26
0
480
1349
2081
2828
3547
4373
5161
5973
6727
7530
8331
9156
9964
10714
11544
12490
13322
14102
14854
15782
16601
17561
18390
19238
20186
20197
0
TO:V,FS:3,FT:0,PC:28
0
474
1275
1923
2621
3217
3902
4584
5261
6021
6638
7351
8022
8752
9441
10127
10832
11518
12382
13169
13942
14649
15387
16205
17006
17804
18699
19504
20197
0
TO:V,FS:3,FT:1,PC:28
0
431
1252
1916
2621
3263
3981
4706
5378
6142
6799
7530
8274
9009
9714
10482
11142
11935
12746
13577
14335
14935
15762
16509
17383
18153
19047
19878
20197
0
TO:V,FS:3,FT:2,PC:29
0
431
1186
1874
2553
3171
3867
4555
5214
5959
6582
7265
7918
8607
9289
10011
10714
11331
12152
12889
13712
14427
15024
15812
16542
17383
18105
18917
19648
20197
0
TO:V,FS:3,FT:3,PC:28
0
431
1207
1884
2601
3217
3958
4674
5303
6037
6638
7351
8070
8779
9479
10217
10923
11668
12547
13292
14056
14732
15486
16273
17156
17906
18745
19524
20197
0
TO:V,FS:3,FT:4,PC:33
0
377
1010
1633
2232
2838
3420
4036
4647
5214
5834
6428
7039
7655
8274
8882
9479
10121
10714
11285
12028
12736
13375
14056
14718
15361
16095
16740
17440
18067
18823
19470
20186
20197
0
TO:V,FS:3,FT:5,PC:29
0
471
1270
1923
2621
3171
3862
4552
5214
5981
6582
7265
7918
8628
9289
10011
10714
11380
12229
12978
13844
14530
15171
16035
16784
17609
18441
19238
20099
20197
0
TO:V,FS:3,FT:6,PC:34
0
339
958
1528
2097
2717
3213
3828
4432
4966
5601
6197
6707
7298
7871
8479
9064
9623
10251
10859
11427
12138
12799
13427
14056
14682
15251
15959
16579
17307
17937
18640
19238
19953
20197
0
TO:V,FS:3,FT:7,PC:34
0
339
958
1528
2097
2713
3213
3828
4429
4966
5583
6171
6632
7230
7807
8399
8990
9535
10173
10749
11285
12001
12705
13292
13942
14530
15044
15739
16355
17038
17714
18396
19047
19683
20197
0
TO:H,FS:0,FT:0,PC:14
0
894
2318
3660
5147
6587
8191
9535
11012
12746
14324
15756
17588
19214
20197
0
TO:H,FS:0,FT:1,PC:14
0
894
2393
3796
5303
6837
8528
10011
11518
13253
14723
16273
17985
19652
20197
0
TO:H,FS:0,FT:2,PC:14
0
894
2318
3660
5147
6500
8108
9535
11012
12673
14056
15428
17147
18692
20197
0
TO:H,FS:0,FT:3,PC:14
0
800
2178
3504
4966
6428
7871
9479
10795
12498
14056
15486
17249
18972
20197
0
TO:H,FS:0,FT:4,PC:16
0
621
2070
3319
4776
6059
7243
8724
10011
11322
12889
14373
15562
17097
18582
20122
20197
0
TO:H,FS:0,FT:5,PC:15
0
698
2097
3409
4828
6295
7488
9009
10290
11608
13146
14557
16024
17609
19132
20197
0
TO:H,FS:0,FT:6,PC:16
0
621
2003
3171
4584
5808
6979
8368
9623
10923
12318
13733
14816
16183
17699
19047
20197
0
TO:H,FS:0,FT:7,PC:16
0
621
1923
3171
4584
5808
6979
8364
9611
10923
12296
13651
14732
16107
17609
19047
20197
0
TO:H,FS:1,FT:0,PC:17
0
600
1793
2937
4221
5424
6500
7698
8987
10091
11244
12736
13942
14928
16257
17609
18981
20197
0
TO:H,FS:1,FT:1,PC:17
0
600
1793
2937
4221
5424
6500
7776
9091
10207
11406
12746
14021
14999
16273
17692
19047
20197
0
TO:H,FS:1,FT:2,PC:18
0
521
1675
2863
4067
5214
6408
7428
8707
9847
10923
12257
13548
14557
15723
17015
18338
19557
20197
0
TO:H,FS:1,FT:3,PC:18
0
521
1678
2863
4067
5214
6428
7563
8848
10011
11173
12575
13794
14732
16107
17440
18592
19885
20197
0
TO:H,FS:1,FT:4,PC:19
0
592
1585
2682
3684
4828
5912
6837
7871
9024
10081
11098
12328
13462
14557
15692
16857
17993
19238
20197
0
TO:H,FS:1,FT:5,PC:19
0
521
1602
2722
3712
4909
6006
6947
8070
9230
10274
11244
12575
13784
14732
15951
17159
18338
19534
20197
0
TO:H,FS:1,FT:6,PC:20
0
521
1528
2579
3504
4617
5550
6500
7618
8752
9747
10832
11862
12958
14056
14993
16107
17307
18408
19456
20197
0
TO:H,FS:1,FT:7,PC:20
0
521
1528
2579
3504
4549
5481
6500
7618
8747
9747
10772
11790
12889
14056
14993
16107
17220
18245
19307
20197
0
TO:H,FS:2,FT:0,PC:23
0
463
1394
2154
3004
3892
4828
5731
6567
7477
8349
9264
10127
10989
11912
12889
13942
14732
15756
16730
17714
18784
19762
20197
0
TO:H,FS:2,FT:1,PC:23
0
471
1414
2154
3004
3892
4828
5731
6567
7477
8411
9328
10196
11051
11979
12954
13942
14732
15756
16730
17714
18788
19772
20197
0
TO:H,FS:2,FT:2,PC:23
0
463
1410
2154
3004
3892
4799
5626
6500
7416
8284
9203
10081
10923
11850
12889
13942
14732
15749
16660
17686
18647
19627
20197
0
TO:H,FS:2,FT:3,PC:23
0
471
1419
2097
3004
3835
4828
5731
6500
7351
8284
9208
10081
10890
11783
12820
13877
14690
15628
16611
17686
18647
19627
20197
0
TO:H,FS:2,FT:4,PC:26
0
453
1241
1981
2742
3444
4283
5022
5824
6500
7337
8121
8939
9708
10510
11244
12245
12998
13942
14671
15486
16330
17312
18168
19109
19979
20197
0
TO:H,FS:2,FT:5,PC:24
0
463
1332
2043
2863
3712
4636
5445
6344
7039
7871
8779
9601
10442
11225
12233
13222
14119
14916
15939
16854
17779
18850
19833
20197
0
TO:H,FS:2,FT:6,PC:27
0
339
1071
1780
2553
3233
4059
4828
5611
6344
6996
7770
8581
9375
10074
10832
11565
12473
13202
14004
14732
15548
16337
17225
18031
18898
19691
20197
0
TO:H,FS:2,FT:7,PC:27
0
339
1071
1777
2540
3171
3987
4780
5490
6276
6886
7655
8404
9188
9969
10683
11371
12257
12949
13826
14557
15325
16171
16973
17714
18570
19366
20197
0
TO:H,FS:3,FT:0,PC:29
0
397
1071
1719
2428
2993
3712
4487
5137
5824
6489
7146
7845
8548
9284
10011
10714
11301
12117
12869
13631
14352
14854
15603
16330
17196
17894
18750
19459
20197
0
TO:H,FS:3,FT:1,PC:29
0
339
1010
1691
2375
2937
3666
4444
5137
5824
6489
7146
7845
8548
9284
10011
10768
11427
12307
12949
13794
14488
15082
15959
16686
17548
18289
19109
19858
20197
0
TO:H,FS:3,FT:2,PC:29
0
339
1010
1691
2371
2937
3656
4392
5079
5772
6428
7093
7796
8501
9230
9949
10627
11244
12117
12869
13631
14352
14854
15723
16449
17312
18005
18868
19516
20197
0
TO:H,FS:3,FT:3,PC:29
0
339
1010
1691
2318
2937
3712
4496
5214
5997
6554
7304
8031
8779
9479
10246
10923
11675
12498
13195
13942
14557
15325
16107
16907
17714
18570
19297
20173
20197
0
TO:H,FS:3,FT:4,PC:33
0
306
875
1528
2142
2742
3268
3887
4516
5074
5670
6310
6872
7530
8181
8826
9464
10011
10612
11197
11912
12646
13292
13995
14557
15139
15912
16574
17344
17972
18719
19335
20084
20197
0
TO:H,FS:3,FT:5,PC:29
0
397
1134
1772
2475
3053
3702
4388
5079
5772
6428
7093
7791
8501
9230
10011
10714
11301
12169
12889
13794
14488
15068
15904
16660
17544
18280
19109
19917
20197
0
TO:H,FS:3,FT:6,PC:33
0
306
775
1442
2059
2708
3171
3811
4437
4966
5611
6251
6799
7459
8116
8779
9464
10011
10663
11206
11871
12616
13202
13942
14542
15007
15716
16380
17117
17769
18508
19214
19901
20197
0
TO:H,FS:3,FT:7,PC:33
0
306
775
1442
2020
2657
3171
3811
4437
4966
5606
6206
6739
7351
8022
8680
9366
9969
10565
11098
11766
12498
13105
13832
14488
14955
15653
16330
17057
17714
18480
19164
19840
20197
0
