TO:V,FS:0,FT:0,PC:19
0
691
2203
3309
4271
5408
6477
7799
9279
10645
11924
13391
14628
15811
17088
18104
19177
20412
21657
22052
0
TO:V,FS:0,FT:1,PC:19
0
691
2203
3312
4271
5408
6477
7799
9300
10785
12153
13687
14876
16004
17268
18273
19401
20610
21963
22052
0
TO:V,FS:0,FT:2,PC:19
0
671
2066
3128
4080
5135
6171
7423
8744
10117
11428
12833
14194
15293
16514
17658
18617
19778
20818
22052
0
TO:V,FS:1,FT:0,PC:24
0
600
1552
2567
3378
4168
4974
5858
6669
7663
8666
9752
10879
11911
13079
14092
14941
15887
16861
17802
18505
19401
20341
21149
22052
0
TO:V,FS:1,FT:1,PC:25
0
600
1499
2567
3421
4168
4974
5812
6580
7504
8494
9491
10650
11659
12802
13883
14802
15742
16591
17548
18258
19070
19879
20806
21821
22052
0
TO:V,FS:1,FT:2,PC:25
0
600
1499
2536
3335
4085
4916
5678
6477
7338
8339
9337
10441
11389
12491
13577
14409
15282
16161
17172
17940
18617
19502
20442
21253
22052
0
TO:V,FS:2,FT:0,PC:31
0
547
1184
2054
2750
3421
4014
4725
5329
6045
6661
7411
8185
9057
9815
10697
11433
12316
13222
13970
14669
15396
16131
16845
17548
18104
18696
19367
20021
20765
21516
22052
0
TO:V,FS:2,FT:1,PC:31
0
587
1276
2137
2821
3492
4085
4797
5446
6076
6719
7508
8285
9149
9908
10758
11527
12403
13310
14063
14750
15479
16216
16935
17623
18182
18820
19491
20180
20876
21676
22052
0
TO:V,FS:2,FT:2,PC:33
0
502
1098
1962
2668
3274
3864
4522
5100
5766
6321
6967
7735
8462
9289
10000
10804
11527
12358
13210
13925
14580
15241
15950
16625
17366
17932
18474
19079
19755
20455
21000
21821
22052
0
