TO:V,FS:0,FT:0,PC:11
0
728
1793
2877
4154
5350
6384
7603
8657
9906
11087
12305
0
TO:V,FS:0,FT:1,PC:11
0
728
1793
2877
4092
5289
6393
7603
8657
9854
11024
12305
0
TO:V,FS:0,FT:2,PC:12
0
728
1746
2825
4034
5177
6209
7396
8527
9563
10723
11975
12305
0
TO:V,FS:1,FT:0,PC:15
0
606
1440
2211
3035
3950
4875
5733
6690
7564
8457
9228
10214
11087
12113
12305
0
TO:V,FS:1,FT:1,PC:15
0
606
1392
2168
2989
3836
4768
5636
6609
7516
8409
9129
10168
11030
12071
12305
0
TO:V,FS:1,FT:2,PC:15
0
559
1342
2106
2847
3735
4620
5481
6406
7309
8097
8953
9764
10618
11562
12305
0
TO:V,FS:2,FT:0,PC:18
0
464
1097
1784
2443
3096
3779
4463
5270
5970
6668
7379
8027
8750
9435
10266
10944
11698
12305
0
TO:V,FS:2,FT:1,PC:19
0
426
1052
1681
2296
2921
3643
4292
5063
5711
6364
7073
7744
8391
8986
9745
10428
11176
11914
12305
0
TO:V,FS:2,FT:2,PC:19
0
426
1045
1647
2283
2829
3597
4229
4930
5575
6234
6997
7666
8299
8953
9608
10354
11078
11795
12305
0
TO:H,FS:0,FT:0,PC:12
0
631
1533
2623
3643
4620
5869
7065
8150
9080
10354
11599
12305
0
TO:H,FS:0,FT:1,PC:12
0
631
1543
2560
3643
4620
5790
6997
8002
9050
10225
11394
12305
0
TO:H,FS:0,FT:2,PC:12
0
631
1533
2560
3643
4620
5787
6916
7850
8986
10147
11315
12305
0
TO:H,FS:1,FT:0,PC:15
0
448
1166
1981
2706
3643
4423
5416
6209
7114
7918
8794
9620
10428
11459
12305
0
TO:H,FS:1,FT:1,PC:15
0
448
1166
1981
2706
3643
4423
5416
6209
7114
7918
8794
9620
10428
11473
12305
0
TO:H,FS:1,FT:2,PC:15
0
448
1097
1921
2706
3643
4357
5386
6152
7051
7850
8730
9544
10410
11338
12305
0
TO:H,FS:2,FT:0,PC:19
0
392
1007
1615
2218
2817
3559
4199
4862
5481
6152
6902
7540
8184
8827
9480
10242
10881
11610
12305
0
TO:H,FS:2,FT:1,PC:19
0
392
1007
1615
2218
2817
3565
4199
4858
5481
6152
6916
7540
8128
8776
9422
10185
10832
11599
12305
0
TO:H,FS:2,FT:2,PC:20
0
392
1007
1615
2218
2817
3559
4199
4858
5481
6152
6916
7491
8072
8719
9360
10129
10770
11541
12251
12305
0
