TO:V,FS:0,FT:0,PC:33
0
1102
2230
3389
4601
5686
6746
7910
9050
9937
10905
12100
13233
14425
15657
16973
18336
19595
20748
21788
22933
23929
24867
25925
27098
28278
29341
30440
31592
32801
34272
35655
37184
37642
0
TO:V,FS:0,FT:1,PC:33
0
1046
2230
3397
4609
5735
6772
8048
9141
10008
11036
12268
13368
14565
15823
17106
18477
19774
20873
21962
23100
24133
25090
26118
27394
28498
29527
30563
31695
33100
34581
35969
37442
37642
0
TO:V,FS:0,FT:2,PC:34
0
1033
2112
3150
4306
5483
6471
7493
8843
9713
10512
11742
12729
13823
15054
16312
17560
18801
20065
21171
22236
23261
24274
25161
26191
27454
28498
29527
30563
31695
32983
34408
35718
37184
37642
0
TO:V,FS:1,FT:0,PC:41
0
801
1727
2581
3507
4455
5360
6236
7057
8048
8950
9759
10512
11436
12318
13158
14071
15037
15989
16973
17941
18829
19982
20813
21699
22607
23473
24349
25161
26027
26905
27933
28817
29602
30494
31352
32268
33353
34509
35528
36630
37642
0
TO:V,FS:1,FT:1,PC:42
0
778
1705
2536
3495
4361
5360
6185
7057
8057
8950
9713
10407
11186
12153
12955
13798
14814
15798
16723
17681
18624
19779
20627
21517
22398
23261
24159
24954
25820
26674
27596
28544
29341
30195
30997
31896
32898
34034
35084
36168
37293
37642
0
TO:V,FS:1,FT:2,PC:43
0
778
1705
2455
3389
4210
5232
5975
6826
7692
8664
9425
10089
10883
11880
12641
13480
14455
15287
16198
17149
18145
19036
20065
20917
21747
22607
23473
24349
25161
26013
26861
27800
28633
29398
30195
30997
31896
32845
33949
34926
35998
37066
37642
0
TO:V,FS:2,FT:0,PC:53
0
603
1354
2118
2742
3469
4116
4894
5630
6334
7026
7708
8491
9141
9759
10356
11005
11810
12485
13153
13832
14645
15366
16118
16824
17560
18422
19165
19982
20682
21332
22016
22709
23406
24071
24774
25477
26106
26861
27652
28367
28956
29657
30356
31050
31695
32457
33336
34156
34956
35821
36663
37526
37642
0
TO:V,FS:2,FT:1,PC:52
0
603
1354
2118
2742
3469
4118
4894
5630
6334
7026
7708
8491
9141
9810
10392
11047
11880
12527
13192
13880
14687
15387
16157
16863
17666
18477
19256
20065
20813
21517
22172
22864
23537
24257
24899
25600
26262
27005
27827
28477
29143
29805
30494
31235
31916
32692
33528
34390
35179
36023
36901
37642
0
TO:V,FS:2,FT:2,PC:55
0
563
1324
1984
2601
3239
3896
4667
5360
5975
6715
7319
8065
8814
9341
9937
10512
11141
11965
12620
13226
13880
14645
15323
16047
16684
17493
18253
18920
19761
20405
21064
21687
22291
22967
23635
24257
24899
25594
26211
26905
27696
28367
28956
29602
30264
30912
31603
32310
33049
33864
34723
35429
36218
37060
37642
0
TO:H,FS:0,FT:0,PC:35
0
963
2156
3133
4203
5360
6334
7340
8513
9494
10387
11446
12549
13613
14784
16065
17342
18550
19969
20813
21788
22826
23690
24722
25594
26674
27762
28711
29768
30734
31674
32823
34301
35595
37066
37642
0
TO:H,FS:0,FT:1,PC:35
0
883
2074
3053
4129
5360
6334
7340
8520
9494
10428
11523
12627
13613
14796
16077
17364
18550
19969
20813
21788
22826
23690
24722
25594
26674
27762
28711
29768
30726
31674
32823
34301
35595
37066
37642
0
TO:H,FS:0,FT:2,PC:35
0
880
1922
2971
4054
5334
6289
7177
8355
9356
10317
11370
12392
13526
14565
15811
17042
18241
19490
20489
21517
22553
23473
24430
25247
26329
27499
28466
29505
30425
31352
32326
33812
35117
36558
37642
0
TO:H,FS:1,FT:0,PC:45
0
642
1627
2391
3166
3962
4908
5695
6353
7094
8048
8950
9570
10112
10806
11810
12527
13383
14230
15124
16091
17019
17985
18890
19982
20772
21517
22236
23040
23797
24627
25320
26138
26905
27870
28633
29412
30195
30997
31754
32720
33742
34836
35803
36914
37642
0
TO:H,FS:1,FT:1,PC:45
0
642
1632
2391
3176
3962
4908
5691
6353
7094
8048
8950
9570
10112
10806
11823
12597
13455
14367
15247
16205
17178
18158
19099
20065
20943
21639
22383
23164
23937
24735
25522
26365
27326
28150
28880
29676
30494
31319
32153
33076
34113
35068
36110
37255
37642
0
TO:H,FS:1,FT:2,PC:45
0
631
1627
2391
3176
3962
4908
5749
6423
7164
8113
8983
9694
10220
10922
11943
12597
13455
14367
15247
16198
17178
18158
19096
20065
20943
21639
22383
23164
23872
24694
25385
26198
27048
27933
28711
29527
30339
31141
31884
32805
33872
34876
35908
37057
37642
0
TO:H,FS:2,FT:0,PC:56
0
529
1281
1875
2506
3199
3876
4659
5334
5945
6585
7150
7910
8584
9141
9713
10112
10720
11377
12100
12729
13447
14083
14804
15546
16302
17023
17754
18550
19318
20065
20748
21348
21962
22617
23164
23756
24349
24899
25522
26138
26861
27596
28278
28880
29527
30169
30799
31423
32098
32801
33636
34522
35225
36023
36883
37642
0
TO:H,FS:2,FT:1,PC:56
0
469
1281
1875
2506
3206
3876
4659
5334
5945
6592
7157
7910
8592
9141
9713
10112
10720
11377
12100
12729
13447
14083
14804
15546
16302
17023
17754
18550
19318
20065
20748
21348
21962
22657
23261
23864
24483
25090
25653
26262
26905
27664
28338
28941
29586
30195
30821
31529
32208
32917
33752
34636
35347
36146
37011
37642
0
TO:H,FS:2,FT:2,PC:56
0
449
1259
1757
2455
3150
3876
4659
5334
5945
6592
7157
7910
8592
9141
9713
10112
10720
11377
12100
12729
13447
14083
14804
15546
16302
17023
17748
18550
19308
20065
20748
21348
21962
22617
23164
23756
24349
24899
25522
26138
26861
27596
28278
28880
29527
30163
30799
31423
32098
32801
33636
34518
35225
36017
36876
37642
0
