TO:V,FS:0,FT:0,PC:18
0
1073
2351
3467
4719
6030
7299
8480
9643
10867
12266
13425
14666
15862
17144
18314
19697
20978
21531
0
TO:V,FS:0,FT:1,PC:18
0
1029
2297
3467
4719
6024
7299
8534
9704
10992
12291
13443
14759
15985
17247
18490
19868
21087
21531
0
TO:V,FS:0,FT:2,PC:19
0
1013
2241
3389
4604
5820
6981
8150
9228
10494
11778
12872
14006
15174
16334
17657
18837
20176
21251
21531
0
TO:V,FS:1,FT:0,PC:23
0
806
1757
2704
3529
4627
5485
6392
7487
8480
9438
10308
11359
12391
13310
14197
15107
16088
17127
18021
19043
20160
21087
21531
0
TO:V,FS:1,FT:1,PC:23
0
754
1705
2615
3514
4470
5335
6348
7405
8323
9276
10255
11290
12291
13175
14085
14951
15957
16927
17811
18882
19910
20830
21531
0
TO:V,FS:1,FT:2,PC:24
0
754
1705
2615
3514
4470
5335
6312
7238
8139
9053
9968
10836
11870
12712
13548
14506
15351
16262
17186
18181
19078
20212
21087
21531
0
TO:V,FS:2,FT:0,PC:29
0
597
1341
2137
2814
3514
4310
5042
5820
6531
7389
8093
8775
9533
10236
10954
11853
12553
13305
13973
14683
15401
16112
16993
17763
18496
19255
20171
20873
21531
0
TO:V,FS:2,FT:1,PC:29
0
597
1341
2137
2814
3514
4310
5042
5820
6531
7389
8093
8775
9533
10236
10954
11853
12553
13305
13973
14683
15401
16112
17009
17763
18496
19303
20220
20920
21531
0
TO:V,FS:2,FT:2,PC:31
0
544
1203
1980
2648
3321
4022
4655
5335
6073
6773
7528
8168
8863
9579
10236
10912
11762
12482
13193
13889
14497
15148
15889
16594
17326
18075
18796
19533
20324
21087
21531
0
TO:H,FS:0,FT:0,PC:19
0
907
2083
3046
4310
5415
6462
7777
8868
10100
11186
12371
13443
14745
15909
17144
18287
19476
20733
21531
0
TO:H,FS:0,FT:1,PC:19
0
825
2016
2973
4310
5415
6473
7777
8868
10100
11186
12449
13522
14894
16038
17262
18395
19726
20814
21531
0
TO:H,FS:0,FT:2,PC:19
0
825
1941
2973
4245
5335
6392
7703
8791
9945
11021
12291
13365
14611
15743
17122
18207
19314
20651
21531
0
TO:H,FS:1,FT:0,PC:25
0
597
1603
2458
3294
4275
5058
5911
6824
7741
8553
9518
10327
11262
12204
13063
13901
14841
15560
16563
17526
18314
19280
20292
21087
21531
0
TO:H,FS:1,FT:1,PC:25
0
597
1603
2458
3309
4275
5058
5916
6824
7811
8553
9518
10323
11269
12204
13063
13901
14850
15573
16563
17526
18314
19280
20292
21087
21531
0
TO:H,FS:1,FT:2,PC:25
0
597
1603
2452
3240
4202
4987
5848
6759
7677
8534
9370
10255
11204
12204
13063
13901
14841
15560
16563
17526
18314
19280
20292
21087
21531
0
TO:H,FS:2,FT:0,PC:31
0
515
1203
1992
2670
3372
4106
4719
5456
6199
6853
7546
8226
8905
9643
10315
11043
11887
12482
13207
13855
14564
15233
15903
16536
17247
17993
18720
19446
20292
20972
21531
0
TO:H,FS:2,FT:1,PC:31
0
457
1203
1992
2670
3380
4116
4719
5456
6199
6853
7546
8226
8913
9643
10315
11043
11887
12482
13207
13855
14564
15233
15917
16536
17247
17993
18720
19446
20292
20910
21531
0
TO:H,FS:2,FT:2,PC:31
0
450
1203
1992
2660
3380
4116
4719
5456
6199
6853
7546
8226
8905
9643
10315
11043
11887
12482
13207
13855
14513
15171
15840
16485
17186
17930
18659
19376
20232
20793
21531
0
