TO:V,FS:0,FT:0,PC:23
0
879
2126
3518
4749
5929
7243
8358
9477
10536
11625
12673
13594
14398
15417
16638
17832
18826
20034
21243
22347
23534
24739
25245
0
TO:V,FS:0,FT:1,PC:23
0
955
2194
3578
4780
5991
7302
8417
9477
10536
11625
12673
13648
14452
15417
16638
17832
18826
20034
21301
22347
23534
24739
25245
0
TO:V,FS:0,FT:2,PC:24
0
885
2066
3401
4564
5844
7084
8207
9267
10121
11124
12142
13183
14003
14787
15923
17109
18186
19114
20271
21411
22410
23534
24678
25245
0
TO:V,FS:1,FT:0,PC:30
0
721
1601
2617
3626
4536
5582
6449
7354
8219
9069
9797
10605
11366
12142
12989
13721
14443
15303
16202
17109
18031
18817
19640
20514
21547
22347
23300
24312
25237
25245
0
TO:V,FS:1,FT:1,PC:30
0
732
1601
2617
3626
4536
5582
6449
7405
8267
9069
9827
10648
11459
12188
12989
13721
14443
15303
16217
17109
18031
18817
19640
20514
21547
22347
23300
24312
25237
25245
0
TO:V,FS:1,FT:2,PC:31
0
680
1581
2465
3438
4303
5270
6136
7100
7802
8713
9455
10161
10942
11713
12370
13176
13848
14526
15323
16252
17109
17976
18728
19534
20361
21384
22197
23034
23892
24747
25245
0
TO:V,FS:2,FT:0,PC:36
0
566
1376
2048
2874
3658
4358
5178
5929
6751
7390
8113
8863
9451
10052
10739
11366
12022
12673
13387
13882
14390
15008
15722
16453
17262
18016
18622
19362
20104
20803
21569
22326
23092
23803
24541
25245
0
TO:V,FS:2,FT:1,PC:38
0
524
1285
1955
2705
3460
4145
4911
5714
6414
7208
7755
8445
9106
9680
10287
11015
11655
12223
12801
13459
14029
14521
15182
15895
16544
17307
18016
18576
19271
19974
20635
21421
22064
22726
23428
24176
24895
25245
0
TO:V,FS:2,FT:2,PC:38
0
524
1285
1955
2718
3460
4145
4870
5666
6380
7162
7711
8404
9048
9660
10231
10875
11509
12110
12673
13347
13873
14354
14914
15590
16370
17021
17703
18389
18969
19677
20361
21144
21827
22482
23271
23961
24625
25245
0
TO:H,FS:0,FT:0,PC:24
0
780
1917
3278
4381
5751
6987
7928
8960
9969
11015
12096
13124
14021
14735
15810
17066
18208
19271
20296
21569
22804
23915
25094
25245
0
TO:H,FS:0,FT:1,PC:24
0
780
1995
3278
4381
5679
6829
7774
8896
9814
10788
11910
12801
13721
14466
15405
16453
17657
18733
19659
20750
21923
23121
24143
25245
0
TO:H,FS:0,FT:2,PC:24
0
780
1909
3258
4330
5612
6745
7692
8896
9814
10788
11910
12801
13721
14466
15417
16529
17732
18801
19736
20816
21993
23190
24207
25245
0
TO:H,FS:1,FT:0,PC:31
0
544
1541
2500
3541
4381
5410
6260
7243
8054
8896
9597
10287
11073
11952
12684
13459
14105
14735
15484
16453
17459
18208
18878
19777
20631
21569
22417
23300
24239
25078
25245
0
TO:H,FS:1,FT:1,PC:31
0
544
1541
2500
3541
4381
5410
6260
7243
8054
8896
9597
10287
11073
11952
12684
13459
14105
14735
15484
16453
17459
18208
18878
19777
20631
21569
22417
23300
24299
25141
25245
0
TO:H,FS:1,FT:2,PC:31
0
544
1541
2500
3476
4358
5342
6191
7225
7928
8832
9477
10231
11015
11931
12565
13347
13943
14481
15313
16128
17043
17853
18576
19449
20237
21144
21972
22863
23661
24492
25245
0
TO:H,FS:2,FT:0,PC:40
0
469
1222
1832
2600
3338
4049
4780
5571
6152
6903
7538
8277
8896
9477
10052
10710
11262
11902
12471
13108
13594
14105
14577
15185
15810
16453
17241
17892
18493
19047
19698
20361
21118
21737
22347
23121
23709
24393
25122
25245
0
TO:H,FS:2,FT:1,PC:40
0
402
1171
1770
2543
3278
4049
4780
5571
6152
6903
7538
8277
8896
9477
10052
10710
11262
11902
12419
12989
13532
14029
14481
15072
15706
16440
17129
17776
18439
18934
19589
20296
20997
21621
22335
23005
23594
24356
25008
25245
0
TO:H,FS:2,FT:2,PC:40
0
402
1158
1770
2543
3278
4049
4780
5576
6207
6962
7538
8277
8896
9477
10052
10710
11262
11910
12425
13049
13583
14082
14529
15130
15758
16453
17241
17895
18493
19047
19698
20361
21118
21737
22347
23131
23709
24393
25122
25245
0
