TO:V,FS:0,FT:0,PC:19
0
1101
2345
3572
4947
6145
7343
8671
10075
11198
12301
13397
14507
15823
17199
18531
19687
20978
22243
23511
0
TO:V,FS:0,FT:1,PC:19
0
1037
2298
3514
4890
6145
7343
8671
10075
11198
12314
13515
14684
16005
17380
18712
19855
21083
22336
23511
0
TO:V,FS:0,FT:2,PC:20
0
1046
2228
3399
4715
5968
7000
8290
9597
10838
11768
12951
14126
15326
16472
17776
19073
20313
21437
22702
23511
0
TO:V,FS:1,FT:0,PC:25
0
806
1853
2790
3777
4824
5838
6642
7754
8772
9741
10744
11584
12518
13377
14318
15323
16169
17290
18325
19327
20255
21129
22184
23116
23511
0
TO:V,FS:1,FT:1,PC:25
0
754
1804
2741
3684
4715
5737
6527
7588
8591
9539
10594
11392
12314
13276
14269
15223
16110
17236
18276
19246
20158
21028
22073
23031
23511
0
TO:V,FS:1,FT:2,PC:26
0
754
1804
2718
3684
4715
5737
6482
7487
8443
9359
10454
11224
12028
12893
13888
14714
15690
16692
17750
18778
19609
20616
21380
22328
23342
23511
0
TO:V,FS:2,FT:0,PC:32
0
589
1470
2178
2975
3708
4550
5319
6037
6600
7403
8210
8933
9759
10539
11224
11814
12596
13276
14042
14722
15517
16262
17138
17911
18770
19450
20158
20916
21639
22460
23238
23511
0
TO:V,FS:2,FT:1,PC:31
0
589
1470
2178
2975
3749
4625
5443
6127
6686
7581
8340
9083
9995
10699
11318
11994
12789
13462
14192
14952
15737
16525
17410
18184
18979
19628
20476
21112
21909
22740
23511
0
TO:V,FS:2,FT:2,PC:33
0
549
1386
2049
2786
3488
4331
5073
5792
6362
7061
7876
8591
9309
10143
10771
11347
11994
12734
13326
14042
14684
15429
16169
17031
17776
18600
19308
19944
20737
21380
22184
22926
23511
0
