TO:V,FS:0,FT:0,PC:31
0
891
2040
3039
4147
5189
6346
7468
8562
9688
10910
12045
13279
14464
15413
16496
17608
18804
19927
21168
22307
23301
24554
25790
26825
27847
28998
30170
31439
32687
33650
34518
0
TO:V,FS:0,FT:1,PC:31
0
910
2040
3051
4207
5252
6463
7593
8687
9875
11041
12268
13394
14509
15539
16548
17663
18865
19988
21168
22322
23301
24495
25730
26785
27847
28998
30170
31439
32687
33657
34518
0
TO:V,FS:0,FT:2,PC:32
0
860
1982
2948
4034
5018
6230
7326
8474
9476
10633
11808
13025
14115
15096
16056
16999
18152
19280
20460
21514
22586
23781
24817
25962
27065
28207
29242
30446
31622
32723
33699
34518
0
TO:V,FS:1,FT:0,PC:40
0
625
1521
2247
3051
3892
4814
5682
6572
7355
8286
9134
10027
10897
11808
12847
13736
14554
15298
16194
16976
17946
18804
19700
20646
21453
22364
23144
24064
25010
25962
26852
27700
28578
29397
30323
31345
32277
33006
33699
34518
0
TO:V,FS:1,FT:1,PC:41
0
625
1521
2247
3051
3892
4814
5682
6579
7355
8286
9086
9996
10845
11761
12795
13682
14509
15248
16094
16885
17904
18751
19700
20646
21441
22350
23052
23967
24910
25917
26769
27552
28392
29184
30113
31093
32034
32813
33496
34457
34518
0
TO:V,FS:1,FT:2,PC:42
0
580
1438
2174
2916
3686
4497
5380
6230
7103
7947
8629
9510
10348
11335
12190
13161
13975
14729
15447
16277
16999
17963
18847
19700
20598
21406
22294
23002
23933
24754
25751
26545
27304
28152
28998
29843
30709
31574
32453
33174
33847
34518
0
TO:V,FS:2,FT:0,PC:51
0
494
1182
1803
2345
3002
3675
4351
4967
5759
6482
7141
7891
8537
9227
9973
10605
11368
12115
12911
13621
14293
14872
15539
16199
16798
17544
18229
18994
19700
20472
21077
21743
22407
23002
23830
24541
25221
25962
26683
27269
27907
28737
29287
30113
30871
31570
32303
32873
33403
34085
34518
0
TO:V,FS:2,FT:1,PC:52
0
494
1143
1779
2307
2935
3554
4261
4889
5611
6276
6923
7575
8253
8860
9519
10281
10980
11644
12376
13134
13816
14377
14984
15681
16319
16842
17592
18229
18994
19700
20448
21077
21706
22364
22960
23744
24455
25149
25917
26606
27139
27847
28554
29184
29904
30550
31345
32065
32687
33246
33742
34518
0
TO:V,FS:2,FT:2,PC:53
0
482
1073
1709
2241
2861
3512
4225
4889
5611
6276
6916
7575
8253
8837
9519
10258
10916
11557
12321
13040
13721
14308
14909
15539
16194
16714
17469
18106
18886
19527
20228
20930
21532
22200
22859
23513
24233
24934
25682
26351
26921
27552
28218
28954
29555
30209
30991
31704
32356
32950
33476
34134
34518
0
TO:H,FS:0,FT:0,PC:32
0
699
1803
2748
3738
4889
6152
7211
8422
9533
10640
11823
13096
14069
14984
15942
16999
18132
19330
20565
21526
22465
23654
24703
25917
26882
27907
28998
30113
31384
32429
33403
34518
0
TO:H,FS:0,FT:1,PC:33
0
699
1803
2748
3738
4889
6152
7141
8269
9310
10422
11515
12795
13932
14833
15845
16658
17930
18994
20046
21135
22148
23108
24205
25355
26484
27401
28591
29477
30630
31828
32723
33699
34518
0
TO:H,FS:0,FT:2,PC:33
0
699
1803
2736
3686
4759
5933
6978
8062
9161
10281
11368
12560
13742
14703
15620
16562
17704
18773
19745
20956
21852
22893
23967
25123
26254
27093
28292
29242
30396
31514
32655
33403
34518
0
TO:H,FS:1,FT:0,PC:43
0
494
1345
2123
2921
3686
4456
5358
6216
6994
7810
8562
9310
10281
11178
11985
12930
13803
14565
15248
16072
16774
17737
18524
19362
20195
21054
21815
22596
23482
24369
25217
26022
26852
27609
28490
29242
30170
31205
32094
32723
33403
34263
34518
0
TO:H,FS:1,FT:1,PC:42
0
554
1403
2185
2976
3738
4573
5424
6230
7127
7947
8629
9503
10398
11368
12241
13196
13992
14799
15506
16340
16999
17963
18847
19674
20495
21321
22115
22893
23883
24703
25623
26484
27093
27971
28910
29689
30550
31439
32356
33087
33699
34518
0
TO:H,FS:1,FT:2,PC:43
0
494
1345
2123
2921
3686
4456
5292
6216
6994
7827
8562
9310
10281
11244
12052
12994
13869
14616
15248
16005
16714
17670
18463
19296
20128
20952
21653
22423
23151
23967
24817
25819
26554
27161
28040
28969
29747
30616
31498
32356
33087
33699
34518
0
TO:H,FS:2,FT:0,PC:53
0
494
1173
1803
2347
2992
3625
4295
4889
5586
6230
6911
7532
8160
8743
9367
10126
10739
11425
12102
12861
13451
14103
14692
15248
15942
16562
17214
17963
18618
19266
19850
20606
21267
21852
22521
23126
23883
24613
25258
25917
26550
27093
27847
28572
29184
29930
30606
31384
32121
32687
33246
33811
34518
0
TO:H,FS:2,FT:1,PC:53
0
494
1173
1803
2347
3039
3686
4414
4967
5740
6346
7033
7645
8265
8857
9473
10229
10851
11515
12268
12976
13682
14308
14939
15470
16108
16582
17322
17984
18734
19382
20020
20776
21375
21969
22645
23233
23942
24672
25338
25962
26653
27153
27847
28572
29184
29930
30606
31384
32121
32687
33246
33811
34518
0
TO:H,FS:2,FT:2,PC:54
0
411
1017
1662
2204
2895
3512
4188
4869
5466
6152
6745
7355
8062
8629
9310
10068
10680
11368
12045
12801
13338
13992
14608
15108
15804
16376
16918
17654
18266
18994
19700
20400
21040
21693
22364
22946
23634
24261
24929
25673
26300
26882
27501
28137
28910
29473
30170
30940
31613
32303
32873
33403
34085
34518
0
