The Social Skills Guidebook
LH:228930,BH:8346,MH:594687
TO:V,FS:0,FT:0,PC:6
0
1158
2701
4237
5658
7413
8346
0
TO:V,FS:0,FT:1,PC:6
0
1158
2633
4178
5658
7419
8346
0
TO:V,FS:0,FT:2,PC:6
0
1139
2581
4049
5471
7143
8346
0
TO:V,FS:0,FT:3,PC:6
0
1147
2513
4059
5415
7143
8346
0
TO:V,FS:0,FT:4,PC:6
0
1103
2423
3955
5204
6771
8346
0
TO:V,FS:0,FT:5,PC:6
0
1072
2436
3955
5204
6832
8346
0
TO:V,FS:0,FT:6,PC:7
0
1008
2300
3830
5110
6490
7900
8346
0
TO:V,FS:0,FT:7,PC:7
0
1003
2300
3751
5052
6356
7790
8346
0
TO:V,FS:1,FT:0,PC:7
0
941
2208
3375
4563
5773
7182
8346
0
TO:V,FS:1,FT:1,PC:7
0
941
2217
3375
4563
5778
7124
8346
0
TO:V,FS:1,FT:2,PC:8
0
889
2093
3251
4460
5613
6953
8262
8346
0
TO:V,FS:1,FT:3,PC:8
0
889
2115
3251
4418
5622
6953
8335
8346
0
TO:V,FS:1,FT:4,PC:8
0
804
1798
2940
3990
5024
6185
7304
8346
0
TO:V,FS:1,FT:5,PC:8
0
889
2008
3130
4360
5375
6705
7963
8346
0
TO:V,FS:1,FT:6,PC:9
0
774
1771
2920
3990
4981
6059
7172
8293
8346
0
TO:V,FS:1,FT:7,PC:9
0
774
1764
2901
3955
4925
5931
7065
8178
8346
0
TO:V,FS:2,FT:0,PC:9
0
707
1528
2553
3530
4445
5305
6292
7358
8346
0
TO:V,FS:2,FT:1,PC:9
0
654
1473
2513
3476
4403
5252
6292
7358
8346
0
TO:V,FS:2,FT:2,PC:10
0
654
1473
2517
3476
4360
5204
6242
7255
8213
8346
0
TO:V,FS:2,FT:3,PC:10
0
654
1473
2466
3388
4343
5148
6185
7158
8162
8346
0
TO:V,FS:2,FT:4,PC:11
0
654
1432
2300
3112
3990
4808
5559
6421
7352
8170
8346
0
TO:V,FS:2,FT:5,PC:10
0
654
1432
2402
3381
4360
5204
6242
7255
8203
8346
0
TO:V,FS:2,FT:6,PC:11
0
608
1327
2164
3011
3910
4614
5293
6242
7105
7947
8346
0
TO:V,FS:2,FT:7,PC:11
0
608
1327
2158
3011
3910
4574
5248
6185
6987
7779
8346
0
TO:V,FS:3,FT:0,PC:12
0
608
1289
2065
2811
3564
4317
4931
5633
6421
7262
7994
8346
0
TO:V,FS:3,FT:1,PC:12
0
608
1289
2022
2724
3424
4151
4883
5513
6292
7087
7802
8346
0
TO:V,FS:3,FT:2,PC:12
0
586
1228
1936
2633
3334
4067
4729
5339
6155
6905
7573
8346
0
TO:V,FS:3,FT:3,PC:12
0
586
1228
1947
2724
3469
4196
4883
5516
6292
7093
7811
8346
0
TO:V,FS:3,FT:4,PC:14
0
557
1116
1672
2300
3011
3698
4360
4931
5516
6242
6941
7538
8252
8346
0
TO:V,FS:3,FT:5,PC:12
0
608
1228
1910
2633
3381
4151
4808
5415
6242
7045
7757
8346
0
TO:V,FS:3,FT:6,PC:14
0
514
1026
1567
2244
2883
3469
4109
4678
5204
5918
6545
7196
7787
8346
0
TO:V,FS:3,FT:7,PC:14
0
514
1026
1567
2244
2869
3424
4029
4574
5148
5790
6413
7087
7657
8346
0
TO:H,FS:0,FT:0,PC:6
0
970
2300
3955
5204
6910
8346
0
TO:H,FS:0,FT:1,PC:6
0
970
2300
3955
5204
6910
8346
0
TO:H,FS:0,FT:2,PC:6
0
970
2300
3955
5204
6823
8346
0
TO:H,FS:0,FT:3,PC:7
0
889
2244
3804
5097
6475
8183
8346
0
TO:H,FS:0,FT:4,PC:7
0
889
2244
3587
4796
6242
7615
8346
0
TO:H,FS:0,FT:5,PC:7
0
889
2244
3695
4931
6292
7790
8346
0
TO:H,FS:0,FT:6,PC:7
0
826
2071
3334
4574
5912
7339
8346
0
TO:H,FS:0,FT:7,PC:7
0
826
2062
3239
4438
5658
7087
8346
0
TO:H,FS:1,FT:0,PC:8
0
804
1950
3067
4360
5352
6594
7852
8346
0
TO:H,FS:1,FT:1,PC:8
0
814
2027
3149
4360
5435
6751
7975
8346
0
TO:H,FS:1,FT:2,PC:8
0
734
1870
3011
4139
5148
6292
7538
8346
0
TO:H,FS:1,FT:3,PC:8
0
734
1888
3011
4143
5204
6436
7695
8346
0
TO:H,FS:1,FT:4,PC:9
0
718
1545
2770
3906
4787
5860
7010
8106
8346
0
TO:H,FS:1,FT:5,PC:8
0
734
1717
2926
3990
5071
6193
7373
8346
0
TO:H,FS:1,FT:6,PC:9
0
654
1553
2633
3727
4640
5644
6727
7829
8346
0
TO:H,FS:1,FT:7,PC:9
0
654
1473
2584
3638
4552
5483
6574
7607
8346
0
TO:H,FS:2,FT:0,PC:10
0
654
1432
2300
3266
4168
5052
5984
6941
7790
8346
0
TO:H,FS:2,FT:1,PC:10
0
608
1404
2244
3139
4049
4931
5856
6812
7731
8346
0
TO:H,FS:2,FT:2,PC:10
0
608
1404
2244
3139
4049
4931
5852
6812
7668
8346
0
TO:H,FS:2,FT:3,PC:10
0
608
1352
2244
3139
4049
4914
5793
6760
7673
8346
0
TO:H,FS:2,FT:4,PC:11
0
608
1342
2173
2981
3787
4512
5204
6177
7010
7824
8346
0
TO:H,FS:2,FT:5,PC:10
0
654
1432
2300
3207
4109
4931
5790
6748
7601
8346
0
TO:H,FS:2,FT:6,PC:12
0
593
1211
1929
2693
3487
4229
4931
5658
6406
7315
8088
8346
0
TO:H,FS:2,FT:7,PC:12
0
590
1211
1924
2633
3388
4109
4844
5570
6292
7191
7963
8346
0
TO:H,FS:3,FT:0,PC:13
0
549
1129
1771
2466
3190
3955
4574
5148
5885
6634
7461
8135
8346
0
TO:H,FS:3,FT:1,PC:12
0
549
1158
1834
2581
3301
3990
4667
5260
6118
6878
7538
8346
0
TO:H,FS:3,FT:2,PC:12
0
492
1129
1771
2522
3246
3990
4667
5260
6059
6804
7538
8346
0
TO:H,FS:3,FT:3,PC:12
0
501
1150
1788
2536
3251
3990
4667
5263
6143
6882
7591
8346
0
TO:H,FS:3,FT:4,PC:14
0
484
1015
1528
2244
2940
3580
4233
4815
5397
6118
6734
7450
8054
8346
0
TO:H,FS:3,FT:5,PC:13
0
530
1129
1771
2466
3190
3955
4574
5148
5885
6562
7461
8122
8346
0
TO:H,FS:3,FT:6,PC:15
0
402
889
1432
2071
2684
3285
3955
4504
5074
5638
6242
6874
7480
8122
8346
0
TO:H,FS:3,FT:7,PC:15
0
402
889
1432
2071
2624
3127
3877
4360
4931
5462
6201
6763
7480
8119
8346
0
