TO:V,FS:0,FT:0,PC:13
0
1302
3199
5053
6833
8553
10165
11716
13215
14437
15612
16706
18262
19654
0
TO:V,FS:0,FT:1,PC:13
0
1302
3199
5053
6833
8553
10165
11716
13233
14437
15612
16715
18262
19654
0
TO:V,FS:0,FT:2,PC:14
0
1302
3124
4898
6721
8531
9955
11502
12948
14271
15444
16298
17868
19550
19654
0
TO:V,FS:1,FT:0,PC:17
0
952
2486
3910
5303
6709
8207
9582
10689
11890
13007
14152
15071
15860
16971
18147
19404
19654
0
TO:V,FS:1,FT:1,PC:17
0
952
2486
3910
5303
6728
8263
9602
10804
11962
13185
14253
15193
15953
17150
18253
19556
19654
0
TO:V,FS:1,FT:2,PC:17
0
929
2399
3711
5061
6403
7855
9155
10254
11502
12649
13816
14710
15596
16364
17665
18798
19654
0
TO:V,FS:2,FT:0,PC:22
0
813
1875
3033
4051
5164
6230
7337
8468
9492
10304
11257
12124
12985
13853
14524
15338
15948
16822
17763
18680
19640
19654
0
TO:V,FS:2,FT:1,PC:22
0
813
1824
2984
4017
5056
6158
7147
8326
9284
10163
11155
11962
12828
13685
14409
15127
15733
16411
17447
18375
19294
19654
0
TO:V,FS:2,FT:2,PC:22
0
766
1736
2832
3805
4803
5853
6833
7994
8973
9926
10829
11662
12545
13352
14152
14842
15546
16188
17145
17962
18863
19654
0
