TO:V,FS:0,FT:0,PC:17
0
1083
2315
3535
4777
6042
7121
8319
9591
10809
12340
13631
14955
16108
17500
18942
20299
20883
0
TO:V,FS:0,FT:1,PC:17
0
1083
2315
3590
4840
6098
7171
8437
9698
10922
12410
13814
15064
16164
17556
19006
20386
20883
0
TO:V,FS:0,FT:2,PC:18
0
1083
2266
3415
4545
5777
6904
8070
9198
10452
11732
12978
14415
15500
16700
18044
19320
20672
20883
0
TO:V,FS:1,FT:0,PC:22
0
863
1781
2792
3692
4617
5639
6528
7336
8368
9333
10367
11366
12498
13558
14623
15493
16472
17442
18624
19592
20707
20883
0
TO:V,FS:1,FT:1,PC:22
0
875
1739
2687
3555
4365
5362
6295
7087
8044
8977
9906
10834
11940
13001
14123
15085
16004
16966
18125
19271
20279
20883
0
TO:V,FS:1,FT:2,PC:23
0
766
1668
2577
3475
4318
5280
6211
7047
7993
8891
9817
10680
11748
12742
13822
14826
15713
16676
17594
18710
19697
20755
20883
0
TO:V,FS:2,FT:0,PC:28
0
636
1388
2085
2856
3551
4282
4988
5750
6472
7121
7892
8670
9397
10121
10851
11689
12523
13327
14171
14938
15601
16290
17034
17883
18700
19465
20343
20883
0
TO:V,FS:2,FT:1,PC:28
0
649
1388
2085
2840
3512
4242
4949
5710
6438
7087
7875
8626
9360
10079
10809
11648
12479
13284
14123
14903
15607
16290
17034
17883
18700
19465
20343
20883
0
TO:V,FS:2,FT:2,PC:29
0
636
1343
2014
2707
3355
4090
4812
5476
6173
6846
7511
8285
9002
9663
10383
11110
11883
12645
13464
14260
14955
15627
16290
16987
17836
18621
19342
20166
20883
0
