TO:V,FS:0,FT:0,PC:9
0
998
2092
3048
3940
4963
6127
7366
8633
9765
0
TO:V,FS:0,FT:1,PC:9
0
998
2092
3048
3940
5004
6189
7491
8721
9765
0
TO:V,FS:0,FT:2,PC:10
0
938
1994
2915
3781
4783
5823
6947
8264
9503
9765
0
TO:V,FS:1,FT:0,PC:12
0
771
1704
2510
3336
4063
4886
5722
6730
7676
8682
9736
9765
0
TO:V,FS:1,FT:1,PC:12
0
771
1660
2402
3177
3906
4634
5477
6362
7407
8416
9478
9765
0
TO:V,FS:1,FT:2,PC:12
0
771
1660
2402
3177
3859
4588
5432
6258
7251
8210
9223
9765
0
TO:V,FS:2,FT:0,PC:15
0
613
1345
1994
2602
3300
3781
4452
5103
5766
6489
7257
8048
8807
9675
9765
0
TO:V,FS:2,FT:1,PC:15
0
613
1314
1950
2602
3300
3781
4452
5103
5766
6475
7257
8064
8811
9675
9765
0
TO:V,FS:2,FT:2,PC:15
0
613
1278
1858
2501
3072
3638
4232
4906
5538
6189
6889
7696
8522
9223
9765
0
