TO:V,FS:0,FT:0,PC:18
0
879
2031
3216
4431
5633
6820
7922
8975
10057
11210
12376
13572
14653
15802
16869
17738
18799
19549
0
TO:V,FS:0,FT:1,PC:18
0
879
2031
3216
4431
5633
6820
7922
8990
10057
11210
12376
13572
14653
15802
16889
17755
18808
19549
0
TO:V,FS:0,FT:2,PC:19
0
832
1919
3041
4215
5267
6441
7493
8516
9633
10678
11817
12915
13949
15085
16187
17182
18008
18982
19549
0
TO:V,FS:1,FT:0,PC:24
0
599
1437
2184
3216
4135
5061
5858
6820
7690
8494
9337
10192
11103
11978
12888
13784
14637
15504
16407
17178
17882
18660
19464
19549
0
TO:V,FS:1,FT:1,PC:23
0
599
1478
2239
3265
4185
5110
5907
6874
7793
8516
9351
10296
11210
12172
13056
13843
14740
15671
16498
17240
17943
18808
19549
0
TO:V,FS:1,FT:2,PC:25
0
557
1396
2091
3072
3925
4798
5676
6539
7404
8179
8970
9790
10608
11397
12306
13180
13993
14843
15714
16498
17240
17892
18709
19464
19549
0
TO:V,FS:2,FT:0,PC:29
0
500
1161
1807
2486
3271
3972
4686
5434
6161
6918
7624
8255
8840
9523
10232
10924
11640
12376
13163
13784
14453
15162
15874
16617
17209
17787
18482
19118
19549
0
TO:V,FS:2,FT:1,PC:30
0
500
1161
1765
2394
3141
3884
4553
5259
5941
6714
7404
8038
8572
9285
9931
10658
11289
12060
12726
13403
14054
14755
15402
16101
16770
17306
17892
18552
19194
19549
0
TO:V,FS:2,FT:2,PC:30
0
448
1097
1729
2349
3094
3854
4471
5179
5858
6622
7308
7945
8516
9222
9803
10541
11200
11862
12510
13227
13883
14574
15246
15922
16617
17209
17755
18439
19045
19549
0
TO:H,FS:0,FT:0,PC:19
0
712
1807
2906
4004
5179
6313
7479
8439
9351
10608
11806
13068
13989
15085
16213
17240
18264
19266
19549
0
TO:H,FS:0,FT:1,PC:20
0
726
1807
2906
3925
5087
6008
7177
8155
9101
10116
11210
12376
13532
14524
15539
16568
17432
18439
19441
19549
0
TO:H,FS:0,FT:2,PC:20
0
655
1785
2752
3884
4937
5858
7026
8064
8953
9962
11124
12243
13227
14366
15237
16358
17240
18187
19145
19549
0
TO:H,FS:1,FT:0,PC:25
0
484
1286
2046
2982
3925
4823
5676
6516
7319
7993
8702
9541
10406
11210
12075
12915
13749
14519
15284
16160
16949
17565
18408
19077
19549
0
TO:H,FS:1,FT:1,PC:24
0
484
1353
2091
3117
3993
4888
5743
6539
7404
8147
8898
9740
10608
11356
12306
13180
13975
14806
15678
16498
17240
17892
18767
19549
0
TO:H,FS:1,FT:2,PC:25
0
484
1343
2046
2920
3884
4689
5541
6362
7197
7983
8636
9476
10350
11210
12075
12915
13749
14519
15219
16095
16889
17507
18343
19077
19549
0
TO:H,FS:2,FT:0,PC:32
0
360
989
1644
2149
2911
3660
4317
5011
5676
6313
6991
7609
8231
8801
9465
10116
10787
11397
12189
12823
13449
14112
14761
15380
16000
16647
17231
17651
18277
18808
19431
19549
0
TO:H,FS:2,FT:1,PC:32
0
409
1033
1653
2207
2920
3719
4376
5061
5734
6373
7051
7665
8264
8858
9523
10172
10838
11457
12243
12883
13505
14188
14818
15446
16061
16697
17240
17732
18390
18913
19527
19549
0
TO:H,FS:2,FT:2,PC:32
0
314
947
1599
2149
2911
3605
4258
4956
5612
6256
6932
7550
8179
8742
9409
10057
10730
11345
12130
12718
13335
14001
14594
15219
15830
16498
17095
17507
18110
18736
19295
19549
0
