TO:V,FS:0,FT:0,PC:12
0
776
1959
3212
4384
5625
6708
7721
8951
10198
11127
12310
12939
0
TO:V,FS:0,FT:1,PC:12
0
776
1945
3212
4384
5625
6708
7721
8951
10198
11127
12310
12939
0
TO:V,FS:0,FT:2,PC:12
0
776
1945
3155
4286
5434
6432
7431
8563
9834
10782
11862
12939
0
TO:V,FS:1,FT:0,PC:15
0
564
1570
2416
3374
4283
5231
6181
6957
7691
8606
9659
10468
11201
12081
12939
0
TO:V,FS:1,FT:1,PC:15
0
520
1529
2353
3274
4178
5134
6075
6911
7599
8563
9558
10387
11112
12053
12939
0
TO:V,FS:1,FT:2,PC:16
0
520
1471
2301
3212
4021
4918
5772
6657
7412
8258
9101
9980
10774
11503
12390
12939
0
TO:V,FS:2,FT:0,PC:19
0
470
1240
1935
2637
3318
4048
4721
5523
6228
6885
7512
8288
8990
9834
10429
11067
11894
12616
12939
0
TO:V,FS:2,FT:1,PC:20
0
426
1155
1895
2593
3274
3956
4593
5354
6026
6657
7304
7954
8606
9393
10060
10688
11292
12053
12798
12939
0
TO:V,FS:2,FT:2,PC:20
0
426
1155
1895
2585
3274
3956
4593
5354
6026
6657
7304
7943
8606
9393
10060
10688
11292
12053
12798
12939
0
TO:H,FS:0,FT:0,PC:13
0
612
1895
3159
4192
5357
6260
7194
8306
9484
10509
11533
12764
12939
0
TO:H,FS:0,FT:1,PC:13
0
612
1895
3159
4121
5208
6228
7096
8082
9214
10215
11142
12231
12939
0
TO:H,FS:0,FT:2,PC:13
0
612
1895
3086
4044
5134
6228
7096
8082
9214
10215
11067
12231
12939
0
TO:H,FS:1,FT:0,PC:16
0
470
1413
2205
3179
3888
4748
5673
6519
7252
8009
8794
9771
10496
11201
12081
12939
0
TO:H,FS:1,FT:1,PC:16
0
470
1418
2205
3179
3888
4753
5673
6519
7252
8009
8802
9834
10509
11268
12081
12939
0
TO:H,FS:1,FT:2,PC:16
0
470
1430
2205
3179
3888
4729
5625
6389
7172
7872
8665
9706
10439
11131
12053
12939
0
TO:H,FS:2,FT:0,PC:21
0
426
1095
1870
2416
3194
3756
4428
5186
5839
6479
7009
7549
8324
8937
9722
10265
10867
11455
12081
12878
12939
0
TO:H,FS:2,FT:1,PC:21
0
426
1095
1870
2416
3194
3756
4428
5186
5839
6482
7059
7549
8324
8951
9714
10265
10867
11455
12081
12888
12939
0
TO:H,FS:2,FT:2,PC:21
0
388
988
1753
2339
3081
3731
4328
5048
5673
6317
6957
7521
8210
8836
9597
10215
10782
11354
12053
12764
12939
0
