The Social Skills Guidebook
LH:320066,BH:16888,MH:594687
TO:V,FS:0,FT:0,PC:12
0
1184
2642
3931
5284
6702
8196
9708
10746
12276
13994
15680
16888
0
TO:V,FS:0,FT:1,PC:12
0
1184
2642
3996
5362
6829
8386
9810
10966
12688
14353
15856
16888
0
TO:V,FS:0,FT:2,PC:13
0
1122
2541
3831
5164
6526
8077
9475
10566
12020
13601
15136
16645
16888
0
TO:V,FS:0,FT:3,PC:13
0
1066
2488
3752
5095
6386
7954
9267
10433
11819
13455
15012
16505
16888
0
TO:V,FS:0,FT:4,PC:14
0
996
2276
3526
4831
6020
7368
8592
9939
11014
12606
14060
15429
16855
16888
0
TO:V,FS:0,FT:5,PC:13
0
1066
2423
3693
4960
6136
7595
8867
10004
11014
12682
14118
15606
16888
0
TO:V,FS:0,FT:6,PC:14
0
917
2129
3435
4618
5647
7002
8322
9601
10579
11859
13212
14526
15856
16888
0
TO:V,FS:0,FT:7,PC:14
0
917
2069
3235
4477
5536
6829
8126
9331
10431
11606
13055
14349
15704
16888
0
TO:V,FS:1,FT:0,PC:15
0
895
2047
3165
4216
5265
6345
7555
8592
9802
10602
11893
13212
14449
15716
16888
0
TO:V,FS:1,FT:1,PC:15
0
895
2047
3165
4216
5271
6345
7622
8651
9926
10917
12209
13586
14839
16026
16888
0
TO:V,FS:1,FT:2,PC:16
0
836
1987
3165
4151
5220
6294
7510
8532
9745
10602
11838
13098
14293
15489
16674
16888
0
TO:V,FS:1,FT:3,PC:16
0
844
1932
3089
4048
5095
6136
7314
8435
9708
10579
11783
13101
14293
15560
16741
16888
0
TO:V,FS:1,FT:4,PC:17
0
710
1794
2757
3632
4592
5486
6463
7582
8532
9708
10504
11537
12714
13828
14914
15958
16888
0
TO:V,FS:1,FT:5,PC:16
0
836
1922
3086
4037
5095
6127
7250
8297
9389
10213
11014
12326
13532
14681
15829
16888
0
TO:V,FS:1,FT:6,PC:18
0
732
1810
2726
3642
4656
5536
6515
7543
8490
9601
10373
11246
12379
13481
14573
15659
16712
16888
0
TO:V,FS:1,FT:7,PC:18
0
722
1810
2726
3632
4656
5536
6515
7543
8490
9601
10373
11238
12379
13481
14521
15606
16598
16888
0
TO:V,FS:2,FT:0,PC:20
0
570
1514
2281
3165
3872
4745
5486
6306
7200
8077
9006
9896
10579
11412
12357
13393
14293
15167
16117
16888
0
TO:V,FS:2,FT:1,PC:20
0
570
1525
2281
3165
3878
4745
5536
6440
7360
8226
9201
10004
10816
11754
12754
13741
14613
15569
16435
16888
0
TO:V,FS:2,FT:2,PC:21
0
570
1514
2240
3110
3740
4588
5299
6079
6917
7730
8532
9572
10256
11014
12115
13101
13948
14786
15771
16683
16888
0
TO:V,FS:2,FT:3,PC:20
0
570
1485
2281
3165
3922
4745
5486
6309
7246
8126
9119
9926
10602
11593
12606
13572
14470
15374
16368
16888
0
TO:V,FS:2,FT:4,PC:22
0
570
1428
2150
2965
3617
4301
5067
5751
6497
7314
8126
9000
9745
10409
11146
12115
12977
13762
14592
15382
16239
16888
0
TO:V,FS:2,FT:5,PC:21
0
570
1514
2276
3110
3776
4588
5249
6020
6871
7678
8532
9524
10182
10917
11888
12852
13741
14563
15468
16368
16888
0
TO:V,FS:2,FT:6,PC:23
0
560
1332
2069
2866
3526
4234
4893
5585
6374
7126
7866
8532
9364
10047
10697
11491
12357
13212
14013
14806
15643
16420
16888
0
TO:V,FS:2,FT:7,PC:24
0
510
1247
1915
2658
3321
3974
4733
5362
6062
6817
7582
8313
9105
9745
10409
11063
11974
12803
13605
14409
15112
15947
16748
16888
0
TO:V,FS:3,FT:0,PC:25
0
510
1165
1836
2515
3165
3733
4382
5021
5585
6254
6932
7630
8350
9136
9789
10363
10966
11801
12591
13373
14060
14737
15468
16239
16888
0
TO:V,FS:3,FT:1,PC:25
0
510
1242
1868
2577
3235
3872
4533
5164
5792
6463
7200
7946
8580
9356
9994
10602
11331
12154
12977
13694
14449
15112
15893
16649
16888
0
TO:V,FS:3,FT:2,PC:26
0
462
1122
1836
2480
3165
3733
4382
5021
5585
6251
6932
7648
8350
9095
9745
10326
10966
11757
12505
13255
13948
14667
15316
16026
16741
16888
0
TO:V,FS:3,FT:3,PC:25
0
462
1165
1836
2480
3165
3769
4426
5067
5617
6294
6988
7678
8386
9182
9789
10373
11014
11864
12591
13373
14060
14773
15489
16206
16888
0
TO:V,FS:3,FT:4,PC:29
0
462
1076
1662
2192
2805
3349
3867
4490
5006
5536
6082
6697
7273
7825
8386
9050
9644
10130
10644
11204
11931
12549
13212
13797
14387
15012
15716
16356
16888
0
TO:V,FS:3,FT:5,PC:26
0
506
1152
1836
2471
3156
3693
4341
4931
5536
6173
6829
7527
8212
8920
9649
10101
10689
11387
12209
13043
13694
14328
15012
15771
16477
16888
0
TO:V,FS:3,FT:6,PC:30
0
434
973
1571
2069
2650
3165
3693
4288
4831
5362
5887
6463
7043
7590
8126
8690
9310
9907
10373
10917
11537
12193
12803
13430
13972
14548
15109
15771
16368
16888
0
TO:V,FS:3,FT:7,PC:31
0
434
973
1574
2069
2650
3165
3683
4210
4765
5258
5809
6382
6929
7491
8077
8532
9201
9745
10248
10808
11379
12080
12629
13292
13831
14387
14963
15564
16181
16765
16888
0
TO:H,FS:0,FT:0,PC:13
0
895
2150
3464
4803
5809
7389
8707
9956
11014
12803
14367
15856
16888
0
TO:H,FS:0,FT:1,PC:13
0
901
2224
3526
4831
6059
7678
9160
10363
11721
13373
15012
16520
16888
0
TO:H,FS:0,FT:2,PC:13
0
895
2150
3464
4803
5809
7389
8618
9926
10966
12549
14138
15680
16888
0
TO:H,FS:0,FT:3,PC:13
0
825
2069
3414
4583
5585
7080
8386
9745
10917
12384
14007
15522
16888
0
TO:H,FS:0,FT:4,PC:14
0
792
2021
3235
4442
5536
6808
8077
9201
10285
11393
12883
14269
15600
16888
0
TO:H,FS:0,FT:5,PC:14
0
812
2069
3414
4498
5536
6829
8126
9447
10363
11450
13055
14436
15771
16888
0
TO:H,FS:0,FT:6,PC:15
0
727
1868
3165
4260
5311
6443
7678
8879
9926
10966
12209
13633
14914
16109
16888
0
TO:H,FS:0,FT:7,PC:15
0
653
1868
3165
4178
5240
6360
7678
8690
9907
10917
12154
13481
14765
15938
16888
0
TO:H,FS:1,FT:0,PC:16
0
649
1836
2985
3931
4967
5950
7200
8274
9267
10139
11014
12361
13619
14879
16001
16888
0
TO:H,FS:1,FT:1,PC:16
0
649
1836
2985
3931
5047
6020
7273
8350
9345
10359
11315
12629
13900
15063
16368
16888
0
TO:H,FS:1,FT:2,PC:17
0
570
1804
2783
3693
4831
5797
6894
8068
8918
9926
10673
11849
13109
14264
15365
16505
16888
0
TO:H,FS:1,FT:3,PC:16
0
570
1816
2783
3693
4831
5809
7038
8126
9201
10063
11014
12285
13481
14686
15771
16888
0
TO:H,FS:1,FT:4,PC:18
0
640
1775
2757
3693
4656
5536
6526
7604
8505
9537
10275
11014
12209
13455
14532
15673
16640
16888
0
TO:H,FS:1,FT:5,PC:18
0
570
1731
2713
3602
4630
5536
6597
7678
8532
9708
10373
11086
12361
13481
14538
15730
16798
16888
0
TO:H,FS:1,FT:6,PC:19
0
570
1583
2506
3452
4240
5095
5950
7028
8077
8982
9926
10602
11537
12623
13680
14728
15771
16794
16888
0
TO:H,FS:1,FT:7,PC:19
0
570
1583
2506
3439
4234
5095
5877
6894
7967
8748
9708
10373
11086
12209
13341
14358
15352
16368
16888
0
TO:H,FS:2,FT:0,PC:21
0
530
1407
2129
3100
3752
4622
5339
6046
6942
7809
8532
9472
10139
10870
11677
12549
13481
14353
15191
16117
16888
0
TO:H,FS:2,FT:1,PC:21
0
462
1360
2129
3100
3752
4622
5362
6136
7056
7951
8668
9601
10213
10917
11874
12750
13648
14532
15382
16311
16888
0
TO:H,FS:2,FT:2,PC:21
0
462
1360
2129
3100
3752
4559
5284
5989
6884
7741
8532
9472
10119
10734
11537
12474
13383
14293
15127
16048
16888
0
TO:H,FS:2,FT:3,PC:21
0
530
1478
2248
3165
3831
4656
5362
6136
7118
8017
8734
9708
10285
10966
12020
12998
13874
14835
15771
16631
16888
0
TO:H,FS:2,FT:4,PC:23
0
462
1314
1979
2729
3464
4206
4950
5585
6395
7200
7973
8592
9447
10055
10602
11359
12209
13153
13937
14728
15511
16321
16888
0
TO:H,FS:2,FT:5,PC:22
0
530
1400
2069
2978
3648
4421
5095
5809
6748
7527
8313
9179
9926
10504
11204
12154
13122
13921
14759
15643
16435
16888
0
TO:H,FS:2,FT:6,PC:25
0
462
1223
1868
2634
3235
3888
4656
5220
5809
6627
7368
8077
8656
9454
10004
10602
11331
12154
12977
13750
14470
15191
15911
16683
16888
0
TO:H,FS:2,FT:7,PC:25
0
462
1223
1868
2634
3235
3888
4656
5220
5809
6571
7314
8077
8656
9454
10004
10602
11331
12154
12977
13750
14470
15188
15911
16683
16888
0
TO:H,FS:3,FT:0,PC:26
0
462
1152
1836
2464
3165
3740
4451
5095
5696
6332
7038
7678
8386
9123
9745
10213
10778
11412
12154
12915
13586
14293
15012
15771
16435
16888
0
TO:H,FS:3,FT:1,PC:26
0
462
1204
1836
2464
3165
3740
4451
5095
5696
6395
7126
7736
8386
9128
9745
10263
10834
11472
12209
13035
13750
14445
15063
15829
16493
16888
0
TO:H,FS:3,FT:2,PC:27
0
434
1055
1753
2321
2985
3526
4200
4831
5462
6062
6774
7461
8126
8765
9497
10004
10504
11014
11888
12606
13361
14060
14777
15453
16146
16879
16888
0
TO:H,FS:3,FT:3,PC:26
0
434
1112
1836
2484
3165
3748
4401
5067
5585
6294
7038
7678
8386
9136
9745
10263
10778
11426
12209
13035
13797
14470
15127
15856
16613
16888
0
TO:H,FS:3,FT:4,PC:30
0
434
965
1583
2108
2749
3235
3740
4301
4878
5362
5899
6497
7146
7678
8326
8891
9572
10051
10547
11014
11740
12357
13101
13694
14293
14914
15522
16109
16732
16888
0
TO:H,FS:3,FT:5,PC:26
0
462
1152
1836
2454
3128
3693
4350
4941
5536
6136
6829
7503
8126
8812
9601
10055
10556
11073
11931
12717
13411
14111
14827
15551
16303
16888
0
TO:H,FS:3,FT:6,PC:30
0
434
952
1583
2069
2666
3216
3683
4248
4831
5362
5862
6511
7151
7730
8281
8867
9534
9956
10492
10966
11649
12256
12960
13586
14210
14852
15436
16018
16654
16888
0
TO:H,FS:3,FT:7,PC:30
0
420
860
1497
1979
2564
3165
3632
4200
4745
5254
5792
6374
7010
7630
8126
8698
9321
9902
10334
10881
11431
12154
12803
13455
14060
14713
15279
15856
16490
16888
0
