TO:V,FS:0,FT:0,PC:10
0
883
2247
3338
4415
5436
6519
7482
8468
9507
10433
0
TO:V,FS:0,FT:1,PC:10
0
823
2183
3287
4362
5384
6519
7533
8519
9562
10433
0
TO:V,FS:0,FT:2,PC:11
0
823
2131
3169
4191
5217
6273
7176
8210
9083
10009
10433
0
TO:V,FS:1,FT:0,PC:13
0
644
1668
2707
3518
4284
5143
5964
6784
7607
8350
9083
9841
10433
0
TO:V,FS:1,FT:1,PC:13
0
644
1668
2707
3518
4284
5143
5964
6794
7620
8394
9172
9929
10433
0
TO:V,FS:1,FT:2,PC:14
0
554
1555
2539
3263
4026
4925
5634
6519
7220
8005
8674
9337
10098
10433
0
TO:V,FS:2,FT:0,PC:17
0
439
1242
2070
2777
3411
4102
4857
5444
6128
6768
7419
8109
8622
9194
9761
10393
10433
0
TO:V,FS:2,FT:1,PC:17
0
396
1159
1941
2726
3282
3946
4622
5217
5802
6539
7136
7772
8350
8908
9470
10009
10433
0
TO:V,FS:2,FT:2,PC:17
0
396
1159
1941
2726
3282
3946
4622
5217
5802
6519
7082
7694
8300
8838
9337
9912
10433
0
TO:H,FS:0,FT:0,PC:11
0
644
2049
3091
4026
5135
5964
6929
8101
8908
9904
10433
0
TO:H,FS:0,FT:1,PC:11
0
644
1979
3091
3987
5062
5882
6817
7896
8761
9657
10433
0
TO:H,FS:0,FT:2,PC:11
0
644
1979
3091
3987
5062
5802
6753
7827
8744
9624
10433
0
TO:H,FS:1,FT:0,PC:14
0
413
1367
2381
3108
3966
4803
5394
6273
6908
7738
8415
9144
9779
10433
0
TO:H,FS:1,FT:1,PC:14
0
413
1367
2381
3108
3966
4803
5394
6273
6908
7796
8468
9199
9841
10433
0
TO:H,FS:1,FT:2,PC:14
0
413
1367
2381
3108
3966
4803
5394
6255
6858
7681
8350
9052
9709
10433
0
TO:H,FS:2,FT:0,PC:18
0
347
1159
1929
2702
3169
3845
4415
5062
5596
6264
6768
7405
8066
8557
9130
9709
10235
10433
0
TO:H,FS:2,FT:1,PC:18
0
347
1159
1941
2711
3169
3845
4467
5120
5639
6320
6817
7454
8118
8600
9180
9724
10290
10433
0
TO:H,FS:2,FT:2,PC:18
0
347
1159
1929
2711
3160
3845
4415
5062
5596
6255
6768
7405
8066
8557
9130
9709
10235
10433
0
