TO:V,FS:0,FT:0,PC:16
0
1112
2317
3610
4907
6312
7689
9163
10281
11125
11989
12832
13804
14629
15638
16734
17813
0
TO:V,FS:0,FT:1,PC:16
0
1054
2262
3552
4907
6312
7747
9180
10304
11137
12042
12959
13872
14738
15700
16838
17813
0
TO:V,FS:0,FT:2,PC:17
0
1054
2217
3431
4844
6071
7445
8797
10033
10847
11608
12487
13318
14174
15010
16045
17119
17813
0
TO:V,FS:1,FT:0,PC:21
0
779
1869
2708
3634
4758
5608
6756
7876
9027
10010
10695
11308
12083
12759
13507
14281
14950
15700
16549
17509
17813
0
TO:V,FS:1,FT:1,PC:21
0
728
1869
2708
3580
4707
5559
6708
7876
9027
10014
10695
11291
12042
12705
13438
14136
14827
15514
16371
17278
17813
0
TO:V,FS:1,FT:2,PC:22
0
728
1824
2627
3487
4565
5392
6503
7630
8710
9743
10417
11118
11717
12428
13098
13872
14530
15164
15962
16778
17726
17813
0
TO:V,FS:2,FT:0,PC:26
0
532
1368
2153
2833
3475
4364
5126
5948
6850
7765
8606
9496
10155
10695
11217
11747
12385
12971
13507
14070
14629
15164
15819
16506
17175
17813
0
TO:V,FS:2,FT:1,PC:26
0
532
1413
2195
2874
3565
4452
5165
6036
6945
7853
8687
9581
10243
10723
11251
11889
12466
13064
13631
14208
14759
15348
16045
16701
17430
17813
0
TO:V,FS:2,FT:2,PC:28
0
523
1298
1983
2638
3303
4050
4844
5570
6403
7203
8019
8868
9695
10281
10757
11251
11854
12411
12978
13507
14016
14556
15043
15700
16322
16992
17702
17813
0
TO:H,FS:0,FT:0,PC:17
0
905
2174
3334
4639
5862
7337
8797
10033
10771
11596
12385
13098
13994
14755
15532
16486
17813
0
TO:H,FS:0,FT:1,PC:17
0
832
2095
3334
4646
5862
7341
8875
10067
10857
11608
12428
13175
14016
14848
15687
16623
17813
0
TO:H,FS:0,FT:2,PC:18
0
832
2014
3262
4639
5784
7261
8719
9960
10723
11520
12316
13064
13994
14759
15464
16417
17702
17813
0
TO:H,FS:1,FT:0,PC:22
0
587
1636
2449
3371
4409
5302
6341
7361
8408
9452
10199
10771
11405
12100
12724
13318
14016
14629
15327
16153
16894
17813
0
TO:H,FS:1,FT:1,PC:22
0
601
1701
2511
3431
4550
5392
6445
7486
8538
9581
10281
10911
11506
12251
12832
13507
14174
14839
15464
16244
17131
17813
0
TO:H,FS:1,FT:2,PC:23
0
587
1701
2449
3371
4409
5302
6341
7361
8408
9452
10199
10771
11405
12100
12666
13300
13994
14556
15189
16022
16790
17764
17813
0
TO:H,FS:2,FT:0,PC:28
0
523
1333
1995
2736
3431
4299
5025
5767
6628
7435
8223
9102
9808
10342
10847
11251
11784
12291
12724
13200
13747
14256
14738
15243
15819
16436
17170
17813
0
TO:H,FS:2,FT:1,PC:28
0
469
1338
2000
2736
3431
4299
5025
5767
6628
7435
8223
9102
9808
10342
10847
11251
11784
12316
12759
13246
13792
14281
14780
15304
15925
16537
17268
17813
0
TO:H,FS:2,FT:2,PC:28
0
469
1325
2000
2684
3431
4281
4907
5686
6511
7318
8123
8980
9743
10304
10796
11229
11725
12291
12724
13200
13747
14256
14738
15243
15819
16436
17170
17813
0
