TO:V,FS:0,FT:0,PC:23
0
742
1940
3062
4380
5492
6514
7606
8761
9812
10922
11999
13038
14197
15540
16754
17896
19123
20276
21262
22500
23657
24822
25276
0
TO:V,FS:0,FT:1,PC:23
0
742
1940
3012
4380
5430
6478
7555
8745
9693
10819
11876
12938
14083
15421
16649
17858
19022
20175
21204
22440
23610
24769
25276
0
TO:V,FS:0,FT:2,PC:24
0
677
1836
2903
4144
5205
6324
7316
8481
9456
10459
11472
12584
13643
14763
15907
17084
18251
19380
20466
21448
22597
23707
24840
25276
0
TO:V,FS:1,FT:0,PC:30
0
588
1462
2386
3255
4278
5081
5940
6761
7529
8468
9208
9936
10903
11642
12584
13322
14184
15182
16114
16998
17896
18787
19632
20554
21352
22283
23157
24046
24894
25276
0
TO:V,FS:1,FT:1,PC:30
0
588
1462
2386
3205
4223
4978
5874
6666
7442
8370
9106
9887
10860
11611
12560
13221
14145
15148
16068
16998
17896
18813
19681
20597
21405
22334
23200
24080
24941
25276
0
TO:V,FS:1,FT:2,PC:31
0
549
1395
2289
3116
4073
4826
5715
6478
7216
8020
8861
9669
10432
11244
12026
12774
13573
14383
15318
16173
17043
17896
18748
19533
20426
21204
22111
22943
23777
24594
25276
0
TO:V,FS:2,FT:0,PC:37
0
521
1106
1843
2491
3287
4089
4667
5462
6099
6730
7355
8010
8745
9360
9964
10768
11316
11966
12660
13290
13995
14813
15630
16281
17027
17838
18529
19177
19891
20574
21204
21963
22652
23317
24001
24693
25276
0
TO:V,FS:2,FT:1,PC:39
0
489
1094
1767
2420
3131
3899
4575
5224
5871
6478
7106
7691
8442
9032
9693
10345
11005
11505
12274
12836
13522
14174
14946
15651
16368
17071
17838
18483
19097
19761
20417
21038
21689
22338
22965
23606
24260
24928
25276
0
TO:V,FS:2,FT:2,PC:39
0
478
1094
1767
2420
3128
3899
4575
5224
5871
6478
7106
7648
8399
9032
9693
10362
11005
11505
12274
12836
13516
14149
14900
15651
16368
17062
17838
18483
19091
19761
20417
21038
21689
22343
22965
23619
24290
24969
25276
0
TO:H,FS:0,FT:0,PC:24
0
620
1794
2785
4194
5228
6339
7349
8642
9579
10474
11447
12560
13604
14778
15980
17154
18345
19434
20597
21661
22792
23938
25191
25276
0
TO:H,FS:0,FT:1,PC:24
0
690
1864
2859
4197
5228
6270
7216
8427
9280
10115
11159
12187
13072
14210
15493
16621
17704
18748
19891
20922
21891
23075
24205
25276
0
TO:H,FS:0,FT:2,PC:25
0
620
1794
2785
4120
5156
6231
7165
8348
9202
10040
11139
12109
13006
14058
15334
16394
17484
18543
19659
20717
21728
22792
23938
25053
25276
0
TO:H,FS:1,FT:0,PC:31
0
549
1359
2212
3000
3966
4695
5588
6478
7216
8036
8895
9669
10398
11209
12011
12744
13604
14422
15378
16145
16976
17896
18783
19686
20520
21204
22131
22992
23889
24769
25276
0
TO:H,FS:1,FT:1,PC:31
0
549
1359
2212
3000
3966
4695
5588
6478
7216
8036
8895
9669
10415
11217
12011
12744
13604
14430
15447
16242
17108
17957
18840
19750
20577
21204
22131
22985
23889
24769
25276
0
TO:H,FS:1,FT:2,PC:31
0
549
1290
2149
2868
3849
4607
5510
6327
7035
7798
8745
9439
10071
10973
11693
12584
13329
14157
15174
15950
16847
17858
18651
19496
20399
21154
21891
22799
23657
24535
25276
0
TO:H,FS:2,FT:0,PC:40
0
422
940
1674
2411
2996
3782
4531
5128
5775
6366
6881
7534
8185
8818
9446
9936
10684
11205
11779
12560
13038
13753
14362
15144
15791
16583
17234
17896
18543
19216
19876
20466
21087
21728
22376
23015
23711
24383
25053
25276
0
TO:H,FS:2,FT:1,PC:40
0
384
875
1619
2353
2938
3722
4484
5013
5680
6270
6847
7454
8074
8761
9394
9887
10631
11159
11723
12515
12989
13700
14304
15084
15732
16525
17196
17896
18543
19216
19876
20515
21137
21785
22389
23065
23762
24419
25100
25276
0
TO:H,FS:2,FT:2,PC:40
0
367
875
1619
2353
2938
3713
4484
5013
5680
6270
6843
7454
8074
8761
9389
9887
10631
11159
11723
12500
12989
13700
14304
15099
15732
16525
17178
17896
18543
19216
19876
20515
21137
21785
22389
23065
23762
24419
25100
25276
0
