TO:V,FS:0,FT:0,PC:11
0
942
2381
3604
4688
6034
7222
8309
9548
10717
11910
12528
0
TO:V,FS:0,FT:1,PC:11
0
887
2381
3604
4688
6027
7222
8341
9645
10812
11988
12528
0
TO:V,FS:0,FT:2,PC:11
0
887
2301
3431
4446
5723
6856
7987
9102
10195
11481
12528
0
TO:V,FS:1,FT:0,PC:14
0
681
1827
2831
3773
4590
5545
6467
7446
8309
9191
10095
11079
11939
12528
0
TO:V,FS:1,FT:1,PC:15
0
631
1769
2740
3686
4459
5373
6238
7195
8016
8848
9776
10599
11580
12402
12528
0
TO:V,FS:1,FT:2,PC:15
0
631
1717
2740
3686
4459
5373
6232
7150
7974
8802
9773
10599
11530
12358
12528
0
TO:V,FS:2,FT:0,PC:18
0
550
1382
2232
2929
3666
4226
4958
5736
6385
7139
7801
8461
9180
9867
10526
11256
11927
12528
0
TO:V,FS:2,FT:1,PC:18
0
550
1382
2232
2929
3666
4275
5001
5752
6461
7215
7875
8539
9234
9939
10591
11332
11982
12528
0
TO:V,FS:2,FT:2,PC:19
0
550
1336
2143
2815
3506
4113
4730
5432
6111
6786
7469
8132
8743
9415
10052
10709
11405
12021
12528
0
