The Social Skills Guidebook
LH:403004,BH:16857,MH:594687
TO:V,FS:0,FT:0,PC:15
0
934
2066
3424
4575
5726
7005
8191
9455
10598
11637
12769
13964
15294
16751
16857
0
TO:V,FS:0,FT:1,PC:14
0
989
2066
3424
4575
5726
7019
8191
9510
10598
11707
12909
14141
15532
16857
0
TO:V,FS:0,FT:2,PC:17
0
819
1832
2911
3954
4950
5928
7199
8176
9205
10149
11265
12172
13128
14238
15390
16633
16857
0
TO:V,FS:0,FT:3,PC:15
0
934
2044
3370
4455
5623
6766
8127
9330
10523
11517
12591
13715
14976
16431
16857
0
TO:V,FS:0,FT:4,PC:16
0
856
1927
3003
4056
5098
6088
7355
8402
9521
10541
11517
12548
13586
14673
15947
16857
0
TO:V,FS:0,FT:5,PC:15
0
921
1989
3245
4283
5494
6464
7822
9092
10124
11265
12137
13147
14421
15697
16857
0
TO:V,FS:1,FT:0,PC:19
0
744
1696
2640
3629
4482
5459
6273
7355
8298
9254
10149
11148
11838
12761
13639
14566
15615
16667
16857
0
TO:V,FS:1,FT:1,PC:19
0
704
1652
2588
3574
4431
5459
6273
7355
8298
9254
10149
11148
11888
12769
13694
14616
15665
16771
16857
0
TO:V,FS:1,FT:2,PC:22
0
568
1367
2066
2998
3834
4575
5417
6078
7044
7841
8678
9502
10194
11041
11707
12528
13248
14065
14859
15798
16714
16857
0
TO:V,FS:1,FT:3,PC:19
0
704
1564
2437
3424
4283
5193
5982
7098
8082
9012
9815
10703
11517
12405
13255
14282
15254
16363
16857
0
TO:V,FS:1,FT:4,PC:21
0
645
1430
2157
3119
3954
4809
5610
6321
7261
8108
8944
9705
10541
11327
12017
12805
13677
14533
15369
16363
16857
0
TO:V,FS:1,FT:5,PC:19
0
660
1514
2367
3370
4254
5088
5928
7029
7931
8848
9705
10598
11440
12324
13022
14014
15031
16057
16857
0
TO:V,FS:2,FT:0,PC:24
0
568
1244
1932
2712
3468
4220
4894
5623
6280
7131
7881
8649
9384
10124
10832
11481
12153
12805
13586
14360
15097
15980
16827
16857
0
TO:V,FS:2,FT:1,PC:24
0
568
1281
1966
2712
3424
4171
4855
5569
6202
7042
7775
8469
9205
9974
10598
11327
11975
12708
13458
14228
14976
15864
16751
16857
0
TO:V,FS:2,FT:2,PC:28
0
486
1036
1591
2109
2822
3424
4038
4671
5266
5824
6409
7102
7715
8318
9018
9616
10149
10718
11327
11838
12441
13009
13629
14268
14886
15594
16290
16857
0
TO:V,FS:2,FT:3,PC:24
0
568
1247
1932
2681
3424
4171
4855
5610
6202
7061
7788
8565
9346
10124
10832
11467
12120
12769
13508
14292
15041
15882
16760
16857
0
TO:V,FS:2,FT:4,PC:27
0
528
1102
1696
2264
3011
3615
4266
4894
5593
6158
6901
7535
8191
8930
9604
10149
10797
11396
12005
12628
13187
13903
14533
15160
15894
16601
16857
0
TO:V,FS:2,FT:5,PC:24
0
568
1244
1927
2689
3468
4220
4894
5623
6273
7126
7861
8582
9290
10050
10645
11360
11975
12665
13365
14141
14886
15739
16610
16857
0
