TO:V,FS:0,FT:0,PC:7
0
835
2173
3332
4395
5510
6492
7609
0
TO:V,FS:0,FT:1,PC:7
0
835
2173
3332
4395
5510
6492
7609
0
TO:V,FS:0,FT:2,PC:8
0
774
2064
3127
4143
5246
6187
7270
7609
0
TO:V,FS:1,FT:0,PC:10
0
657
1594
2442
3323
4137
5061
5801
6546
7425
7609
0
TO:V,FS:1,FT:1,PC:10
0
657
1635
2465
3365
4181
5113
5858
6571
7580
7609
0
TO:V,FS:1,FT:2,PC:10
0
601
1498
2346
3154
3924
4807
5510
6233
7120
7609
0
TO:V,FS:2,FT:0,PC:12
0
574
1296
2015
2659
3311
3919
4590
5246
5899
6492
7221
7609
0
TO:V,FS:2,FT:1,PC:12
0
562
1248
1975
2626
3272
3881
4555
5231
5820
6409
7132
7609
0
TO:V,FS:2,FT:2,PC:12
0
518
1205
1886
2547
3205
3783
4439
5113
5718
6279
7000
7609
0
TO:H,FS:0,FT:0,PC:8
0
601
1838
2892
3881
5018
5899
6798
7609
0
TO:H,FS:0,FT:1,PC:8
0
601
1759
2795
3775
4796
5718
6492
7609
0
TO:H,FS:0,FT:2,PC:8
0
601
1759
2795
3775
4790
5718
6492
7609
0
TO:H,FS:1,FT:0,PC:10
0
574
1441
2332
3201
3881
4774
5510
6187
6968
7609
0
TO:H,FS:1,FT:1,PC:10
0
574
1441
2332
3201
3881
4781
5510
6187
7033
7609
0
TO:H,FS:1,FT:2,PC:11
0
574
1371
2211
3013
3713
4502
5246
5957
6553
7337
7609
0
TO:H,FS:2,FT:0,PC:12
0
445
1110
1815
2465
3177
3759
4439
5170
5718
6233
6917
7609
0
TO:H,FS:2,FT:1,PC:12
0
445
1110
1815
2465
3177
3759
4439
5170
5718
6233
6917
7609
0
TO:H,FS:2,FT:2,PC:13
0
445
1053
1759
2414
3127
3713
4391
5113
5654
6187
6798
7494
7609
0
