The Social Skills Guidebook
LH:427470,BH:17222,MH:594687
TO:V,FS:0,FT:0,PC:15
0
846
2084
3184
4399
5388
6666
7869
8870
10089
11214
12475
13860
14919
15998
17222
0
TO:V,FS:0,FT:1,PC:15
0
891
2208
3294
4456
5512
6728
7882
8940
10144
11272
12535
13927
14919
15998
17222
0
TO:V,FS:0,FT:2,PC:18
0
728
1705
2791
3819
4712
5717
6767
7789
8591
9608
10498
11429
12418
13553
14628
15495
16485
17222
0
TO:V,FS:0,FT:3,PC:16
0
790
1975
3080
4321
5230
6479
7655
8658
9804
10839
12088
13421
14562
15495
16673
17222
0
TO:V,FS:0,FT:4,PC:17
0
777
1741
2832
3907
4821
5890
6917
7882
8870
9961
10839
11894
13046
14236
15058
16037
17222
0
TO:V,FS:0,FT:5,PC:16
0
790
1884
2966
4151
4973
6250
7219
8134
9288
10430
11455
12652
13988
14919
15940
17222
0
TO:V,FS:1,FT:0,PC:20
0
667
1462
2376
3242
4286
4973
5876
6754
7715
8555
9370
10294
11160
12093
13046
14079
14884
15654
16539
17222
0
TO:V,FS:1,FT:1,PC:20
0
667
1471
2478
3332
4321
5071
6039
6917
7807
8654
9534
10457
11214
12198
13154
14185
14919
15762
16636
17222
0
TO:V,FS:1,FT:2,PC:23
0
575
1282
2150
2868
3592
4399
5071
5883
6595
7417
8083
8832
9663
10444
11126
11822
12648
13495
14369
15015
15737
16475
17222
0
TO:V,FS:1,FT:3,PC:20
0
667
1462
2376
3216
4186
4886
5744
6648
7587
8465
9284
10144
11001
11894
12932
13927
14756
15495
16382
17222
0
TO:V,FS:1,FT:4,PC:22
0
613
1277
2215
2924
3769
4590
5265
6250
7047
7794
8503
9312
10144
10926
11716
12588
13495
14369
15058
15854
16702
17222
0
TO:V,FS:1,FT:5,PC:21
0
667
1408
2376
3211
4129
4866
5668
6543
7422
8134
8985
9857
10742
11513
12411
13450
14369
15099
15903
16835
17222
0
TO:V,FS:2,FT:0,PC:25
0
532
1160
1884
2643
3318
4096
4701
5265
6140
6824
7486
8134
8870
9682
10417
11115
11804
12578
13439
14218
14855
15495
16289
17096
17222
0
TO:V,FS:2,FT:1,PC:25
0
532
1173
1982
2694
3379
4229
4780
5456
6284
7000
7638
8273
8969
9772
10498
11214
11987
12777
13585
14369
14965
15678
16382
17188
17222
0
TO:V,FS:2,FT:2,PC:30
0
430
988
1511
2253
2791
3346
4015
4590
5066
5689
6322
6833
7411
7921
8503
9135
9749
10270
10812
11330
11920
12528
13195
13797
14402
14919
15467
16017
16632
17222
0
TO:V,FS:2,FT:3,PC:25
0
510
1098
1840
2550
3234
3944
4590
5161
5969
6635
7375
7970
8642
9312
10089
10770
11483
12212
12961
13732
14485
15058
15783
16430
17222
0
TO:V,FS:2,FT:4,PC:28
0
498
1118
1711
2376
2966
3583
4321
4856
5422
6173
6706
7331
7882
8503
9159
9804
10409
10962
11550
12241
12863
13495
14236
14831
15318
15940
16586
17222
0
TO:V,FS:2,FT:5,PC:25
0
532
1124
1782
2509
3154
3901
4590
5097
5856
6543
7324
7882
8591
9312
10089
10812
11513
12330
13128
13899
14625
15153
15854
16611
17222
0
