TO:V,FS:0,FT:0,PC:8
0
1137
2250
3547
4766
6083
7214
8524
9151
0
TO:V,FS:0,FT:1,PC:8
0
1078
2250
3547
4823
6134
7311
8592
9151
0
TO:V,FS:0,FT:2,PC:8
0
1078
2188
3363
4585
5955
7050
8273
9151
0
TO:V,FS:1,FT:0,PC:10
0
819
1766
2511
3613
4567
5528
6527
7341
8371
9151
0
TO:V,FS:1,FT:1,PC:10
0
771
1675
2483
3522
4517
5528
6527
7341
8371
9151
0
TO:V,FS:1,FT:2,PC:11
0
771
1675
2427
3411
4400
5376
6174
7017
7922
8905
9151
0
TO:V,FS:2,FT:0,PC:13
0
608
1440
2030
2656
3538
4338
5127
5888
6574
7225
7969
8770
9151
0
TO:V,FS:2,FT:1,PC:13
0
608
1460
2030
2661
3538
4338
5118
5888
6596
7299
8058
8871
9151
0
TO:V,FS:2,FT:2,PC:14
0
558
1350
1924
2554
3304
4058
4802
5528
6239
6882
7527
8280
9051
9151
0
TO:H,FS:0,FT:0,PC:8
0
1030
2066
3190
4517
5847
6863
7998
9151
0
TO:H,FS:0,FT:1,PC:8
0
1030
2066
3209
4517
5847
6863
7998
9151
0
TO:H,FS:0,FT:2,PC:9
0
956
1998
2954
4334
5528
6672
7865
9122
9151
0
TO:H,FS:1,FT:0,PC:11
0
802
1675
2459
3446
4406
5409
6215
7073
7922
8905
9151
0
TO:H,FS:1,FT:1,PC:11
0
730
1624
2323
3304
4338
5338
6156
7012
7922
8915
9151
0
TO:H,FS:1,FT:2,PC:11
0
722
1624
2323
3290
4198
5208
6024
6894
7865
8766
9151
0
TO:H,FS:2,FT:0,PC:14
0
514
1363
1975
2511
3304
4018
4761
5528
6313
6894
7634
8386
9122
9151
0
TO:H,FS:2,FT:1,PC:13
0
591
1425
2030
2568
3425
4126
4877
5595
6374
6946
7694
8451
9151
0
TO:H,FS:2,FT:2,PC:14
0
449
1303
1924
2502
3222
3888
4641
5451
6134
6778
7455
8203
8933
9151
0
