TO:V,FS:0,FT:0,PC:7
0
1176
2624
4115
5205
6643
8111
9280
0
TO:V,FS:0,FT:1,PC:7
0
1176
2624
4115
5205
6643
8111
9280
0
TO:V,FS:0,FT:2,PC:7
0
1176
2636
4115
5205
6579
8033
9280
0
TO:V,FS:1,FT:0,PC:9
0
919
2052
3335
4359
5387
6432
7672
8864
9280
0
TO:V,FS:1,FT:1,PC:9
0
919
2057
3398
4422
5441
6480
7724
8924
9280
0
TO:V,FS:1,FT:2,PC:9
0
919
2004
3292
4325
5258
6365
7528
8554
9280
0
TO:V,FS:2,FT:0,PC:11
0
723
1502
2440
3456
4251
4973
5809
6526
7528
8357
9280
0
TO:V,FS:2,FT:1,PC:12
0
730
1469
2353
3367
4128
4851
5623
6365
7331
8158
9027
9280
0
TO:V,FS:2,FT:2,PC:12
0
675
1469
2349
3313
4083
4824
5582
6365
7288
8111
8978
9280
0
