TO:V,FS:0,FT:0,PC:27
0
992
2132
3151
4236
5453
6533
7166
7668
8184
9135
10253
10940
11769
12881
13703
14601
15711
16934
17981
19185
20402
21472
22464
23479
24512
25768
27000
0
TO:V,FS:0,FT:1,PC:27
0
989
2132
3151
4236
5453
6533
7166
7673
8184
9135
10253
10940
11826
12929
13713
14722
15836
17044
18037
19245
20455
21521
22464
23479
24512
25768
27000
0
TO:V,FS:0,FT:2,PC:28
0
931
2074
3019
4126
5215
6235
7054
7482
8064
8598
9809
10688
11455
12521
13340
14236
15225
16433
17619
18438
19684
20770
21840
22817
23699
24683
25892
27000
0
TO:V,FS:1,FT:0,PC:35
0
748
1748
2499
3276
4126
4971
5857
6806
7196
7659
8130
8738
9702
10428
11026
11615
12465
13191
13764
14541
15440
16336
17248
18032
18944
19854
20791
21643
22445
23113
23918
24667
25664
26519
27000
0
TO:V,FS:1,FT:1,PC:35
0
748
1748
2499
3225
4126
4971
5857
6806
7180
7617
8112
8646
9662
10342
10940
11541
12368
13159
13713
14517
15342
16243
17143
17948
18786
19700
20632
21516
22396
23055
23856
24562
25631
26473
27000
0
TO:V,FS:1,FT:2,PC:37
0
648
1582
2298
3010
3962
4655
5552
6391
7027
7379
7853
8266
9041
9850
10542
11088
11704
12569
13191
13713
14475
15238
16085
16899
17777
18516
19484
20358
21152
21946
22715
23417
24148
24926
25814
26670
27000
0
TO:V,FS:2,FT:0,PC:43
0
542
1324
1996
2622
3276
3962
4607
5419
6037
6806
7166
7518
8024
8450
9162
9809
10428
10940
11421
11971
12770
13280
13713
14356
14940
15672
16503
17203
17904
18523
19337
20061
20761
21419
22093
22727
23256
23866
24485
25270
25984
26685
27000
0
TO:V,FS:2,FT:1,PC:45
0
493
1278
1957
2579
3187
3917
4493
5195
5857
6593
7054
7364
7823
8184
8679
9476
10066
10614
11039
11530
12106
12851
13291
13759
14356
14940
15630
16405
17094
17768
18351
19124
19789
20538
21181
21796
22396
22978
23538
24106
24693
25458
26160
26829
27000
0
TO:V,FS:2,FT:2,PC:45
0
478
1278
1957
2579
3187
3917
4493
5195
5857
6588
7054
7364
7823
8160
8634
9426
9977
10530
10984
11455
12005
12770
13244
13686
14279
14875
15538
16323
16997
17726
18314
19089
19743
20520
21113
21725
22374
22892
23479
24065
24646
25412
26119
26779
27000
0
TO:H,FS:0,FT:0,PC:30
0
860
1957
2905
3962
4909
5947
6908
7259
7759
8130
8841
9850
10688
11421
12379
13191
13944
14875
16071
17258
18128
19280
20528
21472
22464
23417
24441
25664
26859
27000
0
TO:H,FS:0,FT:1,PC:31
0
860
1957
2905
3962
4834
5930
6870
7196
7549
8024
8465
9614
10298
10940
11704
12830
13340
14155
14940
16154
17258
18128
19201
20382
21342
22396
23277
24213
25427
26473
27000
0
TO:H,FS:0,FT:2,PC:31
0
856
1957
2905
3962
4834
5930
6870
7196
7549
8024
8465
9606
10298
10940
11704
12830
13340
14155
14940
16154
17258
18128
19201
20382
21334
22396
23277
24213
25427
26473
27000
0
TO:H,FS:1,FT:0,PC:38
0
616
1633
2282
2966
3917
4607
5503
6259
6937
7215
7549
8003
8333
9072
9850
10557
11039
11690
12418
13159
13652
14356
15127
15995
16849
17726
18398
19317
20219
21037
21902
22661
23388
24065
24841
25709
26537
27000
0
TO:H,FS:1,FT:1,PC:38
0
616
1619
2282
2966
3917
4607
5503
6259
6937
7215
7549
8003
8333
9059
9850
10557
11039
11690
12418
13159
13652
14356
15127
16006
16849
17726
18398
19317
20219
21037
21902
22661
23388
24065
24841
25709
26541
27000
0
TO:H,FS:1,FT:2,PC:38
0
616
1619
2282
2966
3917
4607
5503
6259
6937
7215
7549
8003
8333
9054
9809
10491
11039
11682
12418
13159
13652
14356
15119
15937
16776
17704
18265
19192
20090
20979
21804
22533
23251
23993
24711
25664
26473
27000
0
TO:H,FS:2,FT:0,PC:47
0
493
1231
1957
2579
3196
3917
4493
5195
5838
6412
6953
7196
7482
7853
8130
8495
9238
9809
10353
10835
11197
11704
12340
12982
13340
13772
14356
14940
15538
16312
16934
17646
18204
18786
19592
20219
20878
21472
22100
22684
23238
23778
24441
25139
25768
26473
27000
0
TO:H,FS:2,FT:1,PC:47
0
493
1231
1927
2499
3019
3815
4349
4971
5610
6228
6870
7166
7430
7804
8095
8414
9000
9702
10261
10688
11088
11573
12156
12851
13291
13713
14356
14940
15538
16312
16934
17646
18204
18786
19592
20219
20878
21472
22100
22684
23238
23778
24441
25146
25768
26473
27000
0
TO:H,FS:2,FT:2,PC:47
0
434
1206
1927
2499
3019
3815
4349
4971
5605
6228
6870
7166
7430
7804
8095
8414
8976
9702
10261
10688
11088
11625
12209
12881
13340
13772
14356
14940
15538
16302
16934
17646
18204
18786
19592
20206
20878
21472
22100
22684
23238
23778
24441
25139
25768
26473
27000
0
