The Social Skills Guidebook
LH:490415,BH:14132,MH:594687
TO:V,FS:0,FT:0,PC:12
0
977
2287
3366
4483
5811
7009
8382
9788
10979
11933
13125
14132
0
TO:V,FS:0,FT:1,PC:12
0
977
2287
3419
4483
5811
7069
8453
9788
10979
11999
13301
14132
0
TO:V,FS:0,FT:2,PC:14
0
797
1976
3002
3981
4975
6000
7080
8220
9360
10331
11395
12337
13327
14132
0
TO:V,FS:0,FT:3,PC:13
0
921
2272
3227
4290
5513
6550
7897
9310
10473
11519
12538
13925
14132
0
TO:V,FS:0,FT:4,PC:14
0
848
1976
2983
3953
4939
5983
7041
8197
9360
10433
11467
12478
13628
14132
0
TO:V,FS:0,FT:5,PC:13
0
908
2145
3093
4180
5313
6423
7706
9136
10219
11399
12305
13460
14132
0
TO:V,FS:1,FT:0,PC:16
0
771
1806
2552
3351
4225
5078
6074
6967
7972
9040
9872
10905
11628
12478
13473
14132
0
TO:V,FS:1,FT:1,PC:16
0
717
1751
2509
3351
4225
5078
6074
6967
7972
9091
9923
10955
11697
12636
13628
14132
0
TO:V,FS:1,FT:2,PC:18
0
645
1431
2205
2919
3535
4372
5078
5897
6650
7505
8443
9310
10151
10979
11672
12478
13301
14132
0
TO:V,FS:1,FT:3,PC:16
0
771
1811
2605
3411
4225
5128
6074
6941
7927
9012
9923
10955
11677
12531
13576
14132
0
TO:V,FS:1,FT:4,PC:18
0
717
1649
2411
3119
3874
4665
5545
6291
7127
8088
9033
9834
10657
11428
12045
12880
13758
14132
0
TO:V,FS:1,FT:5,PC:16
0
717
1751
2470
3252
4134
4975
5853
6669
7634
8644
9615
10407
11345
12094
13068
14132
0
TO:V,FS:2,FT:0,PC:20
0
617
1340
2095
2769
3342
4104
4798
5588
6219
6946
7757
8544
9353
10147
10935
11519
12094
12880
13672
14132
0
TO:V,FS:2,FT:1,PC:20
0
629
1431
2140
2831
3450
4180
4886
5680
6333
7127
7993
8815
9623
10308
11112
11732
12423
13211
14081
14132
0
TO:V,FS:2,FT:2,PC:24
0
497
1091
1806
2322
2862
3366
3938
4483
5078
5758
6326
6925
7559
8279
8969
9559
10151
10756
11345
11831
12423
13068
13672
14132
0
TO:V,FS:2,FT:3,PC:20
0
597
1340
2060
2742
3304
4029
4665
5445
6099
6788
7554
8433
9256
9967
10718
11382
11906
12572
13345
14132
0
TO:V,FS:2,FT:4,PC:23
0
535
1186
1868
2470
3042
3613
4264
4898
5525
6099
6661
7251
8010
8735
9348
10030
10700
11345
11831
12423
13068
13755
14132
0
TO:V,FS:2,FT:5,PC:21
0
608
1340
2051
2692
3268
4013
4661
5387
6081
6681
7445
8298
9150
9834
10520
11277
11743
12423
13125
13977
14132
0
