The Social Skills Guidebook
LH:504547,BH:14008,MH:594687
TO:V,FS:0,FT:0,PC:12
0
1011
2362
3577
4656
5764
6861
7977
9312
10440
11650
12865
14008
0
TO:V,FS:0,FT:1,PC:12
0
1011
2362
3577
4656
5768
6913
7977
9312
10503
11767
12988
14008
0
TO:V,FS:0,FT:2,PC:14
0
913
2082
3082
4121
5252
6062
7030
7965
9072
10133
11139
12228
13370
14008
0
TO:V,FS:0,FT:3,PC:12
0
956
2302
3522
4542
5610
6752
7901
9219
10342
11427
12783
14008
0
TO:V,FS:0,FT:4,PC:14
0
956
2196
3249
4264
5291
6213
7212
8135
9258
10338
11295
12435
13525
14008
0
TO:V,FS:0,FT:5,PC:13
0
956
2302
3497
4484
5610
6697
7715
8844
10055
11099
12293
13477
14008
0
TO:V,FS:1,FT:0,PC:16
0
837
1787
2755
3734
4469
5433
6213
7030
7901
8837
9791
10647
11487
12485
13477
14008
0
TO:V,FS:1,FT:1,PC:16
0
783
1735
2702
3685
4419
5400
6160
7020
7854
8786
9799
10716
11636
12647
13548
14008
0
TO:V,FS:1,FT:2,PC:18
0
637
1482
2351
3131
4012
4709
5533
6160
6930
7658
8503
9258
10046
10799
11608
12444
13251
14008
0
TO:V,FS:1,FT:3,PC:16
0
797
1787
2755
3685
4419
5400
6119
6991
7813
8722
9665
10544
11350
12386
13388
14008
0
TO:V,FS:1,FT:4,PC:18
0
684
1583
2429
3315
4121
5003
5645
6525
7266
7977
8829
9676
10423
11204
12071
12910
13778
14008
0
TO:V,FS:1,FT:5,PC:16
0
783
1735
2702
3682
4419
5382
6062
6930
7759
8722
9602
10380
11241
12222
13219
14008
0
TO:V,FS:2,FT:0,PC:20
0
629
1410
2261
3030
3888
4466
5291
5854
6589
7248
7901
8722
9448
10127
10825
11540
12338
13134
13900
14008
0
TO:V,FS:2,FT:1,PC:20
0
637
1410
2261
3018
3758
4394
5208
5749
6525
7176
7901
8722
9448
10163
10864
11588
12386
13134
13869
14008
0
TO:V,FS:2,FT:2,PC:24
0
498
1055
1767
2386
3082
3794
4311
4965
5533
6024
6624
7138
7658
8272
8870
9474
10046
10600
11157
11778
12417
13022
13592
14008
0
TO:V,FS:2,FT:3,PC:20
0
584
1338
2187
2936
3714
4354
5117
5645
6389
7030
7698
8432
9208
9874
10568
11212
12024
12783
13525
14008
0
TO:V,FS:2,FT:4,PC:23
0
555
1171
1922
2585
3204
3937
4419
5117
5610
6182
6752
7371
7945
8652
9258
9866
10380
10979
11629
12274
12944
13583
14008
0
TO:V,FS:2,FT:5,PC:20
0
607
1366
2196
2975
3758
4389
5208
5749
6521
7143
7785
8546
9258
9944
10690
11286
12117
12865
13627
14008
0
