TO:V,FS:0,FT:0,PC:9
0
928
2042
3342
4581
5849
7153
8553
9938
10423
0
TO:V,FS:0,FT:1,PC:9
0
928
2042
3338
4581
5790
7097
8491
9878
10423
0
TO:V,FS:0,FT:2,PC:9
0
877
1936
3180
4401
5586
6869
8234
9569
10423
0
TO:V,FS:1,FT:0,PC:12
0
642
1563
2458
3385
4343
5299
6273
7145
8324
9350
10358
10423
0
TO:V,FS:1,FT:1,PC:12
0
642
1563
2418
3329
4223
5159
6121
7097
8278
9299
10314
10423
0
TO:V,FS:1,FT:2,PC:12
0
647
1563
2418
3325
4223
5104
6067
7043
8126
9088
10043
10423
0
TO:V,FS:2,FT:0,PC:15
0
482
1203
1920
2626
3372
4063
4757
5553
6371
7043
7896
8668
9519
10253
10423
0
TO:V,FS:2,FT:1,PC:14
0
482
1203
1920
2680
3385
4103
4805
5595
6400
7097
7992
8761
9629
10423
0
TO:V,FS:2,FT:2,PC:15
0
436
1106
1861
2490
3180
3855
4537
5242
5921
6636
7369
8220
8936
9669
10423
0
TO:H,FS:0,FT:0,PC:9
0
776
1882
3162
4300
5477
6692
7992
9358
10423
0
TO:H,FS:0,FT:1,PC:9
0
776
1882
3162
4300
5477
6692
7995
9360
10423
0
TO:H,FS:0,FT:2,PC:10
0
746
1796
2983
4159
5259
6400
7646
8966
10306
10423
0
TO:H,FS:1,FT:0,PC:12
0
506
1455
2233
3141
4069
4941
5875
6848
7824
8832
9763
10423
0
TO:H,FS:1,FT:1,PC:12
0
506
1469
2233
3201
4132
5010
5939
6909
7896
8890
9822
10423
0
TO:H,FS:1,FT:2,PC:12
0
506
1469
2230
3141
4069
4941
5875
6848
7824
8827
9763
10423
0
TO:H,FS:2,FT:0,PC:15
0
436
1123
1817
2466
3231
3949
4644
5405
6077
6790
7506
8341
9008
9701
10423
0
TO:H,FS:2,FT:1,PC:15
0
436
1123
1817
2466
3231
3949
4644
5405
6084
6790
7506
8354
9037
9763
10423
0
TO:H,FS:2,FT:2,PC:15
0
436
1123
1817
2466
3231
3949
4644
5405
6084
6811
7566
8415
9162
9869
10423
0
