TO:V,FS:0,FT:0,PC:28
0
907
2177
3382
4534
5626
6919
8180
9416
10490
11632
12680
13686
14781
15847
17007
18090
19326
20856
22216
23361
24651
25686
26889
28068
29303
30783
32136
33016
0
TO:V,FS:0,FT:1,PC:28
0
907
2177
3382
4463
5567
6859
8119
9357
10436
11581
12627
13637
14725
15785
16958
18090
19392
20935
22270
23414
24765
25774
26944
28153
29418
30902
32273
33016
0
TO:V,FS:0,FT:2,PC:29
0
907
2124
3327
4394
5462
6630
7859
8980
10061
11087
12139
13140
14172
15104
16186
17270
18357
19745
21230
22462
23562
24807
25774
26889
28017
29173
30608
31928
33016
0
TO:V,FS:1,FT:0,PC:36
0
674
1700
2668
3516
4463
5300
6199
7292
8197
9052
10035
10810
11743
12535
13398
14258
15012
15890
16744
17640
18405
19478
20618
21624
22605
23503
24470
25292
26189
27046
27979
28877
30006
31143
32144
33016
0
TO:V,FS:1,FT:1,PC:37
0
674
1734
2774
3671
4574
5394
6300
7375
8296
9204
10102
10906
11832
12627
13439
14302
15012
15899
16698
17549
18357
19374
20547
21562
22472
23327
24253
25117
25947
26826
27625
28568
29644
30778
31785
32936
33016
0
TO:V,FS:1,FT:2,PC:38
0
658
1603
2449
3382
4308
5072
5846
6788
7751
8575
9472
10297
11122
11994
12815
13550
14455
15186
16074
16904
17760
18480
19576
20674
21624
22564
23414
24340
25169
25956
26865
27672
28568
29590
30674
31642
32721
33016
0
TO:V,FS:2,FT:0,PC:46
0
588
1196
1999
2789
3551
4338
4981
5610
6440
7285
7987
8802
9513
10180
10857
11590
12214
12815
13439
14092
14759
15379
16119
16776
17473
18151
18834
19718
20565
21448
22158
22895
23528
24278
24908
25566
26264
26944
27621
28329
29064
29944
30843
31639
32517
33016
0
TO:V,FS:2,FT:1,PC:46
0
614
1297
2087
2841
3597
4338
4981
5610
6433
7285
7987
8802
9513
10180
10857
11593
12214
12815
13439
14092
14759
15379
16119
16776
17473
18151
18839
19718
20614
21494
22199
22933
23562
24292
24953
25607
26304
26944
27621
28368
29108
29991
30898
31683
32565
33016
0
TO:V,FS:2,FT:2,PC:49
0
543
1175
1865
2625
3382
4091
4753
5334
5976
6781
7528
8272
8980
9622
10331
10973
11662
12253
12815
13426
13973
14606
15249
15934
16520
17124
17793
18430
19263
20103
20914
21624
22387
23071
23633
24330
24953
25566
26228
26889
27531
28213
28877
29719
30531
31232
32038
32889
33016
0
