The Social Skills Guidebook
LH:561994,BH:7964,MH:594687
TO:V,FS:0,FT:0,PC:5
0
1205
3139
4844
6478
7964
0
TO:V,FS:0,FT:1,PC:5
0
1243
3198
5139
6741
7964
0
TO:V,FS:0,FT:2,PC:5
0
1205
3070
4711
6265
7964
0
TO:V,FS:0,FT:3,PC:5
0
1205
3080
4786
6341
7964
0
TO:V,FS:0,FT:4,PC:6
0
1099
2701
4232
5848
7247
7964
0
TO:V,FS:0,FT:5,PC:6
0
1205
2929
4549
5995
7650
7964
0
TO:V,FS:0,FT:6,PC:6
0
1007
2541
3987
5525
6901
7964
0
TO:V,FS:0,FT:7,PC:6
0
1002
2469
3917
5377
6764
7964
0
TO:V,FS:1,FT:0,PC:7
0
917
2325
3673
5153
6410
7760
7964
0
TO:V,FS:1,FT:1,PC:7
0
917
2264
3559
5084
6230
7552
7964
0
TO:V,FS:1,FT:2,PC:7
0
917
2264
3559
5084
6291
7582
7964
0
TO:V,FS:1,FT:3,PC:7
0
932
2264
3579
5092
6298
7582
7964
0
TO:V,FS:1,FT:4,PC:8
0
794
2003
3198
4510
5674
6741
7949
7964
0
TO:V,FS:1,FT:5,PC:7
0
917
2261
3545
4882
5995
7297
7964
0
TO:V,FS:1,FT:6,PC:8
0
794
1934
3156
4382
5539
6675
7750
7964
0
TO:V,FS:1,FT:7,PC:8
0
794
1934
3156
4382
5525
6606
7693
7964
0
TO:V,FS:2,FT:0,PC:9
0
723
1619
2719
3709
4807
5815
6741
7789
7964
0
TO:V,FS:2,FT:1,PC:9
0
737
1727
2828
3814
4912
5931
6817
7936
7964
0
TO:V,FS:2,FT:2,PC:9
0
737
1727
2828
3814
4912
5915
6741
7789
7964
0
TO:V,FS:2,FT:3,PC:9
0
737
1727
2828
3841
4918
5888
6741
7743
7964
0
TO:V,FS:2,FT:4,PC:10
0
675
1472
2488
3379
4371
5186
6088
6944
7904
7964
0
TO:V,FS:2,FT:5,PC:9
0
675
1552
2690
3657
4752
5741
6685
7680
7964
0
TO:V,FS:2,FT:6,PC:10
0
639
1287
2264
3156
4062
5031
5867
6667
7505
7964
0
TO:V,FS:2,FT:7,PC:10
0
632
1287
2264
3156
4057
4980
5807
6612
7446
7964
0
TO:V,FS:3,FT:0,PC:11
0
620
1243
2160
3033
3830
4694
5465
6258
7033
7893
7964
0
TO:V,FS:3,FT:1,PC:11
0
617
1243
2167
3033
3786
4633
5321
6088
6811
7721
7964
0
TO:V,FS:3,FT:2,PC:11
0
572
1205
2028
2854
3589
4462
5186
5995
6764
7582
7964
0
TO:V,FS:3,FT:3,PC:11
0
581
1243
2122
2989
3725
4597
5365
6136
6856
7721
7964
0
TO:V,FS:3,FT:4,PC:12
0
556
1193
1821
2541
3198
3929
4646
5295
5995
6716
7347
7964
0
TO:V,FS:3,FT:5,PC:11
0
610
1243
2160
3033
3809
4694
5453
6204
6989
7849
7964
0
TO:V,FS:3,FT:6,PC:13
0
510
1114
1732
2440
3156
3848
4549
5186
5915
6501
7119
7831
7964
0
TO:V,FS:3,FT:7,PC:13
0
481
1068
1670
2357
3065
3709
4427
5097
5658
6237
6803
7513
7964
0
TO:H,FS:0,FT:0,PC:6
0
1185
2896
4646
6081
7849
7964
0
TO:H,FS:0,FT:1,PC:6
0
1106
2811
4585
6081
7852
7964
0
TO:H,FS:0,FT:2,PC:6
0
1099
2719
4407
5931
7487
7964
0
TO:H,FS:0,FT:3,PC:6
0
1193
2811
4506
5995
7667
7964
0
TO:H,FS:0,FT:4,PC:6
0
1060
2564
4024
5501
6764
7964
0
TO:H,FS:0,FT:5,PC:6
0
1002
2549
4139
5719
7033
7964
0
TO:H,FS:0,FT:6,PC:6
0
917
2364
3797
5186
6675
7964
0
TO:H,FS:0,FT:7,PC:7
0
910
2264
3597
5153
6494
7897
7964
0
TO:H,FS:1,FT:0,PC:7
0
821
2186
3514
4958
6067
7376
7964
0
TO:H,FS:1,FT:1,PC:7
0
821
2186
3519
4958
6067
7388
7964
0
TO:H,FS:1,FT:2,PC:7
0
737
2028
3274
4646
5895
6925
7964
0
TO:H,FS:1,FT:3,PC:7
0
821
2109
3365
4813
5931
7079
7964
0
TO:H,FS:1,FT:4,PC:8
0
737
1941
3156
4407
5525
6741
7916
7964
0
TO:H,FS:1,FT:5,PC:7
0
737
1941
3198
4622
5807
6840
7964
0
TO:H,FS:1,FT:6,PC:8
0
737
1835
3091
4232
5325
6501
7582
7964
0
TO:H,FS:1,FT:7,PC:8
0
737
1821
3084
4232
5258
6348
7425
7964
0
TO:H,FS:2,FT:0,PC:9
0
675
1586
2672
3579
4646
5592
6574
7491
7964
0
TO:H,FS:2,FT:1,PC:9
0
675
1591
2690
3585
4711
5658
6638
7570
7964
0
TO:H,FS:2,FT:2,PC:9
0
675
1586
2690
3585
4646
5592
6574
7491
7964
0
TO:H,FS:2,FT:3,PC:9
0
675
1595
2709
3611
4711
5677
6675
7582
7964
0
TO:H,FS:2,FT:4,PC:10
0
576
1243
2204
3156
4039
4990
5832
6680
7520
7964
0
TO:H,FS:2,FT:5,PC:9
0
675
1513
2597
3519
4574
5450
6371
7297
7964
0
TO:H,FS:2,FT:6,PC:10
0
620
1243
2153
3098
3856
4774
5574
6361
7087
7964
0
TO:H,FS:2,FT:7,PC:11
0
610
1243
2146
3033
3830
4711
5496
6298
7015
7875
7964
0
TO:H,FS:3,FT:0,PC:11
0
576
1205
2006
2832
3545
4382
5153
5931
6729
7404
7964
0
TO:H,FS:3,FT:1,PC:11
0
576
1243
2084
2949
3657
4510
5186
5995
6764
7636
7964
0
TO:H,FS:3,FT:2,PC:11
0
454
1167
1882
2719
3428
4273
5097
5832
6559
7235
7964
0
TO:H,FS:3,FT:3,PC:11
0
464
1205
2028
2896
3602
4458
5186
5995
6764
7636
7964
0
TO:H,FS:3,FT:4,PC:12
0
421
1043
1660
2430
3156
3848
4577
5186
5931
6593
7231
7964
0
TO:H,FS:3,FT:5,PC:11
0
514
1205
1998
2832
3540
4382
5153
5931
6716
7404
7964
0
TO:H,FS:3,FT:6,PC:13
0
390
965
1513
2309
3055
3632
4362
5069
5620
6155
6764
7547
7964
0
TO:H,FS:3,FT:7,PC:13
0
390
953
1513
2295
3045
3632
4355
5069
5620
6155
6764
7528
7964
0
