The Social Skills Guidebook
LH:569958,BH:21714,MH:594687
TO:V,FS:0,FT:0,PC:15
0
1351
2838
4287
5778
7214
8565
10029
11468
12755
14314
15983
17563
19345
21018
21714
0
TO:V,FS:0,FT:1,PC:15
0
1351
2838
4287
5847
7281
8660
10152
11547
12847
14593
16244
17939
19525
21365
21714
0
TO:V,FS:0,FT:2,PC:15
0
1323
2731
4085
5746
7050
8275
9677
11042
12335
13829
15373
16964
18758
20417
21714
0
TO:V,FS:0,FT:3,PC:15
0
1328
2776
4151
5760
7148
8458
9869
11331
12480
14033
15801
17329
19061
20786
21714
0
TO:V,FS:0,FT:4,PC:16
0
1126
2584
3942
5424
6787
7913
9152
10372
11730
12898
14481
16031
17391
18933
20489
21714
0
TO:V,FS:0,FT:5,PC:16
0
1233
2643
3942
5452
6743
7939
9180
10511
11780
13040
14649
16176
17635
19194
20826
21714
0
TO:V,FS:0,FT:6,PC:17
0
1100
2452
3726
4929
6355
7506
8594
9847
11113
12249
13632
14995
16324
17806
19258
20743
21714
0
TO:V,FS:0,FT:7,PC:17
0
1028
2390
3567
4742
6160
7325
8435
9617
10946
11910
13281
14748
16176
17542
18991
20468
21714
0
TO:V,FS:1,FT:0,PC:18
0
948
2326
3456
4554
5836
7075
8112
9180
10352
11547
12528
13759
15075
16445
17790
19172
20476
21714
0
TO:V,FS:1,FT:1,PC:18
0
948
2282
3442
4554
5842
7075
8112
9233
10372
11547
12587
13817
15141
16445
17790
19176
20489
21714
0
TO:V,FS:1,FT:2,PC:19
0
948
2236
3330
4479
5731
6810
7864
8943
10084
11168
12142
13254
14543
15846
16964
18338
19637
21018
21714
0
TO:V,FS:1,FT:3,PC:19
0
948
2282
3442
4554
5778
7050
7939
8971
10139
11297
12280
13588
14938
16255
17642
18961
20256
21643
21714
0
TO:V,FS:1,FT:4,PC:21
0
826
2133
3144
4015
5229
6312
7214
8156
9180
10304
11310
12185
13203
14331
15480
16637
17776
18950
20117
21317
21714
0
TO:V,FS:1,FT:5,PC:20
0
881
2185
3278
4367
5606
6719
7695
8594
9617
10730
11730
12710
13876
15017
16235
17437
18750
20008
21356
21714
0
TO:V,FS:1,FT:6,PC:21
0
768
1999
2915
3942
5010
6112
7075
7990
8943
9917
10946
11750
12704
13759
14938
16101
17023
18287
19425
20626
21714
0
TO:V,FS:1,FT:7,PC:21
0
768
1999
2915
3942
5010
6112
7075
7939
8922
9813
10816
11730
12616
13704
14891
15992
16964
18228
19376
20570
21714
0
TO:V,FS:2,FT:0,PC:24
0
740
1715
2573
3423
4277
5276
6208
7075
7913
8721
9446
10352
11241
11910
12847
13759
14842
15824
16845
17830
18788
19774
20897
21714
0
TO:V,FS:2,FT:1,PC:24
0
751
1715
2611
3456
4332
5325
6258
7075
7939
8807
9572
10426
11411
12063
12946
13915
14938
15992
16934
17975
18939
19934
20959
21714
0
TO:V,FS:2,FT:2,PC:25
0
740
1715
2573
3423
4175
5170
6131
7050
7855
8577
9306
10162
11023
11780
12512
13487
14385
15373
16364
17376
18338
19376
20413
21422
21714
0
TO:V,FS:2,FT:3,PC:24
0
751
1715
2616
3456
4284
5276
6208
7075
7913
8721
9490
10372
11365
12010
12898
13915
14938
15953
16886
17939
18956
19997
21018
21714
0
TO:V,FS:2,FT:4,PC:27
0
696
1631
2421
3144
3888
4615
5553
6338
7075
7864
8536
9213
10029
10812
11547
12179
12946
13805
14769
15637
16536
17401
18287
19214
20055
20959
21714
0
TO:V,FS:2,FT:5,PC:25
0
740
1715
2531
3330
4117
5107
6028
6955
7723
8405
9180
10029
10935
11730
12405
13407
14320
15268
16255
17257
18287
19293
20261
21265
21714
0
TO:V,FS:2,FT:6,PC:28
0
670
1455
2270
2989
3690
4465
5252
6075
6903
7599
8240
8971
9743
10475
11285
11891
12645
13537
14320
15163
16085
16886
17760
18629
19455
20402
21261
21714
0
TO:V,FS:2,FT:7,PC:28
0
670
1445
2263
2989
3658
4403
5167
5971
6810
7518
8112
8915
9572
10352
11094
11794
12453
13331
14149
14991
15846
16687
17531
18386
19326
20152
21018
21714
0
TO:V,FS:3,FT:0,PC:30
0
635
1393
2185
2776
3400
4015
4747
5597
6295
7033
7633
8145
8807
9446
10142
10854
11547
12087
12847
13647
14448
15242
16123
16886
17668
18474
19345
20104
20959
21714
0
TO:V,FS:3,FT:1,PC:30
0
642
1393
2185
2816
3439
4015
4792
5606
6338
7050
7749
8311
8971
9693
10372
11135
11750
12335
13087
13846
14673
15466
16255
17054
17930
18695
19455
20327
21111
21714
0
TO:V,FS:3,FT:2,PC:32
0
595
1351
2133
2702
3278
3924
4596
5334
5989
6699
7325
7913
8536
9135
9774
10372
11087
11730
12335
13032
13759
14583
15325
16176
16934
17711
18474
19306
20008
20869
21594
21714
0
TO:V,FS:3,FT:3,PC:31
0
595
1351
2185
2776
3366
3988
4656
5519
6250
6943
7556
8112
8772
9375
10066
10744
11468
11910
12635
13410
14160
14938
15731
16488
17244
18084
18848
19594
20459
21256
21714
0
TO:V,FS:3,FT:4,PC:35
0
524
1139
1826
2409
2915
3456
4015
4656
5394
6002
6599
7199
7742
8247
8842
9403
9978
10533
11164
11750
12335
12977
13687
14377
15017
15726
16378
17040
17790
18446
19189
19860
20599
21249
21714
0
TO:V,FS:3,FT:5,PC:31
0
620
1351
2185
2776
3400
4015
4747
5597
6275
7033
7594
8112
8759
9346
10029
10722
11468
11910
12672
13477
14225
15017
15905
16704
17482
18287
19123
19906
20738
21509
21714
0
TO:V,FS:3,FT:6,PC:36
0
524
1151
1805
2378
2853
3366
3912
4522
5116
5760
6364
6971
7501
7939
8525
9012
9595
10180
10766
11395
11846
12405
13074
13733
14345
15017
15707
16298
16964
17668
18338
19033
19678
20390
21018
21714
0
TO:V,FS:3,FT:7,PC:37
0
466
1072
1715
2259
2731
3245
3757
4321
4911
5606
6160
6737
7249
7806
8275
8859
9337
9892
10414
11042
11669
12125
12748
13362
13962
14631
15264
15953
16551
17162
17869
18486
19207
19810
20517
21102
21714
0
TO:H,FS:0,FT:0,PC:15
0
1210
2731
4195
5778
7168
8349
9605
11023
11996
13621
15105
16886
18608
20275
21714
0
TO:H,FS:0,FT:1,PC:15
0
1135
2687
4106
5760
7075
8356
9699
11135
12335
13759
15545
17236
18991
20724
21714
0
TO:H,FS:0,FT:2,PC:16
0
1126
2611
4015
5695
6990
8026
9180
10640
11780
12985
14621
16255
18016
19455
21102
21714
0
TO:H,FS:0,FT:3,PC:16
0
1135
2611
4015
5695
6992
7939
9180
10645
11794
13084
14720
16255
18040
19455
21201
21714
0
TO:H,FS:0,FT:4,PC:17
0
1006
2351
3612
4862
6319
7417
8486
9617
11002
11846
13060
14565
16155
17585
19150
20802
21714
0
TO:H,FS:0,FT:5,PC:17
0
1040
2430
3844
5116
6452
7641
8676
9860
11042
11996
13410
14938
16348
18016
19376
20959
21714
0
TO:H,FS:0,FT:6,PC:18
0
948
2266
3456
4615
6028
7158
8184
9254
10372
11633
12574
13759
15276
16687
18092
19376
20959
21714
0
TO:H,FS:0,FT:7,PC:18
0
943
2185
3330
4554
5778
7050
8020
9135
10352
11547
12490
13759
15102
16514
17914
19326
20769
21714
0
TO:H,FS:1,FT:0,PC:19
0
844
2185
3210
4327
5606
6712
7708
8594
9617
10842
11750
12799
13909
15242
16575
17909
19214
20618
21714
0
TO:H,FS:1,FT:1,PC:19
0
850
2185
3210
4327
5606
6712
7708
8665
9690
10925
11780
12847
14057
15373
16739
18064
19376
20869
21714
0
TO:H,FS:1,FT:2,PC:20
0
768
2133
3059
4015
5351
6486
7489
8339
9306
10372
11547
12405
13647
14938
16176
17512
18810
20087
21402
21714
0
TO:H,FS:1,FT:3,PC:20
0
768
2133
3130
4094
5351
6452
7349
8247
9180
10352
11444
12235
13298
14495
15765
16964
18338
19616
21018
21714
0
TO:H,FS:1,FT:4,PC:21
0
768
2057
2915
3942
5097
6112
7075
7939
8943
9990
11023
11846
12847
13962
15082
16255
17372
18474
19597
20959
21714
0
TO:H,FS:1,FT:5,PC:21
0
768
2133
3059
4015
5193
6304
7214
8112
9108
10170
11113
11910
12977
14177
15448
16718
17900
19068
20312
21536
21714
0
TO:H,FS:1,FT:6,PC:22
0
696
1938
2776
3683
4615
5760
6699
7584
8405
9306
10352
11342
12055
13050
14177
15316
16475
17623
18714
19833
21018
21714
0
TO:H,FS:1,FT:7,PC:22
0
696
1923
2776
3683
4615
5760
6699
7584
8405
9301
10332
11186
11910
12898
14033
15159
16255
17401
18480
19525
20819
21714
0
TO:H,FS:2,FT:0,PC:26
0
696
1688
2452
3253
4015
4941
5778
6675
7440
8112
8971
9847
10699
11547
12296
13104
14000
14995
15961
16858
17737
18665
19516
20618
21606
21714
0
TO:H,FS:2,FT:1,PC:25
0
696
1715
2508
3278
4085
5005
5847
6743
7501
8170
8971
9911
10774
11547
12316
13104
14084
15017
16101
16886
17869
18801
19719
20826
21714
0
TO:H,FS:2,FT:2,PC:26
0
696
1683
2452
3245
4015
4941
5778
6675
7453
8112
8971
9847
10640
11468
12117
12898
13829
14904
15773
16657
17552
18474
19455
20540
21477
21714
0
TO:H,FS:2,FT:3,PC:25
0
696
1715
2531
3330
4219
5116
5980
6877
7641
8275
9108
9990
10842
11675
12335
13237
14177
15152
16176
17026
18142
19061
20008
21018
21714
0
TO:H,FS:2,FT:4,PC:28
0
620
1351
2185
2915
3709
4473
5288
6062
6869
7518
8161
8943
9617
10372
11215
11846
12587
13433
14233
15017
15941
16722
17552
18397
19345
20123
21018
21714
0
TO:H,FS:2,FT:5,PC:26
0
696
1683
2452
3245
4015
4929
5778
6675
7440
8070
8879
9558
10372
11302
11910
12847
13759
14812
15690
16579
17475
18404
19376
20335
21270
21714
0
TO:H,FS:2,FT:6,PC:30
0
608
1323
2133
2776
3456
4079
4869
5760
6452
7075
7749
8275
8971
9735
10372
11110
11750
12405
13209
14000
14909
15617
16389
17155
18033
18775
19516
20433
21201
21714
0
TO:H,FS:2,FT:7,PC:30
0
595
1305
2133
2776
3456
4079
4855
5731
6406
7050
7641
8215
8943
9605
10352
11042
11730
12335
13028
13817
14720
15437
16235
16964
17854
18593
19376
20193
21018
21714
0
TO:H,FS:3,FT:0,PC:32
0
566
1210
1999
2573
3242
3942
4615
5456
6112
6810
7367
7939
8594
9180
9869
10426
11158
11730
12335
12956
13759
14577
15242
16046
16722
17434
18233
18965
19621
20459
21189
21714
0
TO:H,FS:3,FT:1,PC:32
0
566
1233
2072
2656
3330
4001
4615
5456
6123
6810
7367
7939
8594
9180
9878
10484
11215
11780
12405
13133
13876
14693
15360
16159
16845
17552
18338
19172
19860
20706
21414
21714
0
TO:H,FS:3,FT:2,PC:32
0
507
1165
1948
2531
3191
3898
4554
5341
6010
6712
7267
7913
8522
9135
9771
10372
11102
11730
12316
12898
13704
14463
15132
15941
16606
17314
18176
18925
19570
20417
21134
21714
0
TO:H,FS:3,FT:3,PC:32
0
507
1186
2018
2622
3278
3942
4615
5456
6131
6810
7423
7939
8594
9180
9941
10558
11268
11780
12405
13133
13876
14720
15373
16176
16886
17668
18397
19295
19997
20841
21606
21714
0
TO:H,FS:3,FT:4,PC:36
0
507
1116
1814
2405
2998
3551
4015
4656
5376
5980
6569
7179
7771
8240
8853
9306
9922
10426
11042
11650
12055
12664
13308
13909
14631
15273
16023
16661
17270
18025
18632
19340
19979
20730
21365
21714
0
TO:H,FS:3,FT:5,PC:32
0
566
1210
2051
2616
3278
3942
4615
5508
6208
6912
7462
7939
8565
9135
9771
10372
11042
11713
12204
12847
13647
14460
15132
15941
16661
17428
18287
19106
19860
20745
21525
21714
0
TO:H,FS:3,FT:6,PC:36
0
434
995
1715
2282
2879
3378
3942
4554
5232
5836
6486
7075
7641
8112
8733
9230
9865
10372
11042
11657
12076
12672
13287
13926
14673
15297
16037
16641
17236
17946
18562
19316
19967
20730
21397
21714
0
TO:H,FS:3,FT:7,PC:36
0
423
995
1715
2282
2879
3378
3942
4554
5229
5778
6452
7050
7556
8093
8643
9180
9809
10372
11042
11650
12076
12672
13281
13926
14649
15219
15983
16579
17174
17885
18504
19267
19894
20665
21291
21714
0
