The Power of Habit
LH:0,BH:17981,MH:543884
TO:V,FS:0,FT:0,PC:15
0
931
2209
3486
4788
6062
7336
8496
9870
11211
12553
13743
15137
16529
17812
17981
0
TO:V,FS:0,FT:1,PC:14
0
946
2330
3607
4900
6191
7508
8676
9974
11325
12683
13976
15363
16737
17981
0
TO:V,FS:0,FT:2,PC:17
0
820
1901
2998
4084
5175
6295
7336
8360
9415
10584
11704
12701
13833
14944
16005
17105
17981
0
TO:V,FS:0,FT:3,PC:15
0
1008
2387
3613
4848
6206
7455
8623
9940
11218
12527
13701
15079
16423
17716
17981
0
TO:V,FS:0,FT:4,PC:17
0
820
2023
3180
4295
5436
6587
7738
8740
9854
11006
12081
13171
14371
15560
16737
17908
17981
0
TO:V,FS:0,FT:5,PC:15
0
872
2114
3332
4532
5712
6934
8155
9262
10487
11724
12824
14122
15467
16737
17981
0
TO:V,FS:1,FT:0,PC:20
0
694
1629
2501
3424
4392
5270
6210
7140
8025
8866
9842
10794
11757
12636
13482
14402
15381
16349
17299
17981
0
TO:V,FS:1,FT:1,PC:20
0
694
1629
2596
3525
4492
5411
6351
7281
8218
9071
10026
10986
11915
12752
13709
14657
15614
16598
17501
17981
0
TO:V,FS:1,FT:2,PC:24
0
538
1371
2187
2941
3710
4487
5207
6036
6822
7611
8360
9108
9915
10688
11447
12179
12891
13697
14476
15315
16100
16926
17679
17981
0
TO:V,FS:1,FT:3,PC:20
0
645
1598
2554
3525
4508
5464
6415
7336
8261
9122
10026
10990
11924
12752
13709
14674
15656
16666
17602
17981
0
TO:V,FS:1,FT:4,PC:23
0
613
1407
2251
3077
3866
4672
5464
6314
7158
7976
8676
9519
10356
11162
11956
12701
13556
14365
15219
16042
16914
17744
17981
0
TO:V,FS:1,FT:5,PC:21
0
682
1626
2501
3412
4345
5219
6153
7042
7888
8676
9590
10445
11368
12257
13045
13994
14923
15859
16834
17728
17981
0
TO:V,FS:2,FT:0,PC:26
0
485
1182
1896
2608
3303
4037
4758
5464
6225
6930
7587
8261
8873
9590
10261
10990
11724
12448
13068
13810
14526
15280
16005
16737
17486
17981
0
TO:V,FS:2,FT:1,PC:26
0
485
1192
1946
2648
3344
4082
4800
5464
6210
6930
7624
8305
8913
9633
10314
10990
11724
12448
13083
13810
14526
15303
16042
16780
17531
17981
0
TO:V,FS:2,FT:2,PC:31
0
377
979
1573
2190
2793
3372
3985
4613
5157
5750
6364
6979
7525
8128
8607
9243
9854
10470
11075
11693
12290
12827
13451
14046
14641
15235
15846
16465
17072
17667
17981
0
TO:V,FS:2,FT:3,PC:27
0
485
1182
1880
2569
3260
3996
4672
5335
6062
6769
7468
8151
8726
9447
10147
10830
11515
12215
12784
13513
14189
14950
15636
16349
17080
17787
17981
0
TO:V,FS:2,FT:4,PC:30
0
402
1047
1667
2321
2941
3535
4198
4815
5375
5973
6587
7192
7780
8360
8961
9595
10200
10801
11407
12017
12683
13288
13913
14576
15212
15859
16518
17168
17762
17981
0
TO:V,FS:2,FT:5,PC:27
0
485
1173
1880
2569
3260
3989
4672
5371
6097
6797
7455
8137
8750
9462
10147
10858
11581
12257
12872
13597
14308
15046
15759
16473
17168
17895
17981
0
