TO:V,FS:0,FT:0,PC:14
0
1008
2382
3728
5059
6461
7799
9033
10429
11823
13068
14466
15924
17254
17981
0
TO:V,FS:0,FT:1,PC:14
0
1008
2387
3728
5059
6481
7857
9091
10487
11872
13126
14533
15995
17315
17981
0
TO:V,FS:0,FT:2,PC:15
0
997
2270
3548
4848
6167
7450
8660
9974
11325
12668
13780
15194
16529
17812
17981
0
TO:V,FS:1,FT:0,PC:18
0
798
1829
2891
3910
4968
6074
7091
8117
9076
10123
11184
12215
13151
14164
15240
16311
17350
17981
0
TO:V,FS:1,FT:1,PC:18
0
745
1776
2851
3866
4919
6032
7091
8117
9076
10123
11184
12215
13151
14164
15244
16311
17350
17981
0
TO:V,FS:1,FT:2,PC:19
0
745
1722
2752
3738
4722
5784
6781
7738
8627
9667
10655
11666
12636
13513
14507
15519
16550
17501
17981
0
TO:V,FS:2,FT:0,PC:24
0
569
1323
2132
2922
3680
4471
5168
5985
6769
7598
8351
9019
9825
10602
11349
12127
12784
13600
14365
15178
15986
16780
17574
17981
0
TO:V,FS:2,FT:1,PC:24
0
569
1323
2149
2922
3684
4515
5207
6032
6858
7689
8360
9104
9911
10701
11479
12257
12907
13723
14541
15344
16135
16962
17744
17981
0
TO:V,FS:2,FT:2,PC:24
0
528
1279
2074
2837
3638
4471
5168
5985
6769
7598
8346
9016
9825
10602
11343
12127
12784
13600
14411
15219
16005
16825
17614
17981
0
TO:H,FS:0,FT:0,PC:14
0
899
2289
3738
5072
6528
7888
9050
10487
11872
13151
14598
15995
17359
17981
0
TO:H,FS:0,FT:1,PC:15
0
899
2209
3582
4900
6220
7640
8676
10049
11407
12683
13961
15258
16598
17930
17981
0
TO:H,FS:0,FT:2,PC:15
0
820
2187
3424
4749
6070
7414
8451
9765
11144
12475
13659
14962
16299
17656
17981
0
TO:H,FS:1,FT:0,PC:19
0
636
1708
2783
3747
4793
5807
6854
7806
8634
9660
10665
11724
12683
13640
14716
15727
16737
17728
17981
0
TO:H,FS:1,FT:1,PC:19
0
576
1657
2725
3698
4729
5736
6790
7738
8567
9614
10630
11724
12683
13640
14723
15796
16799
17787
17981
0
TO:H,FS:1,FT:2,PC:20
0
576
1577
2596
3494
4510
5441
6446
7336
8261
9033
9974
10952
11935
12772
13767
14788
15796
16737
17675
17981
0
TO:H,FS:2,FT:0,PC:23
0
501
1245
2074
2855
3659
4479
5233
6046
6876
7678
8378
9196
10034
10868
11711
12527
13214
14002
14784
15624
16458
17193
17981
0
TO:H,FS:2,FT:1,PC:23
0
501
1245
2081
2855
3659
4479
5233
6046
6876
7678
8378
9196
10034
10868
11711
12527
13214
14002
14777
15576
16399
17193
17981
0
TO:H,FS:2,FT:2,PC:24
0
444
1192
2023
2800
3543
4365
5123
5932
6761
7503
8360
9083
9915
10754
11543
12367
13049
13833
14620
15402
16228
17048
17851
17981
0
