The Power of Habit
LH:18047,BH:50471,MH:543884
TO:V,FS:0,FT:0,PC:41
0
789
2102
3359
4673
5969
7298
8670
9988
11312
12632
13956
15140
16490
17776
18914
20220
21479
22574
23892
25026
25824
27149
28508
29595
30520
31837
33208
34334
35579
36609
37673
38976
40233
41465
42786
44080
45300
46660
48026
49366
50471
0
TO:V,FS:0,FT:1,PC:41
0
789
2115
3430
4738
5993
7360
8670
9977
11312
12632
13956
15140
16497
17776
18975
20278
21594
22693
24074
25076
26127
27477
28654
29790
30742
32071
33416
34569
35781
36805
38090
39390
40551
41832
43162
44507
45726
47051
48425
49701
50471
0
TO:V,FS:0,FT:2,PC:49
0
593
1630
2760
3866
4959
5965
7064
8155
9247
10375
11415
12460
13535
14640
15671
16758
17815
18799
19952
21066
22038
23009
24156
25076
25992
27129
28265
29154
30024
30985
32139
33201
34132
35218
36113
36972
38099
39143
40233
41254
42377
43496
44606
45573
46634
47737
48807
49812
50471
0
TO:V,FS:0,FT:3,PC:42
0
789
2068
3435
4705
5905
7178
8512
9862
11191
12519
13838
15026
16388
17686
18799
20150
21419
22451
23770
25026
25768
27098
28382
29409
30291
31600
32971
34055
35298
36525
37473
38860
40176
41353
42671
43967
45148
46423
47777
49111
50300
50471
0
TO:V,FS:0,FT:4,PC:47
0
712
1791
2949
4044
5252
6323
7538
8685
9823
10920
12089
13240
14410
15385
16584
17742
18789
19991
21147
22088
23220
24388
25219
26235
27411
28654
29704
30484
31653
32831
33854
35009
36035
36917
38013
39143
40233
41353
42504
43625
44739
45802
46965
48120
49271
50436
50471
0
TO:V,FS:0,FT:5,PC:44
0
779
2031
3242
4429
5632
6815
8004
9252
10495
11657
12911
14123
15252
16536
17774
18853
20140
21273
22323
23631
24825
25568
26835
28101
29198
30152
31297
32537
33684
34775
35878
36805
38025
39254
40312
41517
42726
43967
45134
46365
47649
48870
50063
50471
0
TO:V,FS:1,FT:0,PC:57
0
547
1390
2379
3343
4285
5233
6091
7025
8004
8956
9912
10810
11775
12682
13582
14519
15334
16263
17096
18070
18826
19768
20740
21682
22431
23354
24314
25076
25857
26814
27805
28654
29521
30170
31169
32148
33088
33847
34796
35646
36500
37190
38122
39100
40043
40852
41801
42769
43718
44683
45483
46403
47351
48265
49174
50079
50471
0
TO:V,FS:1,FT:1,PC:56
0
547
1390
2379
3343
4285
5239
6137
7064
8056
9005
9961
10851
11822
12784
13678
14616
15429
16361
17194
18163
18990
19970
20938
21918
22670
23591
24543
25219
26061
27007
27987
28755
29790
30467
31461
32406
33377
34139
35051
35933
36611
37497
38468
39439
40251
41193
42133
43100
44095
44930
45875
46763
47767
48691
49606
50471
0
TO:V,FS:1,FT:2,PC:67
0
424
1174
1984
2795
3564
4364
5171
5953
6749
7570
8367
9180
9988
10801
11610
12393
13221
13956
14640
15360
16164
16897
17670
18453
19098
19947
20740
21590
22183
23025
23854
24673
25219
25898
26721
27528
28345
28969
29790
30308
31102
31914
32719
33545
34190
34972
35680
36433
37050
37849
38665
39449
40233
40943
41784
42612
43430
44233
44922
45735
46487
47306
48103
48877
49645
50406
50471
0
TO:V,FS:1,FT:3,PC:56
0
510
1403
2385
3355
4296
5292
6187
7162
8121
9105
10036
11001
11977
12944
13883
14658
15630
16622
17592
18574
19406
20300
21250
22088
23092
24064
25026
25624
26618
27622
28640
29409
30152
31083
32117
33088
33894
34844
35693
36597
37285
38175
39143
40104
40911
41875
42823
43731
44739
45548
46455
47470
48463
49424
50331
50471
0
TO:V,FS:1,FT:4,PC:64
0
500
1248
2084
2934
3733
4542
5331
6117
6948
7799
8649
9460
10288
11078
11876
12718
13535
14388
15083
15922
16699
17516
18367
19089
19920
20740
21571
22265
23122
23959
24825
25317
26179
26983
27880
28654
29409
30122
30827
31690
32520
33323
34047
34911
35675
36496
37138
37977
38801
39644
40343
41158
41958
42795
43664
44498
45237
46081
46894
47727
48544
49381
50141
50471
0
TO:V,FS:1,FT:5,PC:58
0
547
1374
2296
3187
4092
4991
5863
6773
7697
8613
9517
10438
11320
12205
13132
14051
14804
15729
16622
17469
18367
19156
20090
20987
21915
22670
23591
24535
25219
26055
27003
27979
28704
29677
30218
31116
32076
33040
33789
34694
35556
36403
37105
37954
38849
39785
40595
41494
42453
43349
44275
45123
46046
46951
47906
48794
49701
50471
0
TO:V,FS:2,FT:0,PC:73
0
412
1081
1782
2501
3249
3946
4665
5371
6032
6741
7489
8207
8911
9607
10305
10969
11730
12423
13151
13824
14554
15214
15931
16657
17333
18070
18727
19414
20159
20866
21608
22171
22951
23705
24432
25026
25470
26211
26898
27646
28365
28921
29698
30170
30863
31600
32342
33088
33701
34423
35132
35805
36541
37073
37800
38550
39312
40024
40668
41388
42130
42875
43638
44322
44958
45665
46393
47137
47893
48616
49338
50004
50471
0
TO:V,FS:2,FT:1,PC:73
0
412
1081
1782
2501
3208
3901
4625
5331
5993
6721
7489
8188
8911
9607
10342
10989
11730
12423
13151
13868
14598
15252
16009
16699
17374
18108
18743
19497
20195
20905
21640
22216
22951
23705
24432
25026
25481
26211
26898
27646
28365
28921
29698
30170
30863
31600
32342
33088
33701
34390
35090
35805
36496
37031
37714
38480
39182
39917
40546
41267
42002
42750
43430
44120
44783
45531
46272
47008
47767
48497
49211
49879
50471
0
TO:V,FS:2,FT:2,PC:87
0
302
908
1493
2084
2690
3305
3901
4511
5122
5718
6260
6862
7489
8100
8696
9287
9875
10476
11095
11701
12290
12853
13443
14029
14629
15083
15693
16289
16881
17490
18085
18709
19218
19813
20433
21050
21668
22128
22750
23347
23985
24633
25120
25573
26167
26803
27383
27987
28630
29112
29759
30152
30704
31301
31914
32537
33170
33684
34252
34873
35441
36013
36609
37114
37736
38359
38965
39563
40164
40685
41284
41875
42486
43100
43703
44322
44819
45416
45994
46634
47235
47871
48482
49079
49671
50220
50471
0
TO:V,FS:2,FT:3,PC:75
0
371
999
1698
2421
3121
3847
4501
5188
5852
6521
7242
7966
8689
9376
10074
10753
11432
12143
12853
13535
14261
14839
15564
16282
16973
17693
18409
19000
19713
20408
21142
21870
22494
23210
23923
24665
25219
25788
26546
27214
27969
28654
29280
29865
30476
31169
31900
32613
33323
33914
34644
35322
36023
36609
37235
37936
38646
39350
40043
40628
41331
42002
42713
43452
44166
44783
45483
46200
46894
47601
48308
49002
49690
50348
50471
0
TO:V,FS:2,FT:4,PC:84
0
377
999
1653
2327
2930
3509
4144
4787
5445
6032
6650
7284
7883
8496
9130
9712
10350
10920
11542
12205
12814
13461
14064
14640
15230
15863
16480
17096
17742
18405
18914
19580
20159
20781
21423
22038
22597
23165
23823
24422
25026
25456
26116
26757
27415
28058
28654
29227
29790
30241
30863
31515
32112
32737
33385
33906
34523
35189
35778
36347
36837
37445
38079
38713
39297
39889
40400
40987
41649
42289
42896
43496
44111
44754
45267
45912
46521
47166
47792
48397
49052
49663
50246
50471
0
TO:V,FS:2,FT:5,PC:74
0
412
1081
1782
2501
3190
3866
4582
5298
5953
6654
7395
8078
8815
9513
10182
10861
11554
12272
12988
13656
14372
14981
15660
16398
17079
17785
18484
19131
19822
20480
21152
21889
22504
23251
24001
24727
25219
25824
26568
27278
27987
28654
29295
29865
30509
31195
31936
32679
33401
33981
34681
35364
36055
36689
37391
38122
38842
39519
40233
40891
41582
42330
43048
43731
44451
45073
45787
46473
47178
47915
48616
49338
49994
50471
0
