The Power of Habit
LH:68518,BH:51269,MH:543884
TO:V,FS:0,FT:0,PC:44
0
785
2167
3412
4734
5898
7137
8116
9369
10603
11811
13113
14464
15836
17165
18254
19560
20797
22065
23343
24539
25871
26938
27977
28989
30416
31760
32268
33045
34135
35246
36539
37538
38767
40098
41355
42520
43513
44802
46090
47324
48361
49736
51093
51269
0
TO:V,FS:0,FT:1,PC:44
0
785
2167
3412
4734
5898
7137
8172
9423
10619
11881
13113
14475
15785
17107
18236
19455
20704
22009
23168
24364
25707
26827
27604
28582
30011
31431
32158
32938
33821
34997
36291
37346
38463
39783
41064
42403
43425
44627
45958
47215
48243
49626
50975
51269
0
TO:V,FS:0,FT:2,PC:52
0
607
1698
2695
3724
4815
5881
6959
7837
8689
9755
10728
11832
12895
13985
15102
16165
17265
18236
19294
20387
21515
22493
23582
24575
25688
26776
27602
28222
29281
30416
31534
32158
32824
33537
34513
35548
36654
37538
38521
39609
40652
41767
42655
43584
44723
45770
46850
47721
48815
49952
51076
51269
0
TO:V,FS:0,FT:3,PC:44
0
785
2125
3351
4636
5777
7026
8004
9222
10539
11645
12912
14224
15549
16826
18005
19161
20464
21711
22920
24129
25413
26712
27602
28412
29766
31154
32046
32545
33537
34531
35893
36950
38145
39441
40662
42026
43016
44152
45524
46739
47721
49030
50365
51269
0
TO:V,FS:0,FT:4,PC:49
0
674
1813
2964
4102
5090
6218
7349
8200
9300
10393
11453
12618
13767
14927
16117
17308
18254
19455
20581
21816
22872
23897
24947
26113
26990
27888
28819
30003
31241
32046
32534
33499
34438
35433
36626
37538
38575
39754
40909
42019
42909
43844
44953
46090
47215
48175
49329
50515
51269
0
TO:V,FS:0,FT:5,PC:46
0
723
1974
3189
4427
5469
6650
7837
8888
10016
11080
12324
13569
14843
16123
17378
18366
19616
20797
22021
23165
24295
25590
26827
27681
28701
30003
31274
32096
32905
33649
34758
35933
36941
38023
39273
40426
41701
42661
43705
45017
46196
47376
48426
49679
50966
51269
0
TO:V,FS:1,FT:0,PC:60
0
542
1503
2424
3351
4242
5029
6005
6946
7837
8559
9416
10332
11076
12017
12895
13775
14707
15651
16626
17497
18254
19182
20095
21035
21950
22838
23646
24575
25493
26422
27136
27866
28610
29573
30506
31461
32046
32484
33237
33986
34811
35740
36654
37490
38280
39206
40051
40977
41896
42603
43513
44334
45308
46140
47031
47757
48673
49674
50592
51269
0
TO:V,FS:1,FT:1,PC:60
0
555
1503
2479
3404
4293
5078
6056
6994
7837
8609
9513
10437
11178
12090
13002
13978
14954
15947
16859
17758
18490
19433
20343
21239
22104
23060
23897
24827
25739
26670
27368
28101
28909
29835
30788
31760
32158
32778
33537
34381
35177
36138
36905
37749
38670
39580
40410
41366
42322
42997
43770
44687
45597
46537
47513
48262
49230
50194
51146
51269
0
TO:V,FS:1,FT:2,PC:70
0
436
1213
2009
2825
3605
4384
5019
5838
6639
7414
7991
8758
9513
10330
11011
11736
12546
13320
14114
14930
15727
16515
17308
18022
18696
19455
20221
20974
21756
22444
23238
23923
24715
25476
26264
26911
27602
28103
28850
29643
30441
31274
31867
32208
32853
33491
34135
34811
35585
36399
37039
37733
38463
39287
40005
40776
41592
42352
42961
43619
44382
45147
45876
46625
47430
48070
48900
49701
50496
51269
0
TO:V,FS:1,FT:3,PC:59
0
519
1461
2431
3404
4344
5176
6157
7046
7837
8622
9513
10488
11292
12289
13150
14137
15106
16092
17039
17937
18795
19745
20726
21656
22571
23550
24356
25285
26172
26938
27681
28427
29431
30458
31425
32046
32484
33289
34037
34880
35791
36654
37538
38380
39330
40235
41179
42131
42856
43584
44484
45433
46390
47367
48124
49030
49991
51003
51269
0
TO:V,FS:1,FT:4,PC:67
0
504
1322
2158
2942
3724
4584
5265
6114
6946
7770
8380
9208
10059
10745
11543
12393
13172
13974
14830
15678
16502
17317
18088
18795
19659
20431
21225
22021
22821
23599
24463
25303
26138
26829
27602
28182
28967
29818
30697
31541
32046
32407
33074
33751
34531
35326
36145
36833
37600
38405
39212
39994
40801
41639
42485
43154
43863
44674
45520
46300
47114
47751
48573
49420
50292
51101
51269
0
TO:V,FS:1,FT:5,PC:61
0
542
1474
2376
3294
4175
4929
5862
6755
7660
8365
9176
10016
10812
11676
12596
13446
14348
15277
16218
17140
17981
18775
19695
20578
21505
22357
23297
24122
24989
25894
26811
27507
28101
28858
29789
30743
31719
32158
32778
33523
34280
35098
36030
36799
37600
38515
39384
40235
41126
42047
42745
43528
44435
45387
46170
47081
47797
48717
49674
50589
51269
0
TO:V,FS:2,FT:0,PC:76
0
402
1131
1867
2587
3271
3960
4674
5283
6031
6755
7485
8028
8715
9408
10141
10745
11418
12122
12834
13525
14255
14981
15714
16460
17197
17891
18499
19239
19944
20653
21358
22065
22748
23477
24076
24796
25535
26258
26829
27566
28101
28685
29400
30164
30885
31621
32096
32526
33108
33668
34381
35024
35703
36428
36996
37635
38317
39036
39763
40426
41167
41876
42520
43114
43741
44414
45147
45829
46527
47198
47703
48444
49171
49898
50592
51269
0
TO:V,FS:2,FT:1,PC:77
0
402
1097
1830
2553
3271
3978
4720
5283
6031
6755
7444
7986
8694
9369
10059
10662
11335
12017
12707
13400
14094
14830
15527
16254
16985
17725
18292
19061
19745
20428
21087
21816
22480
23139
23781
24501
25213
25917
26648
27196
27761
28297
29054
29776
30524
31274
31867
32158
32611
33196
33796
34513
35172
35864
36562
37181
37790
38463
39206
39863
40529
41251
42011
42603
43281
43905
44584
45338
46060
46784
47460
48053
48742
49464
50194
50921
51269
0
TO:V,FS:2,FT:2,PC:91
0
304
916
1531
2167
2722
3318
3904
4508
4987
5592
6222
6792
7414
7839
8417
8999
9593
10211
10693
11279
11877
12448
13002
13590
14199
14801
15410
16020
16626
17236
17817
18331
18945
19574
20160
20767
21358
21950
22508
23108
23599
24170
24777
25378
25994
26595
27050
27602
28101
28547
29175
29762
30373
31019
31641
32046
32405
32925
33382
33860
34488
34988
35585
36213
36704
37328
37860
38435
39016
39609
40187
40717
41323
41904
42506
42961
43513
44076
44687
45266
45829
46437
47074
47574
48070
48673
49298
49892
50456
51030
51269
0
TO:V,FS:2,FT:3,PC:78
0
372
1097
1789
2479
3147
3807
4541
5090
5782
6516
7181
7837
8466
9120
9855
10542
11069
11754
12454
13084
13786
14487
15214
15928
16642
17360
18061
18634
19367
20083
20773
21441
22143
22827
23542
24129
24841
25535
26264
26903
27574
28101
28685
29412
30139
30873
31582
32046
32405
32938
33537
34135
34745
35449
36155
36704
37459
38023
38730
39427
40083
40759
41463
42174
42775
43498
44081
44765
45468
46126
46836
47526
48053
48742
49473
50209
50875
51269
0
TO:V,FS:2,FT:4,PC:87
0
374
983
1611
2217
2825
3463
4115
4745
5265
5886
6535
7129
7719
8237
8865
9482
10081
10619
11204
11841
12448
13039
13654
14302
14954
15549
16202
16844
17445
18075
18603
19221
19782
20417
21035
21675
22234
22821
23472
24033
24614
25276
25902
26488
27014
27602
28101
28603
29244
29851
30479
31143
31800
32158
32598
33130
33664
34276
34827
35424
36051
36642
37169
37739
38392
39016
39680
40235
40860
41546
42131
42641
43240
43752
44400
45003
45588
46155
46804
47391
47848
48483
49100
49736
50345
50985
51269
0
TO:V,FS:2,FT:5,PC:77
0
402
1113
1830
2535
3216
3869
4599
5205
5948
6678
7355
7946
8648
9369
10097
10702
11377
12085
12793
13488
14213
14930
15632
16385
17114
17817
18412
19119
19786
20501
21194
21929
22597
23293
23916
24620
25347
26084
26806
27388
27910
28466
29214
29933
30677
31413
32036
32405
32938
33537
34135
34728
35405
36120
36704
37449
38061
38769
39469
40164
40834
41546
42215
42801
43449
44038
44748
45464
46126
46827
47498
48031
48726
49456
50180
50875
51269
0
