TO:V,FS:0,FT:0,PC:40
0
832
2213
3531
4891
6112
7485
8897
10222
11542
12911
14237
15494
16820
18229
19451
20798
22038
23227
24633
25452
26842
28222
29370
30346
31716
33088
34215
35460
36609
37731
39143
40369
41753
43100
44562
45766
47159
48536
49833
50471
0
TO:V,FS:0,FT:1,PC:39
0
832
2220
3590
4899
6220
7659
9087
10438
11834
13158
14534
15768
17096
18484
19741
21097
22205
23638
25010
25765
27149
28564
29729
30687
32071
33416
34598
35892
36975
38359
39762
40976
42356
43731
45014
46423
47883
49245
50471
0
TO:V,FS:0,FT:2,PC:41
0
779
2099
3409
4660
5875
7178
8496
9798
11074
12347
13647
14829
16139
17433
18727
20025
21357
22508
23831
25026
25888
27214
28564
29726
30678
32011
33323
34452
35656
36748
38083
39443
40587
41832
43153
44624
45823
47172
48482
49751
50471
0
TO:V,FS:1,FT:0,PC:51
0
607
1576
2673
3718
4782
5783
6804
7854
8911
9961
10993
12079
13086
14103
15005
16022
17001
18070
18965
20068
21142
22038
22986
24016
25026
25703
26773
27857
28704
29790
30576
31653
32709
33684
34647
35597
36549
37335
38371
39443
40347
41353
42434
43496
44584
45483
46507
47566
48622
49606
50471
0
TO:V,FS:1,FT:1,PC:51
0
607
1576
2679
3726
4782
5783
6804
7854
8911
9961
10993
12079
13086
14103
15005
16022
17056
18114
19053
20118
21196
22038
22883
23963
25026
25703
26773
27862
28704
29790
30520
31600
32661
33658
34569
35511
36500
37235
38269
39350
40251
41311
42385
43445
44532
45434
46455
47511
48568
49553
50471
0
TO:V,FS:1,FT:2,PC:54
0
547
1453
2421
3447
4429
5429
6364
7369
8370
9396
10381
11345
12347
13330
14304
15132
16119
17053
18062
18894
19920
20938
21969
22772
23760
24791
25417
26458
27462
28489
29330
30103
31020
32051
33057
33847
34844
35745
36609
37400
38425
39449
40301
41311
42330
43353
44322
45192
46200
47162
48167
49124
50079
50471
0
TO:V,FS:2,FT:0,PC:67
0
462
1167
1970
2770
3553
4334
5106
5852
6605
7409
8234
9035
9823
10606
11377
12143
12953
13709
14472
15170
15968
16699
17459
18259
18914
19713
20507
21335
22038
22781
23600
24388
25076
25742
26586
27439
28236
28879
29745
30291
31083
31900
32696
33458
34120
34911
35634
36416
37050
37867
38693
39482
40233
40943
41733
42516
43328
44120
44828
45665
46435
47235
48007
48785
49553
50261
50471
0
TO:V,FS:2,FT:1,PC:67
0
471
1167
1970
2770
3553
4334
5120
5896
6646
7472
8272
9078
9862
10650
11432
12233
13027
13800
14554
15261
16062
16844
17645
18453
19131
19920
20722
21527
22178
23009
23791
24623
25219
25877
26721
27528
28328
28921
29790
30338
31126
31941
32755
33542
34215
35040
35761
36549
37138
37954
38757
39563
40251
41027
41817
42608
43410
44207
44919
45770
46525
47339
48140
48919
49680
50436
50471
0
TO:V,FS:2,FT:2,PC:67
0
417
1123
1912
2725
3474
4256
5018
5769
6521
7334
8145
8911
9695
10476
11248
12007
12814
13535
14348
15001
15808
16610
17352
18152
18826
19627
20408
21228
22038
22761
23546
24356
25026
25524
26325
27122
27969
28654
29364
30033
30714
31515
32305
33088
33747
34555
35322
36099
36689
37437
38255
39057
39825
40504
41288
42043
42841
43664
44457
45179
45954
46737
47511
48308
49082
49799
50471
0
TO:H,FS:0,FT:0,PC:40
0
607
2031
3474
4899
6211
7585
8985
10427
11733
13132
14547
15743
17056
18440
19705
21116
22156
23600
25026
25780
27233
28613
29657
30476
31894
33393
34523
35825
36767
38122
39589
40770
42130
43554
44783
46226
47625
48989
50246
50471
0
TO:H,FS:0,FT:1,PC:41
0
607
1957
3398
4778
5993
7362
8713
10065
11422
12703
14029
15083
16473
17767
18894
20231
21652
22781
24171
25219
26378
27762
28704
29792
30901
32259
33635
34755
36010
36991
38269
39679
40807
42133
43554
44783
46147
47548
48842
50059
50471
0
TO:H,FS:0,FT:2,PC:41
0
607
1877
3324
4621
5905
7212
8565
9939
11267
12561
13915
14964
16320
17611
18743
20129
21505
22475
23860
25026
25703
27078
28382
29398
30170
31589
32936
34055
35364
36609
37569
38950
40233
41429
42823
44202
45345
46752
48039
49353
50471
0
TO:H,FS:1,FT:0,PC:53
0
433
1381
2421
3455
4421
5396
6286
7324
8394
9472
10438
11493
12535
13535
14598
15462
16531
17479
18484
19390
20415
21492
22279
23354
24388
25210
25969
27049
28108
28837
29790
30439
31484
32512
33536
34408
35460
36413
37178
38122
39143
40205
41046
42097
43100
44184
45120
46120
47085
48162
49186
50093
50471
0
TO:H,FS:1,FT:1,PC:53
0
433
1381
2421
3463
4421
5462
6352
7395
8460
9538
10504
11554
12602
13661
14640
15589
16622
17611
18612
19524
20549
21611
22424
23478
24513
25219
26106
27183
28241
28977
29792
30627
31665
32709
33684
34666
35662
36609
37350
38456
39482
40316
41353
42416
43430
44510
45383
46372
47410
48428
49509
50371
50471
0
TO:H,FS:1,FT:2,PC:56
0
433
1317
2352
3273
4167
5143
5969
6902
7899
8911
9890
10794
11750
12718
13661
14640
15528
16540
17414
18367
19197
20159
21186
22038
22848
23831
24825
25269
26294
27300
28308
28960
29790
30374
31350
32323
33342
34086
35117
35998
36689
37601
38583
39535
40316
41300
42285
43241
44251
45112
46061
46955
47963
48947
49818
50471
0
TO:H,FS:2,FT:0,PC:67
0
331
1104
1915
2760
3531
4323
5122
5816
6594
7405
8223
9024
9845
10606
11395
12198
12988
13811
14584
15252
16022
16818
17582
18367
19028
19853
20669
21465
22088
22897
23705
24573
25128
25703
26554
27355
28158
28760
29591
30152
30883
31716
32534
33372
33981
34763
35453
36113
36689
37514
38345
39198
39982
40616
41410
42228
43075
43837
44677
45300
46110
46877
47700
48478
49296
49994
50471
0
TO:H,FS:2,FT:1,PC:67
0
331
1104
1918
2767
3531
4323
5122
5816
6594
7405
8227
9024
9845
10606
11405
12217
12988
13811
14640
15360
16139
16930
17742
18531
19204
20021
20798
21627
22196
23070
23885
24737
25219
25877
26721
27528
28382
28987
29790
30280
31097
31936
32767
33557
34205
34980
35597
36336
36917
37731
38581
39424
40205
40807
41629
42453
43277
44120
44783
45588
46365
47150
47963
48750
49527
50238
50471
0
TO:H,FS:2,FT:2,PC:67
0
276
1053
1858
2709
3474
4269
5076
5807
6539
7345
8161
8968
9793
10551
11320
12146
12965
13756
14584
15248
16022
16809
17600
18423
19075
19910
20722
21519
22088
22897
23705
24566
25128
25703
26554
27355
28218
28817
29657
30152
30883
31716
32537
33377
33981
34763
35453
36113
36689
37514
38352
39198
39982
40616
41410
42228
43085
43837
44669
45300
46110
46877
47684
48478
49296
49994
50471
0
