The Power of Habit
LH:119787,BH:63856,MH:543884
TO:V,FS:0,FT:0,PC:52
0
802
1977
3237
4581
5413
6602
7904
9225
10581
11657
12923
14286
15621
16800
18145
19495
20853
21900
23277
24622
25863
27178
28168
29149
30509
31367
32457
33756
35008
36171
37502
38621
39965
41319
42708
43957
45275
46446
47687
49033
50298
51643
52952
54104
55418
56721
58063
59185
60365
61536
62722
63856
0
TO:V,FS:0,FT:1,PC:52
0
802
2057
3301
4634
5486
6662
8039
9338
10701
11771
13101
14467
15741
16916
18228
19568
20963
22026
23458
24701
26062
27475
28460
29398
30623
31437
32576
33875
35106
36289
37618
38742
40049
41440
42825
44184
45510
46652
47930
49270
50528
51898
53242
54462
55745
57078
58229
59544
60666
61901
63096
63856
0
TO:V,FS:0,FT:2,PC:63
0
615
1748
2716
3797
4852
5581
6481
7610
8733
9827
10946
11811
12905
14017
15125
16198
17161
18285
19385
20477
21525
22372
23528
24604
25580
26694
27612
28665
29507
30604
31317
32103
33171
34189
35273
36225
37295
38200
39307
40451
41593
42633
43687
44764
45927
46851
47844
48917
50019
51087
52240
53266
54205
55288
56340
57508
58417
59478
60407
61371
62394
63362
63856
0
TO:V,FS:0,FT:3,PC:53
0
691
1867
3179
4484
5245
6369
7687
8986
10294
11411
12795
14044
15396
16693
17865
19227
20575
21608
22935
24265
25504
26812
27869
28829
30128
31163
31985
33211
34537
35869
36939
38059
39393
40781
42152
43471
44764
46067
47145
48355
49657
50847
52228
53355
54676
56006
57281
58434
59728
60822
62027
63206
63856
0
TO:V,FS:0,FT:4,PC:60
0
600
1782
2769
3863
4993
5795
6936
8106
9202
10324
11346
12491
13644
14853
15972
16957
18145
19327
20501
21606
22566
23758
24792
26062
27279
28166
29090
30272
31257
32028
33100
34180
35262
36308
37386
38350
39484
40675
41808
42966
44109
45200
46247
47390
48511
49657
50728
51957
53054
54082
55158
56362
57587
58586
59785
60710
61751
62794
63781
63856
0
TO:V,FS:0,FT:5,PC:56
0
747
1867
3067
4280
5204
6275
7501
8791
10074
11227
12342
13534
14803
15972
17032
18285
19495
20781
21776
22981
24265
25398
26636
27689
28685
29757
30793
31681
32899
34032
35218
36308
37499
38558
39839
41128
42407
43572
44764
45952
46975
48193
49473
50649
51874
53063
54147
55413
56656
57946
58991
60188
61186
62345
63378
63856
0
TO:V,FS:1,FT:0,PC:73
0
504
1476
2293
3179
4124
4993
5621
6407
7373
8277
9202
10155
11062
11844
12776
13683
14598
15494
16413
17205
18184
19123
20061
21012
21776
22755
23651
24550
25389
26277
27222
27977
28687
29591
30524
31317
31950
32839
33666
34606
35543
36308
37274
38046
38965
39930
40871
41851
42761
43724
44662
45620
46433
47373
48228
49175
50114
51076
51994
52926
53708
54645
55545
56472
57458
58252
59165
60080
60786
61572
62394
63178
63856
0
TO:V,FS:1,FT:1,PC:73
0
455
1419
2240
3146
4075
4993
5621
6417
7373
8298
9246
10219
11185
11985
12901
13787
14799
15687
16609
17416
18376
19316
20279
21256
22026
22981
23909
24701
25695
26574
27522
28264
29014
29886
30673
31437
32204
33088
33976
34935
35891
36689
37574
38336
39338
40303
41265
42247
43229
44184
45139
46082
46963
47820
48724
49665
50633
51565
52509
53298
54208
55145
56110
57072
58009
58794
59728
60537
61371
62190
62978
63810
63856
0
TO:V,FS:1,FT:2,PC:86
0
415
1246
1915
2664
3464
4219
4985
5432
6140
6923
7724
8542
9320
10078
10912
11575
12361
13116
13866
14700
15470
16245
16939
17756
18550
19348
20171
20963
21606
22253
23025
23842
24637
25363
26154
26947
27610
28248
28816
29612
30417
31046
31569
32328
33080
33875
34640
35442
36117
36883
37655
38270
39086
39896
40705
41514
42310
43086
43831
44651
45457
46146
46914
47628
48398
49143
49911
50716
51490
52312
53082
53753
54541
55332
56144
56935
57723
58389
59163
59964
60615
61314
62001
62659
63327
63856
0
TO:V,FS:1,FT:3,PC:72
0
455
1476
2293
3228
4174
5036
5759
6618
7547
8501
9439
10427
11293
12251
13180
14044
15056
15972
16800
17768
18744
19677
20669
21606
22361
23342
24313
25157
26111
27069
27840
28685
29439
30373
31133
31719
32605
33485
34411
35363
36213
37180
37982
38864
39845
40871
41851
42808
43784
44764
45737
46568
47489
48398
49351
50277
51289
52236
53104
53864
54800
55808
56792
57785
58546
59525
60341
61151
62010
62850
63667
63856
0
TO:V,FS:1,FT:4,PC:82
0
437
1271
1951
2749
3568
4351
5079
5708
6440
7246
8097
8918
9703
10540
11277
12030
12851
13692
14511
15362
16138
16845
17693
18515
19356
20125
20963
21608
22471
23277
24146
24875
25740
26523
27379
28014
28685
29339
30161
30854
31523
32194
32980
33738
34537
35363
36117
36913
37680
38483
39356
40185
41035
41867
42676
43505
44307
45135
45952
46690
47489
48300
49131
49955
50769
51583
52456
53280
54045
54881
55702
56518
57394
58202
58886
59719
60399
61061
61801
62537
63237
63856
0
TO:V,FS:1,FT:5,PC:75
0
504
1467
2293
3179
4075
4993
5621
6407
7271
8180
9097
10006
10924
11691
12629
13531
14431
15339
16266
17077
18022
18932
19858
20809
21606
22407
23325
24235
25045
25987
26906
27612
28553
29222
30119
30876
31552
32346
33166
34077
34982
35891
36689
37564
38336
39287
40251
41216
42085
42958
43879
44870
45821
46568
47475
48300
49256
50148
51087
52020
52926
53643
54547
55435
56345
57287
58157
58936
59826
60574
61360
62180
62978
63772
63856
0
TO:V,FS:2,FT:0,PC:94
0
388
1083
1828
2419
3163
3863
4573
5108
5708
6355
7078
7817
8548
9269
9996
10743
11330
12043
12784
13482
14197
14940
15643
16342
16968
17710
18438
19179
19897
20617
21330
21852
22576
23277
24016
24683
25380
26106
26855
27572
28114
28685
29275
29986
30623
31269
31731
32438
33075
33781
34492
35188
35891
36514
37252
37845
38551
39294
40049
40806
41552
42287
43011
43754
44462
45231
45952
46596
47324
48033
48751
49473
50163
50896
51612
52359
53029
53643
54372
55050
55782
56512
57266
58009
58586
59319
60017
60574
61201
61810
62423
63048
63658
63856
0
TO:V,FS:2,FT:1,PC:94
0
344
1045
1791
2381
3081
3761
4476
5108
5708
6355
7078
7817
8548
9269
9996
10708
11293
12002
12740
13441
14154
14893
15565
16270
16888
17631
18354
19096
19821
20548
21261
21812
22514
23236
23973
24683
25380
26106
26858
27610
28190
28768
29468
30206
30808
31412
32024
32680
33319
34018
34750
35442
36117
36820
37557
38093
38802
39556
40318
41074
41823
42543
43284
43997
44728
45433
46097
46801
47528
48216
48964
49665
50351
51023
51744
52456
53159
53747
54487
55130
55872
56593
57379
58085
58671
59412
60112
60666
61272
61929
62537
63148
63781
63856
0
TO:V,FS:2,FT:2,PC:112
0
292
879
1492
2032
2585
3179
3780
4321
4918
5285
5813
6394
6991
7557
8172
8814
9414
10020
10637
11214
11668
12290
12891
13482
14081
14713
15311
15925
16542
17025
17631
18228
18860
19468
20079
20725
21358
21755
22325
22925
23517
24100
24671
25172
25792
26413
27002
27610
28114
28685
29187
29772
30389
30833
31317
31727
32306
32926
33442
34058
34678
35297
35891
36351
36984
37574
38043
38643
39243
39867
40489
41115
41736
42358
42914
43531
44113
44738
45339
45952
46433
47060
47665
48293
48867
49473
50062
50696
51274
51879
52486
53071
53581
54185
54790
55402
56000
56589
57222
57869
58334
58951
59569
60162
60574
61096
61623
62141
62659
63138
63645
63856
0
TO:V,FS:2,FT:3,PC:96
0
353
1061
1753
2293
2993
3680
4351
4993
5413
6014
6737
7404
8132
8833
9496
10209
10906
11459
12174
12851
13561
14253
14983
15697
16359
16929
17648
18354
19063
19750
20468
21175
21726
22424
23111
23842
24567
25176
25879
26568
27292
27809
28553
29079
29740
30452
31067
31569
32233
32930
33522
34205
34912
35614
36199
36864
37601
38138
38887
39602
40366
41074
41782
42501
43224
43925
44599
45317
45999
46601
47279
47958
48675
49393
50118
50815
51511
52240
52952
53556
54254
54968
55711
56430
57184
57935
58469
59195
59854
60419
61015
61612
62241
62822
63400
63856
0
TO:V,FS:2,FT:4,PC:108
0
316
968
1588
2162
2774
3371
3940
4573
5108
5610
6136
6781
7377
8021
8665
9338
9992
10595
11227
11750
12361
12994
13631
14264
14931
15527
16158
16770
17280
17961
18596
19257
19853
20472
21069
21606
22117
22703
23352
24004
24671
25208
25854
26515
27119
27612
28213
28768
29377
30009
30623
31197
31604
32233
32810
33395
33976
34557
35179
35847
36349
36964
37557
38059
38692
39349
39957
40614
41237
41891
42487
43057
43664
44264
44884
45528
46097
46695
47321
47958
48604
49256
49878
50528
51125
51799
52399
52989
53489
54130
54747
55382
56012
56622
57281
57869
58328
58986
59649
60188
60666
61166
61695
62226
62735
63197
63714
63856
0
TO:V,FS:2,FT:5,PC:95
0
388
1061
1782
2372
3035
3715
4401
5036
5588
6224
6906
7654
8382
9107
9827
10570
11265
11836
12576
13294
14003
14742
15428
16092
16782
17467
18184
18922
19568
20287
21004
21608
22288
22981
23712
24388
24997
25744
26431
27157
27765
28466
29035
29740
30487
31099
31569
32272
32941
33613
34336
35039
35755
36308
37048
37680
38382
39086
39810
40566
41295
42035
42715
43454
44163
44856
45569
46221
46914
47603
48300
49037
49748
50434
51129
51855
52542
53266
53864
54582
55296
56012
56721
57482
58202
58794
59507
60188
60681
61296
61910
62499
63084
63681
63856
0
