The Power of Habit
LH:183722,BH:56904,MH:543884
TO:V,FS:0,FT:0,PC:45
0
709
1987
3291
4596
5877
7196
8444
9813
11122
12249
13603
14958
16103
17474
18759
19777
21192
22552
23793
25151
26370
27683
28876
30120
31497
32854
34199
35463
36817
38129
39426
40603
41986
43333
44737
46065
47408
48511
49828
51138
52485
53810
55031
56252
56904
0
TO:V,FS:0,FT:1,PC:45
0
709
1991
3291
4596
5890
7236
8444
9813
11122
12249
13664
15025
16160
17528
18780
19904
21309
22669
23861
25155
26491
27798
29019
30302
31660
33033
34370
35523
36817
38129
39426
40661
42049
43396
44795
46127
47469
48572
49888
51198
52539
53870
55088
56307
56904
0
TO:V,FS:0,FT:2,PC:55
0
593
1697
2757
3870
4939
5981
7036
7959
9075
10172
11122
12035
13153
14178
15239
16154
17339
18381
19259
20396
21487
22534
23538
24709
25796
26905
28008
28968
30057
31156
32252
33374
34455
35463
36572
37660
38729
39850
40727
41839
42925
43999
45104
46218
47290
48385
49427
50490
51466
52597
53697
54635
55698
56627
56904
0
TO:V,FS:0,FT:3,PC:46
0
709
2051
3357
4596
5890
7176
8319
9654
11067
12095
13432
14771
15870
17207
18560
19592
20897
22236
23522
24822
26088
27391
28594
29974
31269
32580
33947
35252
36408
37769
39038
40347
41584
42905
44213
45553
46916
48229
49329
50628
51910
53210
54338
55648
56744
56904
0
TO:V,FS:0,FT:4,PC:51
0
641
1810
2969
4177
5255
6437
7622
8646
9813
10950
11875
13071
14233
15389
16458
17644
18780
19759
20996
22169
23325
24358
25596
26771
27942
28918
30046
31156
32358
33516
34635
35669
36802
37971
39127
40285
41356
42505
43740
44888
46039
47231
48369
49319
50471
51569
52784
53911
54951
56159
56904
0
TO:V,FS:0,FT:5,PC:48
0
709
1867
3082
4310
5513
6741
7856
9075
10317
11347
12576
13783
15014
16042
17372
18585
19550
20839
22125
23428
24575
25756
26908
28160
29246
30465
31711
32972
34141
35389
36467
37756
38916
40145
41281
42593
43891
45129
46425
47749
48790
50055
51257
52429
53719
54747
56059
56904
0
TO:V,FS:1,FT:0,PC:64
0
533
1453
2304
3231
4164
5046
5970
6868
7786
8632
9520
10442
11172
12070
12999
13898
14813
15670
16540
17471
18365
19109
20032
20990
21952
22905
23708
24709
25610
26546
27487
28451
29233
30172
31149
32089
33035
33947
34888
35661
36630
37548
38431
39336
40267
41077
42061
42991
43930
44884
45835
46773
47696
48503
49408
50370
51240
52181
53107
54048
54834
55741
56533
56904
0
TO:V,FS:1,FT:1,PC:63
0
493
1453
2353
3283
4212
5100
6061
7015
7856
8836
9762
10693
11470
12401
13350
14281
15227
16033
16960
17891
18780
19577
20516
21478
22418
23368
24201
25145
26101
27038
28039
28819
29740
30708
31645
32658
33580
34508
35436
36237
37164
38122
39006
39954
40752
41711
42646
43615
44579
45527
46478
47461
48385
49263
50217
51111
52028
53014
53960
54781
55741
56533
56904
0
TO:V,FS:1,FT:2,PC:75
0
418
1210
1948
2716
3520
4272
5018
5803
6553
7371
8033
8836
9565
10366
11122
11772
12546
13350
14131
14947
15688
16488
17345
18090
18780
19446
20242
21064
21840
22644
23458
24147
24981
25764
26565
27311
28142
28794
29581
30333
31149
31904
32706
33492
34276
35096
35731
36497
37300
38091
38857
39642
40364
41163
41974
42742
43529
44311
45114
45889
46665
47492
48255
48916
49716
50538
51265
52070
52867
53655
54369
55175
55952
56578
56904
0
TO:V,FS:1,FT:3,PC:62
0
499
1459
2353
3336
4310
5203
6160
7176
7996
8973
9959
10950
11727
12657
13603
14586
15523
16350
17358
18256
19034
20005
20990
21961
22905
23742
24730
25670
26560
27554
28515
29382
30264
31250
32245
33246
34114
35131
35864
36846
37818
38752
39697
40460
41445
42377
43312
44300
45284
46286
47272
48270
49077
50071
51011
51967
52918
53911
54731
55689
56507
56904
0
TO:V,FS:1,FT:4,PC:72
0
450
1278
2113
2912
3724
4536
5367
6160
7000
7838
8637
9477
10285
11122
11853
12667
13470
14309
15163
15859
16661
17508
18335
19007
19824
20634
21487
22294
23124
23823
24724
25518
26339
27177
28028
28749
29581
30417
31259
32085
32968
33787
34603
35413
36145
36986
37811
38589
39405
40243
40919
41732
42545
43401
44239
45045
45856
46633
47473
48292
49015
49854
50665
51360
52181
53014
53838
54579
55361
56200
56834
56904
0
TO:V,FS:1,FT:5,PC:65
0
538
1479
2353
3283
4212
5100
6012
6912
7838
8707
9614
10533
11269
12169
13095
13950
14895
15688
16586
17508
18415
19152
20082
21028
21903
22855
23655
24602
25498
26399
27330
28256
29046
29931
30888
31790
32734
33672
34597
35445
36286
37213
38142
39006
39954
40752
41665
42593
43540
44479
45383
46286
47216
48156
48877
49765
50677
51536
52507
53419
54275
55186
56125
56866
56904
0
TO:V,FS:2,FT:0,PC:82
0
406
1111
1810
2534
3274
4003
4684
5379
6070
6819
7529
8136
8864
9544
10241
10979
11555
12249
12988
13679
14397
15117
15733
16471
17214
17943
18658
19189
19899
20634
21388
22105
22843
23522
24186
24960
25654
26333
27038
27805
28515
29168
29908
30662
31379
32125
32880
33576
34290
35040
35669
36363
37082
37811
38505
39195
39902
40531
41245
41967
42686
43431
44180
44918
45644
46362
47089
47833
48403
49088
49808
50556
51138
51800
52527
53264
53960
54616
55316
56066
56642
56904
0
TO:V,FS:2,FT:1,PC:82
0
366
1070
1780
2456
3165
3899
4572
5274
6002
6748
7448
8093
8827
9544
10241
11002
11614
12292
13027
13725
14451
15182
15820
16532
17293
18036
18780
19379
20132
20839
21587
22339
23077
23732
24435
25135
25855
26554
27251
28028
28578
29302
29985
30741
31469
32188
32922
33617
34335
35096
35679
36363
37034
37769
38485
39168
39892
40487
41203
41926
42641
43389
44137
44834
45539
46234
46975
47716
48385
49051
49765
50513
51127
51769
52527
53264
53970
54616
55271
56029
56612
56904
0
TO:V,FS:2,FT:2,PC:98
0
303
908
1479
2066
2672
3274
3899
4502
5084
5726
6321
6904
7485
7966
8566
9169
9762
10361
10943
11419
11980
12558
13153
13717
14333
14938
15540
16042
16650
17297
17898
18501
18958
19566
20207
20832
21421
22000
22608
23199
23723
24343
24993
25606
26200
26803
27396
28004
28533
29136
29740
30312
30939
31551
32144
32768
33418
34005
34629
35252
35770
36403
36978
37581
38174
38782
39383
39982
40436
41034
41638
42232
42835
43454
44086
44696
45295
45929
46542
47164
47768
48369
48866
49465
50028
50628
51138
51700
52300
52890
53537
54150
54635
55230
55862
56353
56875
56904
0
TO:V,FS:2,FT:3,PC:84
0
366
1070
1780
2460
3165
3858
4536
5228
5923
6627
7343
7941
8673
9351
10042
10730
11347
12061
12748
13427
14163
14867
15555
16129
16854
17577
18290
18873
19600
20339
21015
21697
22418
23118
23732
24452
25139
25855
26554
27259
27990
28578
29302
29985
30708
31425
32134
32880
33576
34258
34996
35585
36282
36986
37704
38370
39038
39731
40364
41090
41810
42513
43218
43925
44631
45349
46097
46764
47473
48168
48782
49474
50197
50825
51447
52153
52879
53639
54275
54953
55630
56252
56855
56904
0
TO:V,FS:2,FT:4,PC:93
0
339
953
1587
2247
2844
3493
4153
4751
5428
6070
6714
7343
7892
8506
9159
9792
10423
11067
11555
12159
12783
13395
14025
14697
15287
15824
16488
17147
17744
18387
18873
19479
20116
20763
21421
22028
22658
23306
23849
24481
25167
25778
26399
27027
27683
28310
28858
29511
30068
30730
31391
32020
32660
33297
33929
34500
35168
35679
36278
36904
37536
38174
38787
39377
40014
40541
41199
41839
42486
43165
43792
44383
45014
45633
46215
46844
47497
48162
48642
49245
49872
50465
51040
51621
52274
52942
53517
54112
54673
55302
55948
56441
56904
0
TO:V,FS:2,FT:5,PC:83
0
396
1111
1810
2534
3231
3960
4643
5338
6044
6737
7448
8050
8785
9472
10156
10886
11515
12230
12917
13603
14309
15033
15688
16430
17139
17862
18574
19119
19799
20510
21239
21936
22665
23412
24055
24772
25459
26182
26884
27629
28331
28939
29655
30339
31059
31753
32482
33242
33947
34660
35372
35976
36693
37359
38097
38791
39478
40191
40821
41519
42245
42966
43721
44455
45177
45932
46623
47372
48100
48680
49351
50051
50753
51344
52017
52729
53455
54166
54795
55518
56230
56784
56904
0
