The Power of Habit
LH:240626,BH:49806,MH:543884
TO:V,FS:0,FT:0,PC:40
0
744
2151
3516
4768
6096
7255
8599
9947
11174
12495
13301
14567
15808
17114
18475
19603
20893
22190
23472
24829
26192
27394
28793
30140
31385
32318
33698
34986
36064
37347
38541
39894
41165
42462
43807
45119
46467
47656
49005
49806
0
TO:V,FS:0,FT:1,PC:40
0
804
2207
3516
4714
6036
7206
8540
9844
11054
12374
13196
14461
15634
16969
18293
19516
20841
22129
23472
24885
26239
27451
28854
30198
31385
32318
33704
35000
36076
37397
38610
39894
41165
42462
43807
45119
46467
47656
49005
49806
0
TO:V,FS:0,FT:2,PC:48
0
600
1705
2809
3757
4826
5902
6835
7897
9046
10021
11120
12254
13176
14002
14915
16010
17114
18177
19358
20256
21373
22435
23587
24691
25834
26762
27850
28992
30082
31182
32004
32941
34006
35036
35922
37020
37975
39055
40107
41203
42291
43365
44440
45563
46674
47656
48759
49806
0
TO:V,FS:0,FT:3,PC:41
0
744
2092
3416
4554
5803
6908
8228
9559
10722
12074
13170
14086
15266
16508
17794
19114
20282
21635
22925
24310
25621
26781
28108
29425
30716
31647
32793
34116
35168
36249
37588
38736
40082
41355
42715
43969
45298
46597
47731
49068
49806
0
TO:V,FS:0,FT:4,PC:46
0
632
1825
3013
4001
5139
6276
7354
8470
9671
10687
11910
13082
13778
14797
15921
17114
18341
19406
20553
21620
22734
23882
24986
26128
27164
28376
29593
30709
31583
32660
33801
34802
35783
36897
37917
39149
40263
41334
42445
43594
44704
45825
46839
48061
49275
49806
0
TO:V,FS:0,FT:5,PC:43
0
687
2036
3341
4416
5679
6708
7962
9247
10244
11525
12732
13521
14585
15796
17013
18293
19460
20626
21828
23096
24296
25505
26596
27921
29201
30490
31528
32660
33869
35109
36175
37397
38541
39833
41039
42222
43459
44735
45966
47012
48239
49421
49806
0
TO:V,FS:1,FT:0,PC:56
0
544
1511
2433
3379
4173
5147
6106
6898
7813
8754
9671
10497
11449
12426
13194
13969
14777
15668
16674
17615
18574
19406
20338
21260
22222
23158
24123
25082
26023
26838
27786
28715
29681
30658
31465
32208
33164
34102
35007
35744
36683
37646
38486
39402
40346
41256
42169
43014
43953
44879
45841
46723
47517
48404
49307
49806
0
TO:V,FS:1,FT:1,PC:56
0
548
1511
2437
3379
4173
5116
6068
6898
7813
8764
9720
10525
11506
12479
13194
13978
14786
15668
16674
17615
18574
19406
20338
21260
22222
23158
24133
25082
26040
26838
27786
28715
29690
30648
31387
32190
33067
34006
34907
35666
36635
37610
38459
39394
40311
41212
42130
43071
44000
44931
45881
46824
47687
48643
49580
49806
0
TO:V,FS:1,FT:2,PC:66
0
428
1200
1996
2782
3516
4264
5103
5897
6567
7397
8216
9009
9765
10417
11209
11999
12789
13279
14009
14677
15462
16245
17045
17838
18626
19388
20080
20830
21591
22380
23158
23967
24767
25551
26329
26942
27749
28573
29385
30198
30991
31574
32255
33021
33785
34491
35168
35823
36624
37409
38091
38895
39738
40531
41334
42103
42914
43677
44427
45254
46057
46824
47547
48348
49168
49806
0
TO:V,FS:1,FT:3,PC:55
0
514
1458
2384
3326
4134
5131
6096
6898
7813
8764
9771
10578
11585
12582
13196
14081
14896
15816
16836
17817
18772
19593
20586
21508
22486
23462
24418
25378
26339
27196
28216
29237
30162
31152
31834
32660
33585
34494
35249
36249
37173
38024
38946
39924
40820
41762
42685
43645
44533
45476
46453
47289
48304
49260
49806
0
TO:V,FS:1,FT:4,PC:63
0
495
1290
2118
2909
3621
4440
5277
6096
6808
7625
8457
9307
10021
10857
11709
12508
13194
13874
14585
15433
16256
17026
17862
18713
19449
20246
21088
21906
22752
23537
24365
25228
26065
26771
27620
28476
29285
30140
30986
31661
32373
33229
34049
34842
35549
36377
37241
37958
38785
39624
40429
41256
42045
42891
43655
44427
45285
46102
46839
47674
48498
49284
49806
0
TO:V,FS:1,FT:5,PC:57
0
544
1511
2433
3315
4083
5011
5910
6743
7631
8548
9507
10306
11252
12153
13082
13679
14567
15426
16269
17206
18153
19114
19918
20785
21680
22618
23563
24509
25459
26339
27141
28097
29033
29960
30853
31528
32298
33229
34056
34951
35692
36635
37571
38411
39332
40241
41119
42023
42914
43779
44670
45636
46504
47258
48199
49068
49806
0
TO:V,FS:2,FT:0,PC:72
0
364
1085
1815
2553
3262
3869
4602
5315
6019
6625
7339
8075
8793
9517
10141
10901
11625
12366
13082
13532
14279
14871
15612
16311
17022
17701
18426
19187
19793
20524
21171
21828
22546
23263
23990
24745
25470
26201
26805
27574
28346
29069
29770
30510
31202
31694
32277
32998
33738
34438
35168
35800
36505
37220
37866
38616
39365
40082
40760
41490
42210
42914
43612
44299
45012
45735
46447
47084
47846
48564
49275
49806
0
TO:V,FS:2,FT:1,PC:72
0
364
1085
1815
2553
3269
3912
4602
5315
6060
6625
7381
8117
8833
9598
10188
10935
11669
12374
13082
13555
14240
14844
15543
16256
16940
17657
18397
19145
19709
20461
21111
21787
22549
23220
23952
24712
25490
26173
26771
27476
28262
28984
29690
30426
31118
31694
32277
32998
33758
34486
35168
35800
36553
37264
37900
38657
39402
40086
40803
41516
42210
42914
43612
44299
44993
45693
46406
47009
47762
48488
49192
49806
0
TO:V,FS:2,FT:2,PC:86
0
266
855
1458
2058
2647
3262
3766
4377
4971
5546
6152
6687
7300
7921
8513
9138
9710
10197
10803
11419
12012
12607
13082
13444
14062
14585
15191
15796
16389
16960
17594
18177
18783
19388
19932
20553
21130
21747
22316
22874
23451
24050
24686
25272
25884
26356
26942
27568
28188
28808
29404
30011
30633
31244
31643
32190
32712
33293
33901
34514
35147
35610
36219
36838
37472
37975
38588
39213
39810
40429
41024
41629
42226
42827
43400
44010
44617
45230
45833
46406
46908
47529
48111
48703
49301
49806
0
TO:V,FS:2,FT:3,PC:74
0
329
1006
1722
2384
3122
3701
4397
5116
5763
6340
7063
7757
8457
9205
9883
10480
11205
11921
12636
13194
13766
14469
15030
15750
16490
17155
17878
18626
19365
19918
20626
21332
22041
22752
23410
24137
24854
25551
26282
26858
27574
28312
29050
29748
30449
31163
31661
32246
32982
33678
34374
35087
35684
36377
37105
37837
38433
39112
39816
40523
41221
41879
42586
43254
43941
44632
45369
46057
46798
47416
48131
48843
49548
49806
0
TO:V,FS:2,FT:4,PC:83
0
293
926
1587
2222
2829
3483
4011
4669
5327
5976
6480
7108
7739
8358
8992
9628
10086
10722
11371
12005
12595
13084
13583
14195
14728
15315
15944
16606
17227
17862
18522
19137
19659
20290
20887
21475
22080
22744
23353
23967
24598
25255
25846
26395
27030
27640
28284
28943
29568
30194
30805
31385
31875
32418
33073
33656
34265
34881
35411
36070
36674
37282
37866
38518
39170
39772
40384
40986
41625
42239
42880
43505
44130
44768
45365
45973
46562
47084
47731
48344
48996
49617
49806
0
TO:V,FS:2,FT:5,PC:73
0
364
1067
1811
2509
3212
3769
4480
5191
5874
6497
7215
7940
8650
9349
10005
10645
11371
12074
12753
13196
13907
14567
15250
15996
16686
17361
18056
18796
19449
20116
20785
21480
22174
22895
23612
24310
25012
25750
26356
27054
27795
28543
29244
29964
30658
31373
31834
32431
33149
33861
34558
35249
35988
36678
37397
37988
38744
39445
40159
40842
41558
42274
42999
43679
44374
45090
45796
46491
47117
47843
48564
49275
49806
0
