The Power of Habit
LH:290432,BH:52624,MH:543884
TO:V,FS:0,FT:0,PC:42
0
765
2153
3458
4752
5898
7144
8430
9705
11024
12178
13536
14815
16073
17473
18422
19606
20932
22287
23414
24449
25746
27088
28403
29605
30926
32285
33641
35097
36487
37602
38869
40184
41364
42708
43969
45290
46509
47837
49173
50557
51798
52624
0
TO:V,FS:0,FT:1,PC:42
0
765
2153
3476
4762
5898
7144
8430
9708
11036
12243
13599
14923
16259
17587
18531
19752
21154
22418
23547
24599
25923
27209
28530
29725
31041
32388
33764
35161
36524
37665
38984
40302
41479
42829
44053
45382
46627
47959
49299
50626
51857
52624
0
TO:V,FS:0,FT:2,PC:51
0
576
1726
2773
3776
4844
5826
6859
7882
8979
10046
11140
12085
13115
14255
15329
16390
17546
18356
19283
20440
21526
22616
23547
24491
25626
26769
27853
28858
29946
31037
32144
33164
34317
35501
36632
37543
38712
39778
40759
41909
43009
44108
45228
46240
47274
48398
49509
50609
51648
52559
52624
0
TO:V,FS:0,FT:3,PC:42
0
765
2102
3403
4666
5843
7085
8377
9646
10975
12182
13481
14866
16134
17487
18366
19565
20880
22202
23364
24459
25814
27220
28545
29754
31056
32409
33764
35183
36524
37602
38933
40184
41364
42649
43924
45262
46457
47804
49123
50450
51773
52624
0
TO:V,FS:0,FT:4,PC:48
0
631
1853
3048
4091
5255
6264
7424
8624
9771
10975
11975
13171
14344
15566
16714
17673
18549
19728
20906
22022
23164
24214
25218
26380
27473
28609
29679
30862
32012
33202
34354
35533
36675
37654
38810
39871
40914
42142
43228
44395
45647
46724
47813
49035
50212
51361
52279
52624
0
TO:V,FS:0,FT:5,PC:45
0
704
1970
3215
4292
5547
6589
7731
8954
10182
11238
12492
13828
15035
16196
17457
18366
19473
20747
22013
23153
24214
25370
26596
27827
28862
30153
31355
32643
33927
35215
36424
37472
38664
39852
40991
42264
43501
44758
45898
47194
48423
49588
50877
52029
52624
0
TO:V,FS:1,FT:0,PC:59
0
524
1492
2410
3318
4172
5136
5936
6841
7773
8651
9551
10498
11273
12212
13102
14047
15008
15879
16780
17587
18279
19042
20009
20975
21903
22815
23585
24357
25344
26296
27268
28178
29044
29990
30905
31831
32767
33718
34751
35726
36625
37399
38309
39221
40125
40966
41892
42791
43758
44685
45633
46482
47418
48339
49252
50175
51089
51905
52624
0
TO:V,FS:1,FT:1,PC:59
0
524
1492
2410
3339
4218
5197
5988
6934
7877
8755
9635
10590
11425
12316
13264
14244
15162
16014
16987
17743
18531
19386
20364
21289
22230
23164
24035
24810
25769
26740
27709
28675
29516
30434
31377
32306
33271
34251
35257
36164
36904
37813
38788
39671
40612
41413
42348
43320
44296
45276
46089
47039
47954
48890
49839
50777
51643
52373
52624
0
TO:V,FS:1,FT:2,PC:70
0
432
1238
1978
2721
3451
4218
5028
5653
6447
7215
7923
8722
9475
10244
11024
11716
12487
13299
14083
14835
15597
16379
17172
17788
18531
19226
20033
20859
21657
22440
23164
23903
24549
25361
26151
26969
27767
28562
29214
30024
30805
31651
32441
33185
33999
34862
35690
36459
37103
37855
38671
39391
40164
40845
41640
42441
43202
43980
44708
45526
46227
47020
47787
48586
49380
50208
50948
51680
52328
52624
0
TO:V,FS:1,FT:3,PC:58
0
516
1441
2410
3339
4218
5151
6012
7017
7882
8823
9768
10759
11581
12578
13571
14543
15515
16493
17503
18171
18956
19852
20842
21807
22770
23594
24369
25361
26312
27283
28240
29103
30097
31064
32012
32981
33969
35024
35968
36805
37699
38645
39542
40467
41326
42313
43272
44245
45240
46096
47114
48000
48936
49839
50822
51689
52373
52624
0
TO:V,FS:1,FT:4,PC:66
0
505
1334
2176
2990
3763
4577
5395
6063
6847
7660
8430
9287
10101
10898
11629
12439
13247
14102
14954
15770
16585
17425
18044
18748
19619
20445
21256
22085
22863
23569
24264
25135
25964
26812
27662
28494
29202
30072
30888
31743
32565
33423
34283
35166
35987
36738
37463
38330
39141
39973
40743
41530
42339
43142
43969
44786
45642
46387
47220
47981
48781
49617
50473
51237
51993
52624
0
TO:V,FS:1,FT:5,PC:60
0
524
1483
2410
3318
4172
5087
5888
6787
7668
8552
9454
10397
11174
12114
13001
13920
14815
15693
16575
17527
18151
18924
19801
20778
21657
22580
23364
24214
25041
25908
26840
27786
28694
29512
30434
31377
32306
33211
34166
35145
36068
36850
37723
38594
39493
40413
41223
42175
43060
43955
44931
45777
46751
47611
48498
49403
50318
51228
52029
52624
0
TO:V,FS:2,FT:0,PC:76
0
401
1147
1838
2544
3257
3948
4690
5434
6012
6688
7424
8106
8858
9525
10220
10934
11552
12273
13012
13753
14470
15206
15939
16604
17369
17943
18531
19198
19877
20636
21370
22122
22832
23467
24214
24858
25611
26340
27099
27840
28562
29164
29936
30693
31448
32205
32903
33606
34366
35155
35865
36567
37142
37845
38581
39305
40002
40734
41345
42054
42791
43512
44193
44886
45589
46254
46956
47636
48391
49105
49830
50550
51237
51905
52512
52624
0
TO:V,FS:2,FT:1,PC:76
0
407
1153
1838
2544
3257
3948
4648
5395
5965
6688
7424
8106
8858
9530
10244
10975
11552
12273
13012
13753
14470
15206
15939
16604
17369
17943
18549
19244
19920
20679
21412
22122
22793
23423
24168
24786
25550
26226
26969
27677
28403
29044
29806
30566
31273
32049
32767
33515
34283
35064
35807
36494
37055
37763
38480
39173
39881
40632
41270
41972
42721
43396
44072
44804
45553
46212
46926
47559
48317
49040
49743
50473
51155
51840
52405
52624
0
TO:V,FS:2,FT:2,PC:91
0
316
940
1559
2176
2816
3403
3985
4607
5227
5723
6331
6948
7551
8097
8685
9269
9841
10475
11094
11593
12178
12747
13354
13960
14560
15159
15770
16357
16987
17587
18034
18549
19145
19752
20392
21006
21605
22202
22778
23257
23841
24307
24916
25546
26158
26765
27355
27972
28593
29108
29733
30297
30881
31514
32086
32685
33335
33950
34583
35226
35807
36448
36941
37527
38118
38721
39293
39909
40512
40991
41600
42197
42776
43354
43969
44532
45158
45759
46309
46897
47500
48082
48651
49257
49865
50469
51026
51590
52149
52612
52624
0
TO:V,FS:2,FT:3,PC:77
0
376
1089
1789
2458
3131
3809
4478
5189
5723
6400
7085
7750
8430
9151
9894
10634
11266
11956
12650
13338
14069
14790
15473
16196
16917
17587
18088
18671
19399
20098
20811
21533
22273
22953
23528
24214
24867
25569
26279
27014
27744
28449
29055
29767
30484
31163
31913
32611
33344
34096
34849
35580
36296
36904
37589
38330
39015
39716
40413
41018
41754
42471
43142
43853
44522
45272
45857
46585
47274
47936
48616
49312
50050
50769
51459
52116
52624
0
TO:V,FS:2,FT:4,PC:87
0
369
982
1667
2298
2937
3524
4127
4726
5314
5854
6435
7085
7707
8328
8972
9572
10193
10844
11359
11975
12626
13270
13929
14527
15150
15770
16395
17063
17589
18142
18655
19249
19866
20534
21166
21771
22374
22976
23488
24157
24682
25315
25929
26545
27114
27699
28352
28839
29504
30127
30761
31383
32040
32633
33298
33895
34531
35174
35807
36440
36983
37621
38242
38846
39427
40015
40678
41235
41880
42469
43084
43709
44315
44953
45606
46182
46842
47418
48030
48671
49281
49897
50535
51168
51798
52328
52624
0
TO:V,FS:2,FT:5,PC:77
0
401
1147
1838
2544
3257
3948
4666
5365
5926
6602
7293
7978
8718
9397
10087
10808
11385
12117
12834
13588
14304
15041
15760
16436
17157
17743
18366
18998
19709
20409
21128
21852
22552
23181
23900
24522
25238
25948
26640
27397
28100
28762
29459
30183
30888
31651
32328
33023
33728
34472
35226
35912
36606
37183
37890
38624
39293
39995
40719
41345
42012
42712
43439
44113
44804
45508
46157
46873
47544
48242
48932
49575
50306
50988
51672
52306
52624
0
