The Power of Habit
LH:343056,BH:59703,MH:543884
TO:V,FS:0,FT:0,PC:49
0
708
2067
3431
4677
5831
7212
8565
9910
11105
12462
13810
14797
16158
17412
18550
19945
21293
22631
23977
25314
26591
27880
29020
30400
31723
33004
34176
35434
36790
38118
39499
40798
41853
43035
44338
45687
46823
48097
48799
49767
50909
52129
53475
54572
55927
57251
58217
59440
59703
0
TO:V,FS:0,FT:1,PC:49
0
667
2023
3373
4677
5831
7212
8565
9850
11050
12425
13749
14797
16172
17430
18672
19990
21357
22631
23977
25314
26650
27971
29137
30523
31784
33004
34176
35434
36849
38218
39623
40923
41963
43163
44515
45839
46948
48097
48851
49823
50971
52243
53527
54691
56037
57331
58438
59644
59703
0
TO:V,FS:0,FT:2,PC:58
0
544
1658
2729
3822
4888
5768
6886
7963
9048
10169
11230
12327
13442
14555
15452
16487
17430
18431
19528
20586
21695
22744
23850
24929
26035
27094
28078
29020
30133
31228
32285
33402
34330
35434
36546
37687
38823
39883
41058
41902
42874
43942
45067
46172
47095
48097
48769
49618
50559
51619
52680
53650
54765
55865
56943
57768
58727
59703
0
TO:V,FS:0,FT:3,PC:49
0
667
2031
3316
4660
5712
7022
8398
9709
10939
12309
13648
14797
16129
17412
18561
19904
21242
22600
23916
25261
26591
27880
29020
30436
31723
32950
34077
35375
36742
38074
39398
40752
41814
42956
44228
45570
46652
48020
48728
49635
50819
52063
53311
54413
55750
57071
58122
59318
59703
0
TO:V,FS:0,FT:4,PC:56
0
637
1867
3046
4169
5221
6375
7576
8664
9887
11003
12168
13319
14496
15406
16487
17430
18526
19712
20820
22038
23147
24314
25452
26591
27689
28883
29856
30991
32115
33194
34209
35308
36458
37605
38785
39876
41073
42000
43020
44174
45377
46438
47534
48468
49064
50184
51204
52335
53458
54384
55558
56681
57639
58613
59605
59703
0
TO:V,FS:0,FT:5,PC:52
0
650
1950
3248
4394
5421
6699
7980
9247
10434
11569
12831
14094
15086
16392
17489
18655
19828
21112
22411
23656
24933
26205
27352
28586
29743
30959
32136
33344
34494
35717
36967
38218
39558
40798
41853
42966
44180
45390
46456
47644
48585
49176
50411
51379
52518
53596
54814
56095
57331
58309
59440
59703
0
TO:V,FS:1,FT:0,PC:67
0
484
1470
2399
3347
4313
5221
6054
7009
7936
8857
9838
10791
11721
12701
13648
14607
15386
16327
17213
17975
18860
19712
20674
21641
22596
23537
24469
25368
26310
27206
28105
28965
29958
30919
31828
32760
33595
34511
35423
36394
37383
38370
39353
40314
41181
41952
42747
43656
44632
45570
46438
47331
48147
48799
49384
50345
51143
52030
52954
53794
54710
55659
56604
57396
58208
59037
59703
0
TO:V,FS:1,FT:1,PC:67
0
484
1477
2409
3356
4313
5221
6054
7022
7987
8907
9887
10835
11766
12751
13697
14660
15435
16375
17240
18051
18907
19759
20728
21711
22643
23585
24527
25475
26443
27352
28253
29062
30051
30991
31902
32827
33641
34614
35520
36487
37482
38470
39449
40419
41183
42107
42966
43903
44890
45781
46593
47575
48350
48887
49635
50456
51355
52270
53198
54040
54945
55901
56848
57595
58408
59248
59703
0
TO:V,FS:1,FT:2,PC:79
0
382
1169
1966
2717
3522
4308
5092
5761
6574
7388
8197
8978
9736
10512
11282
12062
12875
13656
14467
15076
15880
16703
17430
18157
18923
19659
20455
21233
22038
22833
23614
24412
25178
26015
26779
27573
28337
29010
29843
30656
31465
32237
33053
33736
34539
35354
36164
36999
37822
38673
39486
40287
41118
41718
42393
43187
43982
44797
45597
46346
47062
47913
48540
48950
49662
50438
51159
51931
52695
53503
54155
54931
55736
56501
57286
57862
58538
59233
59703
0
TO:V,FS:1,FT:3,PC:66
0
432
1431
2364
3356
4270
5195
6008
7037
8004
8964
9938
10842
11833
12825
13770
14747
15576
16524
17412
18230
19227
20149
21122
22126
23098
24060
25041
26023
26977
27917
28883
29717
30718
31630
32576
33503
34322
35308
36279
37183
38162
39170
40078
41066
41823
42600
43600
44537
45478
46397
47207
48097
48690
49169
50107
50901
51883
52765
53596
54474
55433
56416
57331
58042
58878
59703
0
TO:V,FS:1,FT:4,PC:76
0
422
1237
2067
2877
3707
4532
5239
6097
6952
7786
8597
9424
10235
11055
11892
12733
13579
14448
15097
15911
16720
17430
18230
19068
19798
20606
21476
22297
23127
23953
24773
25593
26439
27254
28017
28836
29553
30386
31244
32087
32872
33595
34447
35264
36095
36920
37773
38644
39470
40301
41149
41818
42562
43382
44195
45018
45820
46500
47327
48097
48690
49106
49942
50660
51467
52295
53088
53783
54603
55420
56241
57016
57700
58413
59147
59703
0
TO:V,FS:1,FT:5,PC:69
0
473
1400
2301
3203
4101
5018
5809
6741
7676
8557
9483
10363
11282
12206
13165
14135
14902
15846
16745
17523
18382
19291
20134
21058
22003
22887
23800
24696
25616
26531
27445
28337
29156
30098
31042
31902
32827
33595
34511
35423
36385
37335
38310
39258
40168
41143
41864
42629
43561
44515
45420
46346
47110
48052
48652
49064
49952
50740
51597
52489
53357
54172
55066
55975
56889
57639
58450
59256
59703
0
TO:V,FS:2,FT:0,PC:87
0
373
1052
1800
2517
3248
3932
4624
5239
5966
6732
7516
8231
8944
9661
10363
11086
11823
12551
13238
14012
14720
15291
15994
16720
17403
17951
18624
19350
20033
20770
21486
22208
22909
23623
24354
25095
25839
26556
27246
27939
28662
29279
30051
30790
31488
32241
32944
33577
34258
34965
35713
36465
37173
37906
38633
39371
40078
40823
41393
42101
42661
43373
44113
44831
45545
46279
46826
47575
48147
48690
49064
49767
50456
51159
51837
52518
53255
53865
54598
55308
56063
56786
57353
57982
58587
59190
59703
0
TO:V,FS:2,FT:1,PC:88
0
373
1052
1807
2517
3255
3932
4677
5279
6008
6779
7524
8273
8985
9700
10363
11044
11778
12505
13238
13965
14678
15247
15957
16677
17331
17935
18624
19350
19990
20728
21446
22132
22876
23623
24354
25105
25802
26517
27200
27897
28621
29192
29925
30648
31329
32032
32778
33426
34011
34698
35418
36183
36868
37605
38346
39048
39791
40491
41181
41814
42462
43187
43903
44613
45332
46079
46593
47309
47996
48540
48906
49451
50148
50748
51456
52173
52850
53527
54162
54843
55580
56304
57016
57574
58201
58812
59440
59703
0
TO:V,FS:2,FT:2,PC:104
0
281
869
1477
2067
2669
3291
3873
4479
5056
5547
6120
6766
7388
7984
8575
9173
9736
10319
10895
11482
12097
12728
13310
13931
14526
14993
15588
16196
16804
17400
17851
18382
19012
19577
20191
20796
21395
21997
22608
23211
23826
24452
25076
25674
26278
26901
27465
28010
28621
29120
29754
30379
30991
31558
32151
32735
33344
33842
34429
35036
35658
36269
36880
37493
38146
38775
39371
39983
40606
41181
41703
42196
42754
43335
43954
44588
45165
45753
46346
46826
47465
48079
48504
48887
49336
49920
50456
51046
51619
52201
52794
53394
53862
54474
55082
55693
56324
56889
57387
57889
58376
58878
59373
59703
0
TO:V,FS:2,FT:3,PC:89
0
342
1022
1721
2444
3137
3806
4532
5221
5882
6635
7344
8054
8705
9443
10122
10803
11485
12188
12909
13620
14355
14929
15649
16335
17022
17598
18273
18998
19659
20340
21085
21798
22510
23211
23906
24643
25306
26009
26723
27397
28059
28753
29321
30057
30794
31488
32213
32872
33577
34255
34925
35635
36385
37094
37822
38559
39250
39955
40665
41262
41988
42600
43304
43982
44700
45377
46083
46593
47331
48048
48540
48906
49451
50148
50748
51424
52129
52807
53488
54073
54783
55479
56195
56877
57467
58061
58650
59264
59703
0
TO:V,FS:2,FT:4,PC:100
0
316
941
1589
2213
2848
3475
4115
4714
5239
5899
6541
7199
7846
8456
9104
9736
10310
10874
11501
12136
12777
13437
14050
14705
15186
15745
16392
17039
17538
18126
18737
19345
19928
20511
21153
21783
22444
23105
23746
24371
24978
25622
26284
26887
27497
28115
28772
29302
29929
30542
31201
31810
32431
33044
33595
34209
34799
35413
36030
36648
37240
37884
38551
39181
39824
40446
41118
41634
42213
42845
43405
44042
44683
45332
45961
46456
47062
47719
48257
48728
49106
49694
50303
50824
51431
52067
52659
53286
53769
54372
55028
55637
56264
56889
57387
57903
58396
58960
59449
59703
0
TO:V,FS:2,FT:5,PC:88
0
373
1052
1754
2476
3208
3888
4567
5221
5882
6606
7330
8075
8742
9483
10179
10862
11569
12299
13019
13706
14434
15049
15751
16476
17182
17712
18382
19119
19798
20519
21233
21962
22664
23374
24097
24816
25544
26232
26928
27635
28329
28965
29717
30452
31170
31873
32608
33301
33881
34605
35345
36076
36825
37543
38218
38965
39684
40352
41125
41725
42253
42994
43694
44442
45126
45820
46456
47161
47865
48468
48851
49324
49971
50609
51243
51922
52639
53357
53986
54678
55393
56102
56826
57387
57952
58544
59150
59703
0
