The Power of Habit
LH:402825,BH:58102,MH:543884
TO:V,FS:0,FT:0,PC:46
0
752
1944
3321
4657
5824
7194
8518
9891
11019
12280
13589
14818
16029
17349
18588
19869
21207
22338
23668
24905
26151
27524
28689
30035
31414
32711
34029
35163
36483
37809
39149
40288
41610
42776
44082
45396
46748
47890
49208
50504
51752
52978
54170
55529
56756
58102
0
TO:V,FS:0,FT:1,PC:46
0
752
1901
3258
4597
5824
7146
8475
9831
10965
12228
13530
14818
16029
17349
18651
19983
21382
22630
23998
25258
26498
27815
28983
30272
31595
32885
34197
35345
36661
38028
39352
40519
41862
43010
44355
45757
47067
48216
49593
50877
52161
53290
54545
55807
57117
58102
0
TO:V,FS:0,FT:2,PC:56
0
571
1711
2758
3848
4912
5824
6946
8000
9152
10200
11121
12192
13259
14348
15327
16349
17447
18588
19728
20853
21751
22838
23933
24884
26002
27100
28180
29230
30350
31506
32612
33723
34611
35740
36878
37970
39076
40039
41129
42178
43146
44280
45428
46549
47667
48597
49650
50700
51801
52908
53829
54936
55912
57000
58076
58102
0
TO:V,FS:0,FT:3,PC:47
0
774
2009
3321
4597
5790
7082
8355
9714
10857
12170
13445
14758
15914
17226
18588
19932
21264
22476
23809
24980
26265
27601
28811
30095
31494
32774
34157
35293
36614
37970
39235
40348
41633
42727
44038
45359
46717
47833
49155
50401
51592
52824
53952
55268
56473
57778
58102
0
TO:V,FS:0,FT:4,PC:53
0
653
1747
2908
4048
4997
6130
7233
8386
9592
10606
11754
12963
14127
15153
16288
17425
18588
19781
20900
21898
23085
24258
25337
26465
27606
28665
29855
31011
32224
33310
34465
35463
36668
37841
38909
39925
41069
42178
43197
44280
45442
46573
47653
48641
49730
50810
51986
52996
54136
55295
56385
57497
58102
0
TO:V,FS:0,FT:5,PC:50
0
693
1827
3035
4327
5457
6727
8000
9323
10484
11603
12769
13997
15010
16200
17401
18588
19816
20986
21988
23262
24471
25588
26781
28011
29204
30390
31707
32947
34193
35269
36544
37809
39030
40124
41321
42531
43678
44925
46168
47349
48445
49593
50817
52026
53051
54194
55446
56637
57927
58102
0
TO:V,FS:1,FT:0,PC:65
0
511
1473
2365
3285
4212
4997
5962
6892
7821
8787
9736
10502
11438
12352
13298
14222
15024
15953
16868
17801
18739
19752
20644
21446
22416
23299
24250
25079
26040
26964
27897
28745
29643
30612
31601
32567
33507
34408
35211
36146
37088
38021
38947
39774
40713
41643
42531
43401
44269
45198
46142
47067
47833
48737
49643
50575
51522
52380
53138
54051
54989
55807
56712
57627
58102
0
TO:V,FS:1,FT:1,PC:64
0
561
1524
2414
3386
4275
5096
6072
7007
7925
8895
9836
10602
11537
12443
13394
14318
15132
16002
16919
17884
18840
19834
20792
21601
22570
23497
24401
25278
26198
27197
28089
29009
29943
30920
31892
32864
33833
34654
35555
36504
37464
38384
39284
40124
41050
41981
42744
43678
44593
45505
46474
47399
48190
49136
50002
50963
51838
52771
53556
54471
55446
56335
57248
58102
0
TO:V,FS:1,FT:2,PC:76
0
421
1209
1994
2830
3621
4371
5041
5824
6546
7392
8152
8983
9780
10484
11201
11994
12802
13642
14437
15108
15857
16637
17394
18189
18989
19834
20627
21382
22087
22892
23707
24429
25174
25990
26774
27524
28305
29057
29826
30612
31421
32257
33025
33813
34542
35237
36041
36851
37654
38467
39284
39964
40753
41555
42311
42985
43770
44576
45417
46215
47028
47815
48541
49289
50033
50849
51592
52380
53040
53829
54591
55366
56104
56913
57669
58102
0
TO:V,FS:1,FT:3,PC:64
0
511
1423
2356
3343
4264
5052
6030
6958
7889
8820
9798
10554
11489
12397
13352
14329
15140
16063
17035
17980
18989
19915
20888
21697
22667
23617
24530
25420
26412
27353
28294
29216
30074
31062
32043
33007
33965
34805
35759
36747
37755
38698
39495
40435
41358
42284
43146
44090
45018
46004
46957
47815
48641
49563
50476
51423
52297
53040
53927
54876
55793
56719
57676
58102
0
TO:V,FS:1,FT:4,PC:73
0
500
1345
2116
2989
3856
4640
5369
6203
7020
7883
8717
9565
10394
11105
11926
12707
13561
14389
15078
15844
16618
17469
18305
19117
19952
20783
21479
22326
23163
24010
24755
25583
26408
27265
28080
28837
29689
30530
31389
32218
33002
33838
34559
35388
36214
37094
37921
38749
39433
40288
41108
41924
42588
43412
44221
45065
45937
46748
47558
48247
49101
49878
50700
51528
52314
53035
53829
54650
55446
56226
57028
57876
58102
0
TO:V,FS:1,FT:5,PC:66
0
511
1473
2365
3270
4162
4997
5917
6788
7727
8687
9641
10484
11297
12241
13145
14094
14884
15767
16663
17561
18524
19440
20358
21291
22112
23046
23968
24820
25753
26672
27539
28405
29324
30164
31104
32040
32959
33876
34654
35555
36483
37415
38332
39235
40069
40995
41933
42691
43606
44505
45442
46319
47213
47966
48874
49756
50671
51570
52477
53232
54099
55037
55851
56756
57676
58102
0
TO:V,FS:2,FT:0,PC:84
0
389
1040
1747
2499
3240
3989
4672
5236
5941
6632
7359
8082
8829
9568
10308
10882
11603
12305
12999
13728
14433
15038
15715
16408
17139
17876
18566
19275
19993
20692
21382
22050
22772
23497
24181
24857
25540
26265
26995
27683
28368
29050
29808
30501
31218
31958
32684
33425
34115
34721
35435
36175
36889
37583
38273
38990
39605
40332
41069
41822
42510
43121
43853
44558
45271
46004
46717
47443
47992
48726
49448
50116
50831
51564
52268
52957
53539
54271
55017
55724
56397
57135
57820
58102
0
TO:V,FS:2,FT:1,PC:84
0
421
1124
1827
2579
3336
4048
4753
5328
6045
6715
7454
8152
8921
9636
10343
10927
11628
12305
12999
13736
14433
14992
15698
16365
17120
17835
18554
19275
19952
20660
21382
22029
22772
23504
24225
24900
25540
26237
26910
27632
28287
28968
29689
30382
31128
31873
32612
33306
34039
34640
35352
36094
36820
37547
38232
38990
39605
40378
41108
41862
42531
43203
43939
44632
45372
46113
46836
47530
48118
48844
49563
50196
50959
51673
52358
52978
53585
54271
55017
55724
56397
57106
57820
58102
0
TO:V,FS:2,FT:2,PC:99
0
295
881
1495
2026
2609
3185
3792
4395
4979
5536
6123
6715
7348
7945
8538
9173
9798
10394
10899
11475
12093
12672
13312
13926
14541
15062
15646
16238
16855
17480
18057
18669
19294
19910
20526
21118
21598
22168
22748
23349
23948
24530
25079
25668
26265
26860
27490
28080
28655
29288
29883
30488
31128
31747
32359
32947
33543
34144
34635
35211
35809
36401
37023
37623
38232
38837
39393
40016
40629
41227
41833
42356
42850
43441
44065
44669
45286
45898
46474
47105
47711
48180
48758
49341
49914
50539
51137
51734
52329
52898
53421
54027
54591
55165
55779
56355
56974
57527
58102
0
TO:V,FS:2,FT:3,PC:85
0
346
1057
1735
2431
3166
3893
4551
5166
5870
6546
7280
7974
8672
9417
10138
10713
11407
12093
12748
13484
14172
14818
15433
16063
16777
17512
18226
18930
19649
20340
21043
21608
22326
23039
23771
24424
25079
25794
26486
27186
27888
28465
29221
29957
30659
31389
32130
32794
33502
34200
34767
35463
36175
36911
37638
38320
39036
39613
40332
41059
41752
42439
43014
43678
44376
45073
45802
46511
47191
47833
48557
49243
49926
50620
51369
52026
52743
53334
54040
54742
55446
56098
56769
57520
58102
0
TO:V,FS:2,FT:4,PC:96
0
322
919
1547
2107
2775
3374
4004
4604
5136
5790
6390
6996
7625
8266
8895
9550
10116
10606
11236
11793
12397
12989
13636
14239
14818
15389
16042
16673
17278
17884
18524
19119
19816
20395
21026
21552
22135
22783
23420
24053
24626
25194
25814
26449
27090
27693
28294
28857
29477
30088
30718
31371
31964
32606
33230
33850
34458
34948
35570
36214
36815
37464
38121
38745
39344
39851
40510
41108
41719
42316
42821
43441
44090
44695
45372
45996
46609
47252
47815
48387
49043
49666
50252
50887
51528
52137
52705
53243
53829
54492
55130
55779
56420
57036
57635
58102
0
TO:V,FS:2,FT:5,PC:85
0
381
1040
1747
2499
3203
3915
4633
5197
5899
6587
7321
8034
8766
9493
10181
10744
11480
12207
12873
13620
14288
14872
15564
16238
16950
17652
18335
19024
19765
20447
21187
21795
22507
23189
23881
24547
25229
25937
26623
27341
27999
28668
29424
30133
30883
31572
32284
33002
33749
34413
35030
35750
36439
37168
37881
38570
39275
39906
40604
41321
42043
42628
43354
44058
44712
45432
46113
46836
47558
48110
48806
49526
50192
50916
51630
52344
52978
53629
54350
55057
55741
56397
57117
57766
58102
0
