The Power of Habit
LH:460927,BH:56959,MH:543884
TO:V,FS:0,FT:0,PC:46
0
808
2152
3513
4795
6048
7385
8750
9813
11169
12326
13663
15026
16204
17585
18998
20337
21452
22854
24033
25351
26674
27850
29131
30468
31858
33230
34573
35741
37029
38057
39426
40648
41997
43094
44452
45672
46952
48238
49547
50672
52033
53424
54707
55821
56930
56959
0
TO:V,FS:0,FT:1,PC:46
0
748
2058
3466
4795
5989
7308
8574
9763
10884
12029
13381
14730
16068
17298
18703
20050
21343
22502
23824
25023
26331
27514
28776
30149
31503
32878
34227
35536
36736
37890
39013
40340
41518
42706
44012
45243
46523
47783
49093
50288
51606
53045
54319
55423
56525
56959
0
TO:V,FS:0,FT:2,PC:54
0
621
1749
2845
3913
5047
6028
7180
8278
9405
10289
11377
12343
13461
14597
15683
16584
17723
18820
19945
21061
21963
23112
24033
25167
26239
27328
28289
29391
30504
31639
32786
33891
35022
36011
37150
38054
39174
40274
41204
42294
43188
44348
45441
46502
47594
48669
49827
50763
51886
53017
54145
55251
56070
56959
0
TO:V,FS:0,FT:3,PC:46
0
759
2135
3469
4795
6003
7385
8772
9813
11132
12219
13534
14855
16068
17298
18645
19975
21314
22325
23672
24811
26084
27396
28463
29765
31102
32454
33739
35089
36284
37592
38675
40019
41157
42451
43598
44852
46208
47396
48674
50021
51302
52624
54010
55268
56266
56959
0
TO:V,FS:0,FT:4,PC:52
0
711
1841
3014
4157
5359
6389
7532
8721
9763
10703
11781
12918
14094
15224
16288
17453
18645
19870
20976
21957
23121
24131
25266
26429
27497
28580
29702
30827
31997
33175
34368
35531
36578
37664
38607
39775
40833
42055
43000
44167
45281
46453
47555
48669
49794
50763
52017
53219
54338
55368
56353
56959
0
TO:V,FS:0,FT:5,PC:48
0
748
2046
3332
4562
5707
7000
8287
9493
10535
11634
12866
14153
15410
16544
17781
18998
20278
21343
22482
23789
24838
26020
27270
28345
29630
30817
32141
33448
34694
35800
37029
38057
39305
40470
41754
42810
44012
45186
46396
47605
48787
50009
51077
52370
53710
54923
55954
56959
0
TO:V,FS:1,FT:0,PC:64
0
596
1524
2495
3418
4346
5353
6188
7172
8111
9046
9813
10703
11480
12426
13391
14331
15308
16086
17025
17994
18961
19914
20857
21641
22593
23564
24357
25307
26105
27003
27790
28701
29659
30588
31524
32466
33422
34411
35273
36128
37082
37890
38713
39683
40451
41411
42329
43107
44044
44959
45893
46808
47755
48662
49616
50459
51422
52387
53360
54338
55241
55954
56714
56959
0
TO:V,FS:1,FT:1,PC:63
0
596
1524
2491
3418
4346
5353
6188
7177
8162
9151
9908
10809
11627
12573
13534
14479
15461
16275
17223
18198
19212
20141
21102
21881
22846
23813
24607
25518
26382
27270
28081
28997
29918
30887
31797
32759
33718
34694
35568
36426
37357
38134
39099
40076
40882
41815
42690
43586
44520
45441
46358
47313
48228
49152
50039
51016
51949
52960
53912
54805
55578
56353
56959
0
TO:V,FS:1,FT:2,PC:75
0
432
1273
2068
2836
3631
4431
5249
5928
6736
7560
8380
9214
9813
10587
11324
11978
12773
13575
14354
15137
15952
16628
17449
18260
19093
19900
20689
21343
22007
22802
23611
24273
25065
25795
26561
27361
28059
28841
29630
30411
31191
31989
32792
33612
34393
35164
35835
36617
37357
37988
38814
39649
40358
41131
41992
42690
43413
44230
44985
45789
46587
47401
48204
48973
49794
50501
51316
52139
52970
53808
54584
55346
55980
56654
56959
0
TO:V,FS:1,FT:3,PC:63
0
552
1524
2519
3447
4350
5359
6188
7207
8162
9151
9913
10860
11671
12647
13604
14582
15561
16391
17387
18424
19427
20384
21343
22162
23153
23994
24966
25898
26801
27556
28479
29418
30363
31340
32338
33276
34232
35193
36042
37005
37890
38713
39667
40495
41470
42420
43210
44207
45112
46108
47025
47958
48862
49783
50562
51542
52550
53570
54491
55346
56125
56877
56959
0
TO:V,FS:1,FT:4,PC:72
0
522
1374
2210
3022
3840
4725
5585
6266
7142
7965
8791
9601
10249
11048
11707
12513
13327
14139
14943
15747
16479
17298
18148
19025
19847
20678
21393
22210
23070
23842
24659
25456
26217
26998
27688
28518
29314
30173
31020
31835
32682
33528
34382
35193
35913
36751
37576
38241
39064
39915
40658
41518
42329
43024
43883
44675
45514
46343
47152
47936
48749
49593
50318
51157
51979
52847
53688
54528
55346
56003
56687
56959
0
TO:V,FS:1,FT:5,PC:64
0
528
1437
2379
3323
4247
5207
6028
6959
7911
8799
9763
10501
11421
12277
13190
14139
15105
16053
16821
17769
18727
19676
20608
21393
22294
23254
24033
24924
25764
26661
27497
28318
29227
30154
31077
31997
32936
33913
34844
35723
36617
37546
38320
39236
40178
40973
41905
42706
43685
44594
45486
46396
47361
48238
49139
50021
50901
51824
52811
53761
54697
55451
56238
56959
0
TO:V,FS:2,FT:0,PC:82
0
313
1028
1773
2519
3198
3961
4721
5461
6069
6790
7537
8278
9005
9763
10370
11093
11667
12379
13077
13826
14561
15278
15968
16584
17322
18049
18795
19569
20287
21047
21647
22379
23121
23824
24481
25178
25855
26561
27270
27878
28588
29300
29999
30740
31482
32199
32932
33665
34411
35144
35783
36536
37281
37890
38528
39224
39958
40568
41296
42055
42690
43354
44079
44756
45493
46217
46918
47605
48327
49028
49806
50399
51148
51821
52580
53328
54013
54685
55346
55914
56475
56959
0
TO:V,FS:2,FT:1,PC:83
0
432
1151
1896
2622
3332
4050
4746
5461
6028
6736
7450
8194
8878
9646
10205
10921
11522
12206
12908
13657
14390
15068
15768
16341
17075
17839
18598
19357
20073
20797
21393
22090
22838
23549
24161
24869
25560
26256
26957
27556
28260
28986
29702
30390
31102
31797
32502
33230
33913
34643
35358
35994
36751
37483
38072
38826
39528
40216
40803
41507
42183
42744
43452
44207
44829
45548
46259
46952
47648
48372
49074
49806
50399
51148
51824
52580
53328
54054
54685
55346
55897
56475
56959
0
TO:V,FS:2,FT:2,PC:98
0
253
851
1437
2068
2662
3269
3898
4513
5144
5689
6222
6833
7437
8068
8654
9290
9763
10240
10841
11421
11953
12581
13173
13790
14395
15010
15593
16086
16699
17331
17964
18588
19242
19861
20468
21102
21580
22180
22811
23419
23959
24592
25214
25813
26372
26957
27514
28095
28658
29262
29899
30486
31080
31688
32310
32917
33514
34151
34740
35337
35856
36472
37070
37649
38142
38760
39365
39994
40509
41120
41757
42368
42784
43390
44018
44629
45198
45778
46368
46989
47589
48196
48771
49369
50002
50519
51164
51726
52370
53001
53625
54221
54843
55368
55879
56371
56892
56959
0
TO:V,FS:2,FT:3,PC:84
0
324
1036
1739
2460
3164
3884
4589
5340
5914
6619
7330
8068
8791
9478
10047
10735
11400
11917
12650
13327
14046
14695
15410
16068
16716
17441
18198
18938
19667
20340
21065
21647
22341
23070
23789
24351
25105
25737
26418
27080
27644
28348
29053
29748
30468
31185
31881
32595
33315
34064
34784
35497
36121
36831
37533
38123
38826
39528
40258
40845
41564
42276
42825
43550
44259
44912
45643
46343
46996
47685
48372
49087
49810
50399
51108
51789
52526
53241
53978
54693
55346
55901
56475
56959
0
TO:V,FS:2,FT:4,PC:95
0
291
911
1549
2205
2832
3475
4083
4735
5347
5885
6519
7159
7766
8393
9014
9687
10161
10797
11421
11978
12594
13233
13870
14479
15084
15732
16275
16882
17490
18103
18753
19427
20033
20620
21284
21799
22433
23101
23725
24262
24873
25443
26067
26674
27309
27830
28430
29094
29738
30344
30988
31667
32306
32936
33528
34151
34781
35411
35918
36543
37182
37779
38299
38934
39528
40155
40727
41390
42045
42572
43115
43740
44357
44927
45525
46176
46789
47425
47997
48612
49207
49831
50353
51034
51625
52330
52983
53625
54221
54805
55346
55816
56266
56755
56959
0
TO:V,FS:2,FT:5,PC:84
0
395
1091
1813
2527
3198
3920
4634
5364
5977
6708
7450
8148
8835
9560
10161
10884
11437
12106
12814
13522
14221
14930
15657
16247
16950
17682
18430
19163
19861
20549
21299
21926
22671
23401
24033
24773
25456
26125
26854
27497
28135
28822
29500
30195
30916
31639
32366
33069
33788
34534
35224
35864
36593
37281
37890
38489
39186
39874
40482
41208
41943
42572
43175
43901
44594
45258
46007
46703
47465
48156
48812
49539
50130
50848
51525
52306
53045
53761
54456
55176
55708
56266
56880
56959
0
