The Power of Habit
LH:517886,BH:17974,MH:543884
TO:V,FS:0,FT:0,PC:17
0
978
2090
2956
3970
5125
6549
7611
8645
9829
11110
12421
13435
14271
15102
16308
17535
17974
0
TO:V,FS:0,FT:1,PC:17
0
978
2090
2956
3970
5131
6549
7621
8645
9829
11110
12435
13498
14328
15164
16341
17605
17974
0
TO:V,FS:0,FT:2,PC:20
0
789
1955
2499
3625
4394
5472
6606
7467
8535
9350
10418
11474
12548
13435
14162
14896
15724
16702
17655
17974
0
TO:V,FS:0,FT:3,PC:17
0
988
2063
2854
3970
5134
6487
7529
8585
9719
11102
12318
13401
14180
14981
16228
17372
17974
0
TO:V,FS:0,FT:4,PC:19
0
842
2014
2604
3776
4543
5719
6836
7861
8720
9859
11000
12023
13193
13922
14765
15576
16529
17605
17974
0
TO:V,FS:0,FT:5,PC:18
0
921
2039
2831
3920
4843
6188
7271
8509
9354
10599
11860
13092
13905
14681
15587
16591
17655
17974
0
TO:V,FS:1,FT:0,PC:23
0
665
1583
2169
2906
3865
4482
5438
6423
7172
8166
8810
9750
10668
11563
12458
13346
13922
14556
15285
16181
17026
17753
17974
0
TO:V,FS:1,FT:1,PC:23
0
665
1583
2169
2906
3850
4440
5438
6460
7234
8213
8861
9799
10716
11606
12548
13366
13962
14609
15311
16228
17062
17802
17974
0
TO:V,FS:1,FT:2,PC:26
0
538
1308
2039
2484
3273
3970
4660
5464
6306
6925
7713
8535
9105
9908
10716
11510
12275
13083
13660
14162
14788
15311
16118
16793
17605
17974
0
TO:V,FS:1,FT:3,PC:22
0
624
1598
2215
2956
3920
4591
5616
6592
7396
8376
9022
10008
11000
11884
12915
13634
14180
14896
15576
16392
17305
17974
0
TO:V,FS:1,FT:4,PC:25
0
568
1390
2090
2647
3453
4139
4873
5708
6581
7243
8121
8680
9414
10235
11083
11860
12679
13401
13971
14548
15195
16011
16727
17557
17974
0
TO:V,FS:1,FT:5,PC:23
0
665
1575
2169
2906
3843
4440
5388
6323
7079
8066
8720
9596
10533
11418
12318
13280
13892
14417
15030
15939
16770
17605
17974
0
TO:V,FS:2,FT:0,PC:29
0
485
1242
1977
2340
2982
3711
4251
4867
5620
6402
6968
7703
8389
8839
9538
10275
10975
11665
12376
13079
13607
14107
14592
15150
15839
16463
17230
17783
17974
0
TO:V,FS:2,FT:1,PC:29
0
442
1197
1938
2340
2982
3668
4266
4886
5666
6446
7014
7703
8379
8801
9494
10235
10932
11590
12296
13017
13525
14066
14504
15065
15784
16384
17106
17655
17974
0
TO:V,FS:2,FT:2,PC:34
0
385
999
1628
2109
2468
3070
3648
4119
4591
5189
5833
6487
6963
7576
8207
8656
9166
9762
10377
10982
11572
12164
12796
13346
13777
14140
14542
14981
15557
16162
16661
17254
17737
17974
0
TO:V,FS:2,FT:3,PC:29
0
442
1160
1865
2298
2906
3583
4184
4749
5489
6229
6886
7595
8302
8762
9454
10168
10880
11548
12215
12937
13435
13958
14457
14946
15602
16253
16912
17605
17974
0
TO:V,FS:2,FT:4,PC:32
0
411
1041
1690
2169
2680
3347
3920
4424
5004
5666
6339
6886
7512
8166
8680
9311
9933
10555
11188
11755
12376
12998
13476
13922
14353
14896
15422
16018
16533
17161
17655
17974
0
TO:V,FS:2,FT:5,PC:29
0
485
1191
1897
2340
2982
3668
4251
4867
5605
6336
6925
7644
8379
8839
9538
10271
10975
11665
12376
13079
13607
14107
14592
15106
15772
16341
17062
17655
17974
0
