The 7 Habits Of Highly Effective People
LH:1092,BH:66053,MH:680445
TO:V,FS:0,FT:0,PC:52
0
829
2047
3297
4558
6032
7214
8599
9536
11019
12518
13909
15304
16716
18141
19421
20791
21937
22680
23802
24882
26210
27686
29107
30443
31880
32826
33913
35009
36048
37517
38750
39608
40974
42523
44065
45399
46717
47914
49305
50713
52029
53285
54723
56222
57722
59018
60237
61384
62482
63909
65283
66053
0
TO:V,FS:0,FT:1,PC:52
0
829
2047
3239
4498
5992
7214
8599
9540
10960
12418
13811
15244
16659
18086
19362
20739
21915
22619
23746
24823
26166
27624
29055
30390
31819
32797
33913
35009
36055
37517
38802
39730
41095
42648
44156
45519
46841
48031
49403
50837
52149
53408
54841
56245
57780
59079
60298
61384
62407
63869
65291
66053
0
TO:V,FS:0,FT:2,PC:61
0
705
1747
2814
3904
5103
6324
7243
8460
9055
10238
11509
12684
13890
15061
16325
17573
18830
19986
21180
22083
22733
23644
24529
25569
26786
28033
29233
30443
31612
32651
33340
34305
35326
36253
37390
38408
39329
40242
41446
42682
43939
45155
46333
47214
48499
49680
50876
51967
53038
54229
55432
56787
57893
59005
60042
61073
61932
63120
64305
65554
66053
0
TO:V,FS:0,FT:3,PC:53
0
767
1925
3117
4383
5813
6969
8366
9174
10667
12133
13444
14835
16278
17674
18987
20300
21448
22331
23346
24096
25385
26861
28316
29681
31137
32413
33175
34341
35589
36784
38125
39222
40253
41722
43311
44816
46051
47157
48567
49941
51258
52674
54075
55514
57118
58369
59586
60699
61798
63015
64400
65844
66053
0
TO:V,FS:0,FT:4,PC:59
0
756
1861
2919
3992
5221
6454
7426
8599
9427
10708
12010
13226
14440
15727
16996
18262
19362
20610
21518
22349
23328
24078
25195
26457
27725
29021
30285
31498
32619
33378
34446
35530
36444
37642
38750
39536
40843
42144
43460
44735
45891
46943
48057
49332
50562
51687
52820
54075
55263
56630
57769
58889
59971
60905
61821
63120
64389
65641
66053
0
TO:V,FS:0,FT:5,PC:55
0
767
1925
3039
4257
5616
6798
8002
8877
10293
11622
12994
14286
15626
16915
18266
19501
20854
21937
22680
23746
24764
26026
27356
28705
30005
31344
32524
33305
34446
35589
36770
38031
39039
39854
41216
42580
44003
45339
46655
47703
49028
50392
51619
52878
54186
55497
56977
58190
59406
60525
61698
62794
64093
65391
66053
0
TO:V,FS:1,FT:0,PC:68
0
669
1584
2455
3312
4296
5328
6398
7281
8391
9036
10129
11205
12326
13373
14415
15514
16633
17773
18821
19813
20849
21640
22349
23223
23952
24809
25775
26861
27968
29073
30169
31235
32236
32872
33733
34502
35569
36385
37456
38439
39222
39936
40981
42079
43190
44306
45328
46355
47178
48214
49275
50346
51313
52305
53322
54387
55412
56630
57644
58563
59496
60399
61272
62131
63268
64281
65280
66053
0
TO:V,FS:1,FT:1,PC:68
0
669
1584
2479
3409
4391
5422
6500
7376
8468
9041
10140
11258
12376
13425
14465
15565
16685
17825
18870
19872
20954
21749
22349
23223
23952
24809
25779
26868
27968
29073
30169
31244
32334
32981
33883
34665
35671
36574
37642
38672
39406
40335
41409
42434
43613
44720
45713
46717
47563
48597
49666
50749
51735
52704
53679
54723
55800
57024
58019
58938
59855
60691
61688
62473
63630
64693
65723
66053
0
TO:V,FS:1,FT:2,PC:80
0
460
1298
2053
2854
3619
4511
5407
6285
6969
7901
8622
9319
10216
11128
12078
12972
13864
14768
15663
16576
17518
18425
19337
20226
21054
21736
22349
23081
23735
24388
25238
26148
27054
27948
28890
29805
30733
31563
32395
32921
33581
34299
35070
35694
36616
37497
38350
39061
39568
40473
41381
42297
43237
44156
45084
45920
46717
47403
48303
49205
50077
50972
51801
52689
53574
54495
55412
56484
57390
58182
59073
59902
60590
61430
62019
63002
63869
64784
65673
66053
0
TO:V,FS:1,FT:3,PC:69
0
618
1503
2461
3312
4296
5375
6454
7290
8395
8980
10110
11210
12274
13329
14327
15427
16477
17573
18601
19555
20610
21448
22106
22850
23644
24467
25401
26457
27510
28602
29672
30770
31795
32651
33326
34185
35124
35902
36934
37942
38793
39406
40279
41355
42485
43613
44687
45713
46717
47519
48659
49670
50697
51634
52656
53691
54723
55807
56915
57944
58832
59758
60643
61638
62477
63582
64641
65693
66053
0
TO:V,FS:1,FT:4,PC:76
0
540
1339
2197
3015
3866
4777
5675
6617
7426
8402
8925
9890
10867
11837
12757
13718
14698
15656
16608
17612
18551
19491
20420
21375
22083
22595
23453
23975
24929
25843
26786
27763
28740
29665
30608
31512
32395
33061
33855
34502
35405
36189
37126
38064
38857
39429
40376
41319
42334
43344
44341
45320
46187
46966
47905
48816
49744
50730
51575
52506
53480
54476
55348
56484
57343
58223
59100
59931
60699
61572
62275
63287
64197
65104
65995
66053
0
TO:V,FS:1,FT:5,PC:70
0
669
1531
2403
3312
4236
5276
6351
7218
8265
8877
9983
11042
12177
13172
14168
15172
16177
17239
18254
19241
20280
21233
22083
22702
23567
24246
25195
26248
27312
28425
29420
30433
31447
32395
33084
33913
34762
35671
36571
37609
38521
39222
39882
40880
41925
42981
44076
45126
46051
46943
47836
48823
49843
50952
51887
52869
53835
54773
55847
57057
58019
58883
59758
60543
61530
62337
63421
64426
65377
66053
0
TO:V,FS:2,FT:0,PC:84
0
449
1181
1905
2667
3400
4135
4979
5813
6617
7369
8201
8854
9580
10454
11318
12203
13045
13945
14783
15611
16477
17367
18195
19099
19938
20791
21471
22156
22775
23543
23975
24788
25591
26425
27268
28148
28991
29845
30693
31512
32334
32826
33537
34239
34957
35671
36379
37248
38064
38728
39367
39957
40783
41677
42607
43506
44436
45275
46051
46903
47580
48394
49158
49996
50863
51634
52476
53336
54209
54974
55795
56751
57546
58258
59052
59758
60525
61272
61949
62835
63664
64499
65267
66053
0
TO:V,FS:2,FT:1,PC:86
0
460
1181
1861
2573
3312
4083
4867
5675
6520
7243
8047
8667
9363
10190
11081
11930
12757
13581
14440
15260
16089
16926
17765
18644
19451
20234
21054
21752
22349
22977
23590
24187
25011
25800
26653
27510
28352
29163
29976
30818
31598
32395
32917
33627
34267
34957
35671
36379
37205
38015
38690
39367
39957
40739
41628
42569
43439
44295
45155
45988
46767
47448
48255
49059
49878
50690
51399
52247
53038
53884
54714
55485
56484
57227
58035
58819
59529
60237
60965
61710
62318
63198
64016
64821
65620
66053
0
TO:V,FS:2,FT:2,PC:104
0
364
992
1678
2241
2827
3441
4052
4771
5471
6166
6798
7416
8090
8622
9141
9840
10483
11187
11900
12549
13191
13860
14544
15244
15946
16597
17290
17957
18624
19255
19907
20595
21221
21752
22226
22721
23376
23857
24384
25038
25746
26420
27084
27801
28545
29204
29913
30559
31215
31862
32413
32906
33460
33975
34575
35236
35736
36466
37076
37785
38403
38960
39406
39954
40643
41338
42008
42671
43417
44121
44798
45442
46051
46717
47214
47896
48573
49227
49869
50562
51240
51877
52548
53202
53907
54588
55263
55956
56775
57448
58061
58662
59253
59931
60525
61153
61798
62360
63015
63664
64358
65057
65693
66053
0
TO:V,FS:2,FT:3,PC:85
0
460
1231
1951
2705
3456
4223
5075
5900
6754
7472
8356
8877
9710
10560
11467
12341
13151
14004
14850
15663
16520
17397
18240
19099
19922
20704
21448
22083
22511
23263
23822
24462
25238
26067
26880
27745
28566
29393
30247
31083
31862
32592
33084
33814
34484
35212
35825
36723
37546
38347
38989
39470
40279
41135
42008
42880
43749
44626
45461
46190
46943
47640
48439
49301
50098
50972
51724
52506
53360
54213
55032
55891
56813
57601
58347
59168
59985
60682
61476
62066
62958
63744
64582
65354
66053
0
TO:V,FS:2,FT:4,PC:99
0
425
992
1697
2281
2919
3575
4288
4976
5694
6417
7008
7726
8468
8877
9580
10276
11019
11760
12504
13204
13918
14634
15394
16078
16788
17540
18235
18954
19656
20351
21054
21591
22148
22694
23414
23952
24520
25195
25932
26659
27375
28138
28871
29621
30329
31018
31724
32395
32861
33442
33975
34665
35349
35934
36645
37335
38064
38649
39200
39661
40360
41085
41851
42580
43373
44079
44798
45482
46125
46834
47374
48057
48797
49486
50174
50867
51498
52194
52901
53586
54331
55021
55753
56603
57334
57999
58659
59282
59905
60525
61144
61798
62396
63132
63846
64560
65232
65899
66053
0
TO:V,FS:2,FT:5,PC:86
0
449
1181
1905
2647
3360
4097
4938
5766
6603
7269
8108
8795
9447
10330
11187
12053
12866
13697
14518
15350
16172
17050
17891
18758
19537
20409
21180
21892
22372
23162
23735
24388
25162
25977
26816
27686
28554
29328
30186
30982
31778
32484
33084
33848
34484
35244
35906
36784
37618
38337
38989
39470
40279
41129
41995
42824
43731
44590
45399
46134
46943
47669
48488
49242
50088
50941
51707
52548
53422
54252
54974
55795
56751
57546
58258
59052
59758
60525
61272
61907
62755
63625
64449
65232
66030
66053
0
