The 7 Habits Of Highly Effective People
LH:67145,BH:33315,MH:680445
TO:V,FS:0,FT:0,PC:26
0
828
2337
3429
4578
5928
7423
8843
10278
11714
12792
13956
15341
16638
18051
19475
20701
22046
23384
24730
25770
27210
28533
30002
31327
32684
33315
0
TO:V,FS:0,FT:1,PC:26
0
766
2217
3359
4408
5757
7236
8662
10034
11447
12620
13681
15127
16428
17865
19281
20490
21762
23087
24438
25572
26796
28105
29521
30790
32284
33315
0
TO:V,FS:0,FT:2,PC:30
0
643
1900
2767
4019
4963
6186
7400
8538
9737
10908
12063
12949
13893
15061
16246
17446
18696
19920
20940
22046
23137
24290
25313
26322
27566
28752
29940
31133
32360
33315
0
TO:V,FS:0,FT:3,PC:26
0
771
2233
3294
4408
5757
7202
8538
9979
11447
12636
13754
15136
16428
17836
19234
20490
21786
23024
24421
25513
26689
28029
29394
30708
32097
33315
0
TO:V,FS:0,FT:4,PC:29
0
802
2072
3038
4266
5276
6599
7826
9047
10295
11544
12556
13500
14708
15922
17169
18411
19616
20701
21803
22962
24179
25204
26262
27508
28691
29930
31183
32417
33315
0
TO:V,FS:0,FT:5,PC:28
0
766
2148
3226
4382
5480
6892
8252
9523
10766
12063
13139
14178
15495
16813
18114
19475
20603
21861
23085
24421
25474
26610
27913
29248
30573
31852
33118
33315
0
TO:V,FS:1,FT:0,PC:34
0
635
1752
2596
3531
4408
5452
6599
7643
8585
9609
10672
11697
12599
13462
14370
15385
16455
17536
18620
19667
20603
21534
22515
23539
24648
25474
26398
27442
28449
29558
30594
31725
32768
33315
0
TO:V,FS:1,FT:1,PC:34
0
585
1710
2634
3720
4617
5665
6744
7761
8739
9747
10806
11849
12723
13608
14657
15713
16761
17839
18892
19943
20838
21786
22740
23824
24848
25752
26753
27761
28789
29877
30971
32034
33102
33315
0
TO:V,FS:1,FT:2,PC:40
0
384
1279
2209
2880
3759
4408
5334
6264
7236
8142
8960
9878
10796
11690
12346
13239
13906
14803
15654
16560
17481
18430
19356
20227
21039
21842
22694
23570
24488
25204
25950
26872
27756
28626
29521
30428
31300
32206
33043
33315
0
TO:V,FS:1,FT:3,PC:34
0
491
1555
2596
3482
4382
5276
6347
7455
8458
9469
10577
11649
12523
13462
14381
15385
16408
17501
18584
19616
20554
21489
22412
23436
24492
25313
26154
27233
28214
29301
30341
31414
32471
33315
0
TO:V,FS:1,FT:4,PC:38
0
429
1385
2331
3102
4003
4786
5695
6686
7619
8510
9413
10327
11213
12107
12822
13595
14558
15495
16374
17292
18269
19243
20118
20875
21803
22678
23570
24522
25290
26085
27062
28001
28922
29826
30768
31714
32645
33315
0
TO:V,FS:1,FT:5,PC:35
0
585
1645
2596
3531
4408
5411
6478
7491
8454
9469
10522
11544
12395
13385
14220
15136
16125
17154
18228
19293
20227
21130
22046
23073
24073
24914
25770
26822
27781
28836
29877
30910
31926
32785
33315
0
TO:V,FS:2,FT:0,PC:43
0
366
1203
2057
2749
3589
4382
5111
5951
6808
7619
8416
9231
10109
10948
11775
12478
13268
13948
14754
15608
16418
17243
18086
18856
19683
20370
21177
22006
22762
23557
24312
25040
25752
26480
27369
28201
29052
29917
30768
31600
32360
33220
33315
0
TO:V,FS:2,FT:1,PC:43
0
384
1248
2057
2749
3589
4382
5111
5908
6762
7576
8332
9130
9926
10743
11535
12190
13001
13643
14472
15299
16073
16875
17707
18566
19425
20167
20831
21620
22373
23114
23913
24718
25376
26039
26882
27740
28561
29360
30182
30986
31852
32645
33315
0
TO:V,FS:2,FT:2,PC:52
0
272
945
1662
2337
2831
3548
4251
4786
5442
6158
6892
7576
8212
8843
9505
10184
10849
11505
12188
12723
13378
13902
14588
15272
15941
16605
17292
17976
18641
19305
19943
20546
21213
21842
22452
23106
23767
24438
24971
25588
26109
26817
27484
28146
28789
29485
30176
30890
31544
32230
32870
33315
0
TO:V,FS:2,FT:3,PC:43
0
321
1130
2010
2680
3562
4382
5111
5918
6770
7598
8332
9145
9979
10796
11592
12251
13079
13745
14558
15385
16159
17009
17848
18707
19563
20245
21031
21803
22557
23398
24228
24951
25688
26398
27240
28105
28922
29742
30570
31379
32252
33038
33315
0
TO:V,FS:2,FT:4,PC:49
0
305
1021
1724
2474
3074
3827
4408
5147
5852
6638
7313
7976
8649
9341
9979
10672
11382
12104
12723
13446
14016
14732
15495
16219
16911
17622
18321
19008
19749
20355
21046
21721
22412
23148
23833
24558
25157
25752
26423
27132
27781
28550
29246
29940
30675
31402
32116
32785
33315
0
TO:V,FS:2,FT:5,PC:43
0
366
1203
2052
2680
3557
4382
5111
5908
6762
7536
8329
9171
9968
10743
11505
12190
13019
13691
14513
15385
16188
16956
17787
18607
19391
20152
20831
21671
22412
23209
23934
24749
25424
26039
26876
27649
28458
29305
30135
30986
31804
32558
33315
0
