The 7 Habits Of Highly Effective People
LH:100556,BH:54877,MH:680445
TO:V,FS:0,FT:0,PC:44
0
803
2205
3458
4855
5892
7342
8680
9985
11141
12630
13877
15218
16547
17848
19096
20327
21651
22782
24202
25457
26767
27726
28799
30029
31305
32161
33345
34441
35892
37037
38420
39863
41097
42407
43921
45326
46744
48104
49517
50982
52452
53739
54839
54877
0
TO:V,FS:0,FT:1,PC:44
0
879
2265
3520
4966
6053
7412
8785
10072
11326
12707
13938
15218
16547
17865
19225
20400
21709
22782
24202
25457
26767
27726
28799
29967
31190
32038
33288
34317
35778
36978
38362
39799
41041
42348
43870
45326
46744
48161
49517
50982
52390
53739
54839
54877
0
TO:V,FS:0,FT:2,PC:51
0
635
1811
2890
4136
5066
6227
7467
8680
9829
10963
11885
13011
14107
15218
16365
17408
18453
19556
20661
21855
22765
23893
24971
26086
26928
27987
28912
29844
30963
31836
32582
33551
34484
35766
36788
37976
39153
40320
41389
42470
43763
45013
46235
47420
48638
49832
51077
52326
53518
54397
54877
0
TO:V,FS:0,FT:3,PC:44
0
744
2076
3269
4742
5840
7289
8785
10072
11265
12652
13938
15235
16564
17865
19248
20536
21871
22991
24439
25691
26901
27891
28912
30100
31329
32099
33288
34317
35721
36860
38184
39647
41024
42170
43628
45039
46431
47907
49310
50652
52089
53423
54470
54877
0
TO:V,FS:0,FT:4,PC:49
0
732
1917
3029
4298
5217
6412
7655
8939
10072
11141
12423
13513
14717
15793
16826
17966
19248
20400
21639
22742
23803
24908
26129
27032
28177
29166
30176
31274
32014
33055
33940
35158
36399
37465
38728
39897
41024
41996
43357
44675
45973
47204
48394
49623
50964
52220
53514
54449
54877
0
TO:V,FS:0,FT:5,PC:46
0
803
2076
3204
4550
5500
6793
8069
9379
10617
11715
12959
14219
15289
16564
17848
19038
20251
21421
22533
23721
24980
26205
27171
28363
29416
30510
31446
32570
33666
34715
36078
37198
38519
39926
41097
42348
43728
45039
46431
47765
49088
50334
51733
53020
54048
54877
0
TO:V,FS:1,FT:0,PC:57
0
572
1592
2591
3607
4702
5536
6591
7714
8825
9928
10940
11783
12859
13819
14789
15737
16614
17644
18577
19556
20553
21583
22570
23502
24570
25507
26537
27325
28239
29062
29903
30963
31836
32582
33489
34258
35344
36399
37276
38300
39345
40320
41251
42170
43258
44353
45400
46480
47525
48573
49623
50734
51807
52885
53741
54717
54877
0
TO:V,FS:1,FT:1,PC:56
0
576
1648
2644
3662
4762
5591
6643
7758
8879
9974
11010
11885
12959
13914
14898
15825
16716
17754
18729
19755
20754
21834
22765
23747
24842
25861
26870
27632
28482
29416
30313
31320
31920
32791
33725
34579
35629
36604
37565
38654
39683
40782
41680
42719
43824
44872
45964
47018
48044
49107
50151
51211
52269
53348
54171
54877
0
TO:V,FS:1,FT:2,PC:66
0
465
1297
2222
3017
3965
4885
5492
6380
7289
8155
9118
9985
10925
11600
12552
13312
14223
15134
15922
16706
17588
18369
19248
20086
20910
21812
22558
23329
24245
24908
25836
26664
27363
28223
28799
29632
30458
31236
31836
32582
33326
33985
34932
35853
36621
37562
38434
39345
40238
41041
41994
42805
43793
44716
45680
46618
47516
48390
49322
50205
51151
52107
52997
53739
54412
54877
0
TO:V,FS:1,FT:3,PC:57
0
524
1598
2540
3520
4550
5323
6362
7401
8482
9526
10533
11405
12446
13412
14467
15345
16435
17398
18333
19335
20327
21310
22251
23190
24330
25259
26261
26976
27987
28799
29734
30741
31434
32248
33106
33885
34892
35944
36824
37812
38850
39897
40961
41916
42861
43921
45050
46187
47204
48341
49399
50551
51598
52685
53739
54577
54877
0
TO:V,FS:1,FT:4,PC:64
0
508
1385
2349
3149
4107
5039
5840
6798
7758
8680
9644
10549
11230
12160
13090
13894
14837
15682
16547
17455
18304
19248
20166
21044
21871
22765
23598
24517
25272
26150
26901
27632
28424
29215
29935
30777
31478
32189
33001
33752
34742
35699
36604
37465
38394
39345
40282
41119
41994
42856
43863
44755
45720
46701
47596
48518
49399
50424
51332
52357
53303
54019
54826
54877
0
TO:V,FS:1,FT:5,PC:58
0
572
1592
2582
3520
4606
5441
6491
7552
8591
9621
10632
11405
12446
13406
14412
15284
16341
17233
18155
19171
20086
21066
22041
22984
24003
24908
25974
26901
27726
28572
29416
30267
31266
31863
32752
33725
34617
35622
36592
37432
38389
39398
40368
41282
42222
43309
44402
45400
46480
47469
48518
49517
50538
51594
52676
53638
54470
54877
0
TO:V,FS:2,FT:0,PC:71
0
418
1203
2076
2831
3607
4489
5110
5972
6848
7602
8423
9290
10072
10876
11541
12378
13215
13938
14789
15541
16357
17096
17865
18687
19469
20251
21044
21871
22729
23446
24308
24948
25713
26516
27156
27913
28594
29307
29844
30724
31383
32038
32698
33533
34258
35153
36003
36704
37552
38394
39242
40096
40936
41680
42457
43309
44196
44983
45811
46701
47510
48341
49186
50036
50863
51751
52622
53478
54119
54826
54877
0
TO:V,FS:2,FT:1,PC:72
0
418
1203
2035
2783
3520
4371
5039
5757
6574
7381
8197
9023
9854
10636
11230
12052
12835
13566
14389
15169
15919
16609
17490
18212
19024
19789
20553
21336
22087
22829
23641
24504
25190
26018
26767
27405
28204
28799
29547
30240
31054
31732
32356
33089
33752
34617
35467
36254
36935
37729
38512
39345
40191
41024
41786
42522
43402
44289
45091
45947
46789
47559
48441
49229
50036
50863
51706
52533
53391
54019
54768
54877
0
TO:V,FS:2,FT:2,PC:87
0
328
1006
1660
2335
2922
3555
4260
4913
5441
6053
6725
7381
8069
8757
9415
10072
10759
11268
11968
12652
13295
13924
14575
15218
15854
16519
17080
17759
18324
18975
19590
20248
20863
21528
22121
22765
23344
23984
24637
25177
25861
26552
27056
27632
28289
28782
29359
29844
30510
31158
31668
32144
32692
33363
33885
34579
35301
35967
36592
37123
37797
38450
39092
39724
40410
41024
41669
42315
42979
43728
44427
45091
45806
46548
47181
47871
48562
49273
49907
50578
51270
51995
52664
53303
53865
54463
54877
0
TO:V,FS:2,FT:3,PC:72
0
377
1149
1952
2754
3520
4376
5039
5711
6530
7401
8240
9058
9896
10680
11278
12160
12959
13664
14506
15235
16089
16826
17673
18415
19215
19970
20729
21528
22269
22991
23773
24566
25239
26069
26815
27405
28220
28799
29547
30240
31008
31668
32232
32929
33686
34349
35198
36066
36761
37598
38408
39247
40096
40895
41647
42399
43232
44101
44936
45782
46663
47420
48266
49088
49929
50793
51683
52533
53395
54022
54732
54877
0
TO:V,FS:2,FT:4,PC:82
0
401
1083
1790
2486
3128
3863
4550
5104
5820
6482
7206
7909
8666
9379
10072
10804
11388
12152
12883
13511
14207
14873
15509
16243
16868
17621
18236
18953
19629
20327
21016
21731
22397
22991
23670
24416
25019
25713
26415
26928
27589
28226
28782
29404
29967
30686
31342
31836
32447
33001
33725
34335
35073
35826
36546
37123
37852
38541
39231
39926
40628
41237
41940
42565
43309
44044
44736
45476
46227
46912
47607
48296
49021
49702
50441
51158
51920
52664
53378
53930
54531
54877
0
TO:V,FS:2,FT:5,PC:72
0
418
1203
2029
2783
3520
4366
5039
5750
6620
7423
8240
9100
9896
10660
11312
12160
12998
13740
14590
15321
16130
16871
17711
18446
19229
19956
20764
21568
22355
23080
23893
24716
25393
26146
26901
27520
28307
28842
29584
30236
31003
31651
32265
32963
33725
34476
35369
36200
36876
37729
38512
39332
40177
40984
41705
42457
43309
44196
44983
45811
46654
47461
48296
49168
49992
50779
51669
52533
53348
54019
54717
54877
0
