The 7 Habits Of Highly Effective People
LH:155487,BH:103049,MH:680445
TO:V,FS:0,FT:0,PC:79
0
884
2361
3537
4897
6277
7740
9147
10529
11880
13237
14693
16040
17153
18493
19953
21281
22711
24173
24951
25778
26975
28338
29789
31137
32198
33587
34933
36360
37776
39183
40655
42025
43529
44913
46223
47594
48841
50283
51677
53015
54385
55226
56676
58156
59212
60453
61940
63299
64734
66206
67680
69096
70554
71969
73305
74734
75944
77203
78497
79732
81138
82518
83994
84842
85931
87387
88624
90115
91437
92686
93976
95365
96625
97838
99266
100458
101797
102701
103049
0
TO:V,FS:0,FT:1,PC:79
0
884
2304
3412
4842
6210
7620
9040
10449
11759
13109
14467
15792
16930
18190
19619
20942
22377
23853
24844
25665
26824
28219
29683
30968
32155
33294
34786
36187
37622
39122
40549
42025
43599
45032
46336
47700
48901
50341
51743
53060
54499
55347
56797
58205
59212
60453
61882
63181
64595
66008
67383
68847
70306
71690
73016
74436
75855
77029
78315
79598
80968
82402
83830
84709
85751
87206
88494
89934
91260
92570
93824
95201
96541
97648
99134
100319
101727
102622
103049
0
TO:V,FS:0,FT:2,PC:93
0
696
1907
2947
3884
5087
6320
7543
8768
9938
11176
12389
13616
14789
15823
16690
17841
18943
20165
21270
22488
23723
24483
25300
26206
27221
28428
29552
30688
31876
32782
34020
35104
36303
37506
38729
39910
41128
42303
43526
44737
45847
47104
48176
49208
50445
51666
52773
53923
54619
55806
57020
58188
59185
59947
61186
62371
63517
64693
65947
67200
68374
69531
70750
71969
73066
74225
75381
76292
77591
78622
79667
80901
82090
83244
84363
85037
86118
87433
88568
89754
90957
92114
93158
94210
95376
96514
97483
98697
99697
100849
101990
102753
103049
0
TO:V,FS:0,FT:3,PC:79
0
828
2248
3360
4781
6210
7620
9050
10449
11759
13158
14567
15858
16930
18197
19619
20887
22259
23682
24614
25460
26582
27732
29201
30646
31993
33023
34543
35894
37325
38776
40197
41677
43190
44561
45911
47232
48588
49830
51238
52587
53871
54703
56136
57619
59108
59947
61345
62626
64001
65376
66887
68337
69675
71090
72488
73899
75224
76373
77699
79008
80468
81865
83204
84402
85292
86632
88000
89357
90733
92088
93268
94536
95965
97013
98432
99755
101086
102093
103049
0
TO:V,FS:0,FT:4,PC:90
0
744
2009
2986
4203
5435
6672
8019
9250
10469
11706
12917
14146
15223
16340
17482
18553
19817
20963
22194
23463
24367
25263
26206
27270
28480
29694
30878
32144
33087
34378
35463
36689
37931
39168
40340
41596
42875
44096
45253
46437
47585
48657
49910
51180
52434
53542
54592
55591
56815
58058
59185
60033
61279
62439
63727
64908
66126
67367
68587
69817
71126
72306
73451
74593
75774
76833
77928
79100
80368
81580
82783
84014
84842
85840
87132
88260
89494
90733
91946
93093
94153
95376
96452
97438
98716
99804
101059
102066
103022
103049
0
TO:V,FS:0,FT:5,PC:83
0
820
2128
3225
4580
5824
7208
8507
9829
11176
12439
13727
14867
16302
17392
18553
19949
21229
22552
23978
24860
25552
26590
27718
29076
30411
31675
32705
34043
35264
36585
37895
39286
40600
41913
43246
44624
45917
47121
48429
49603
51017
52396
53609
54592
55659
57090
58501
59392
60849
62218
63470
64858
66266
67680
69034
70426
71856
73066
74436
75725
76871
78106
79288
80604
81915
83137
84363
85093
86181
87589
88806
90115
91376
92570
93812
95072
96346
97383
98775
99965
101312
102218
103049
0
TO:V,FS:1,FT:0,PC:104
0
568
1626
2709
3568
4630
5672
6672
7859
8966
9997
11061
12104
13066
14095
15011
16065
16930
17973
18879
19916
20887
21984
23070
24173
24886
25590
26417
27316
28379
29452
30443
31520
32358
33425
34543
35511
36594
37639
38717
39761
40792
41886
42975
43976
45048
46082
47104
48103
48996
50109
51174
52224
53172
54226
54894
55957
57003
58047
59095
59777
60860
61940
62902
63929
64961
66020
67070
68138
69230
70350
71462
72510
73481
74436
75475
76392
77466
78395
79348
80405
81504
82518
83610
84499
85292
86195
87307
88310
89365
90448
91493
92363
93285
94360
95376
96334
97131
98218
99250
100153
101220
102066
102883
103049
0
TO:V,FS:1,FT:1,PC:103
0
576
1676
2764
3568
4630
5694
6672
7859
8966
9997
11061
12116
13066
14095
15011
16065
16930
17973
18879
19967
20934
22038
23127
24173
24886
25608
26507
27420
28480
29546
30576
31665
32524
33616
34754
35688
36790
37822
38917
39951
40998
42025
43233
44235
45253
46267
47167
48251
49167
50221
51340
52384
53327
54380
54999
56049
57103
58167
59185
59875
60960
62041
63045
64105
65169
66206
67256
68357
69427
70554
71666
72674
73674
74642
75673
76569
77682
78657
79583
80644
81733
82732
83807
84586
85441
86477
87576
88526
89633
90681
91728
92674
93574
94645
95678
96595
97438
98502
99504
100551
101616
102312
103049
0
TO:V,FS:1,FT:2,PC:122
0
462
1364
2248
2947
3658
4538
5426
6301
7218
8112
9040
9938
10870
11754
12641
13508
14444
15223
16118
16690
17540
18357
19249
20116
20906
21763
22648
23536
24175
24886
25586
26287
27056
27877
28821
29733
30573
31455
32155
32821
33725
34694
35530
36429
37318
38214
39134
40039
40921
41822
42748
43713
44638
45544
46437
47251
48155
48948
49834
50705
51644
52587
53416
54325
54804
55698
56637
57541
58429
59185
59765
60715
61621
62388
63335
64194
65088
66016
66967
67892
68808
69704
70636
71548
72446
73341
74201
75069
75944
76705
77613
78380
79161
80093
81000
81885
82762
83651
84363
84923
85609
86482
87405
88273
89219
90102
91022
91998
92779
93569
94447
95376
96201
96738
97648
98584
99487
100263
101205
102052
102565
103049
0
TO:V,FS:1,FT:3,PC:103
0
539
1635
2668
3412
4459
5546
6629
7704
8798
9829
10936
11973
13022
13989
14913
16056
16692
17875
18828
19924
20906
21930
23025
24173
24886
25549
26338
27221
28284
29352
30443
31465
32255
33326
34471
35363
36406
37429
38454
39603
40620
41650
42711
43834
44917
45887
46958
47922
48818
49865
50996
52131
53060
54138
54755
55806
56911
58003
59100
59790
60886
61891
62916
63985
65017
66020
67119
68193
69230
70298
71409
72408
73396
74376
75423
76287
77393
78341
79353
80478
81519
82518
83562
84402
85180
86099
87206
88157
89223
90287
91306
92219
93268
94261
95376
96334
97131
98223
99302
100263
101312
102093
103049
0
TO:V,FS:1,FT:4,PC:117
0
528
1528
2454
3122
4063
5005
5972
6977
7934
8903
9829
10815
11752
12689
13598
14516
15295
16249
16975
17861
18685
19672
20530
21457
22434
23351
24173
24860
25540
26241
27025
27895
28865
29771
30655
31612
32294
33260
34223
35139
36053
36997
37931
38832
39781
40678
41611
42543
43515
44452
45369
46291
47121
48038
48869
49830
50775
51677
52587
53416
54373
54928
55882
56815
57744
58668
59239
60209
61121
62089
62966
63877
64826
65809
66799
67741
68643
69560
70518
71489
72430
73388
74317
75201
75983
76973
77786
78724
79550
80478
81439
82345
83244
84175
84709
85386
86245
87206
88124
89009
89919
90857
91763
92585
93426
94398
95312
96201
96798
97741
98636
99487
100349
101355
102066
102701
103049
0
TO:V,FS:1,FT:5,PC:107
0
568
1573
2668
3439
4427
5426
6475
7543
8569
9601
10615
11636
12629
13508
14567
15477
16434
17354
18261
19325
20368
21331
22363
23428
24175
24984
25608
26417
27221
28279
29352
30402
31354
32198
33175
34272
35234
36187
37220
38276
39321
40313
41344
42476
43540
44503
45509
46493
47421
48447
49360
50406
51479
52483
53383
54380
55039
56081
57157
58191
59185
59929
61006
62089
63045
64001
65017
66070
67119
68193
69220
70233
71289
72279
73270
74225
75216
76085
77169
78079
78946
79999
81053
82081
83083
84150
84809
85564
86552
87638
88568
89624
90678
91680
92562
93481
94499
95524
96452
97284
98338
99403
100311
101312
102093
103036
103049
0
TO:V,FS:2,FT:0,PC:130
0
439
1358
2174
2947
3679
4463
5267
6147
7063
7934
8768
9644
10508
11405
12214
13031
13830
14658
15379
16249
16930
17746
18497
19363
20208
20985
21810
22648
23494
24173
24838
25375
25998
26670
27316
28203
29047
29897
30701
31538
32157
32941
33805
34669
35487
36326
37124
37990
38832
39645
40462
41319
42122
42990
43803
44628
45460
46291
47104
47870
48657
49514
50396
51209
52056
52778
53559
54417
54928
55770
56637
57489
58279
59142
59661
60536
61378
62275
63039
63877
64726
65552
66434
67302
68138
68981
69812
70698
71578
72430
73294
74104
74948
75758
76492
77341
78059
78877
79658
80495
81399
82212
83026
83871
84499
85065
85711
86604
87470
88246
89056
89876
90733
91526
92219
93076
93795
94584
95422
96216
96758
97612
98415
99231
99952
100819
101657
102205
102883
103049
0
TO:V,FS:2,FT:1,PC:131
0
439
1358
2174
2947
3619
4422
5221
6068
6935
7800
8654
9515
10344
11138
11964
12754
13554
14382
15088
15964
16690
17488
18143
19000
19865
20615
21457
22345
23169
24034
24665
25300
25929
26590
27268
28161
29008
29855
30609
31493
32155
32808
33715
34624
35403
36187
37076
37899
38745
39603
40372
41226
42025
42900
43758
44583
45369
46204
47065
47781
48640
49386
50266
51117
51920
52646
53416
54283
54797
55659
56499
57337
58140
58960
59488
60372
61167
61999
62797
63584
64428
65195
66077
66920
67791
68595
69423
70246
71116
71995
72762
73653
74476
75295
75983
76885
77682
78471
79193
79994
80859
81667
82402
83244
84037
84538
85135
85803
86690
87567
88338
89097
89919
90775
91568
92265
93080
93882
94707
95512
96276
96842
97648
98456
99231
99952
100819
101652
102205
102883
103049
0
TO:V,FS:2,FT:2,PC:161
0
345
1040
1720
2361
2947
3487
4135
4830
5501
6185
6924
7578
8242
8937
9597
10268
10936
11614
12293
12905
13590
14279
14867
15556
16257
16690
17372
17996
18636
19273
19979
20530
21237
21896
22581
23280
23978
24446
25019
25571
26108
26700
27221
27895
28596
29237
29938
30562
31258
31876
32367
33011
33669
34403
35036
35655
36267
36961
37618
38320
38997
39688
40355
41062
41763
42444
43137
43837
44498
45133
45822
46486
47104
47722
48369
48908
49591
50266
50875
51579
52302
52846
53490
54165
54592
55171
55806
56484
57136
57804
58459
59162
59516
60225
60897
61582
62264
62836
63487
64171
64822
65530
66249
66967
67680
68348
69052
69716
70414
71068
71690
72430
73066
73707
74393
75122
75821
76392
77108
77699
78360
78934
79578
80281
80938
81619
82326
82979
83651
84349
84709
85224
85743
86444
87156
87773
88451
89120
89791
90428
91022
91759
92337
92989
93560
94253
94955
95606
96256
96707
97310
98000
98716
99403
99988
100639
101312
101916
102329
102883
103049
0
TO:V,FS:2,FT:3,PC:132
0
411
1268
2128
2947
3643
4427
5267
6136
6986
7800
8663
9505
10300
11138
11983
12754
13554
14352
15047
15878
16564
17349
18063
18908
19766
20513
21306
22128
22918
23769
24367
25019
25608
26241
26914
27632
28464
29249
30046
30826
31661
32252
33074
33954
34786
35616
36469
37304
38159
39036
39827
40655
41482
42313
43213
44076
44958
45667
46579
47291
48096
48796
49603
50482
51263
52104
52782
53559
54417
54881
55698
56499
57337
58156
59010
59488
60327
61175
62006
62757
63592
64393
65195
66126
66967
67791
68557
69423
70246
71077
71951
72720
73565
74365
75122
75944
76702
77558
78238
78981
79841
80635
81492
82317
83119
83970
84538
85135
85758
86640
87536
88356
89097
89927
90733
91542
92265
93080
93840
94681
95467
96216
96738
97552
98432
99231
99911
100777
101616
102129
102787
103049
0
TO:V,FS:2,FT:4,PC:152
0
420
1158
1852
2506
3153
3884
4619
5342
6068
6835
7578
8297
9040
9754
10453
11130
11852
12536
13255
13947
14646
15284
16019
16600
17295
17996
18667
19396
20106
20689
21412
22159
22870
23616
24175
24860
25405
25942
26521
27120
27794
28503
29201
29926
30599
31306
31993
32550
33275
34050
34786
35505
36187
36917
37639
38385
39134
39852
40568
41283
41981
42734
43457
44200
44909
45544
46281
47021
47603
48243
48856
49548
50263
50945
51653
52380
52980
53721
54442
54833
55560
56275
57007
57721
58422
59158
59595
60318
61015
61714
62388
63113
63830
64467
65132
65862
66578
67289
68004
68734
69493
70238
70953
71648
72380
73066
73781
74436
75122
75815
76411
77148
77774
78455
79048
79775
80495
81154
81865
82562
83257
83966
84499
85027
85602
86310
87046
87773
88486
89196
89953
90640
91336
92048
92674
93285
93976
94656
95352
96043
96625
97216
97902
98589
99231
99846
100559
101312
101951
102416
103019
103049
0
TO:V,FS:2,FT:5,PC:132
0
432
1268
2107
2923
3556
4303
5142
5916
6835
7721
8542
9388
10252
11089
11918
12641
13432
14251
14949
15828
16518
17302
18013
18860
19755
20513
21299
22125
22956
23796
24367
25019
25577
26188
26839
27571
28420
29246
30092
30856
31707
32290
33050
33892
34764
35530
36322
37121
37969
38776
39603
40411
41273
42025
42948
43803
44618
45397
46249
47104
47870
48640
49419
50221
51070
51824
52604
53416
54229
54752
55618
56417
57288
58083
58915
59484
60361
61210
62078
62836
63627
64472
65331
66155
67015
67866
68685
69455
70287
71160
72084
72843
73707
74527
75339
75983
76871
77682
78455
79193
80039
80901
81744
82562
83389
84170
84630
85224
85878
86732
87589
88331
89120
89962
90814
91601
92306
93115
93824
94627
95464
96256
96758
97600
98415
99231
99952
100760
101546
102129
102819
103049
0
