The 7 Habits Of Highly Effective People
LH:258586,BH:66088,MH:680445
TO:V,FS:0,FT:0,PC:53
0
619
1869
3333
4665
5798
7239
8744
10137
11388
12537
13635
14370
15549
16839
18095
19451
20746
22038
23310
24826
26123
27461
28998
29862
31193
32599
34126
35556
36418
37890
38808
40171
41356
42684
44167
45627
46785
48054
49179
50127
51359
52635
53910
55158
56525
57525
58430
59918
61080
62426
63790
64984
66088
0
TO:V,FS:0,FT:1,PC:54
0
619
1869
3272
4608
5773
7176
8611
10038
11243
12415
13588
14370
15549
16839
18095
19451
20689
21968
23185
24701
26041
27398
28937
29802
31138
32599
34135
35556
36418
37890
38808
40171
41356
42684
44179
45614
46671
47994
49116
50127
51368
52552
53910
55158
56464
57485
58310
59680
60873
62064
63467
64706
65954
66088
0
TO:V,FS:0,FT:2,PC:63
0
487
1515
2792
4044
5013
6253
7507
8657
9846
10987
11878
13107
13719
14370
15332
16423
17540
18640
19667
20740
21775
22860
24072
25188
26405
27608
28733
29383
30432
31690
32943
34087
35273
35996
37227
38468
38997
40160
41215
42376
43515
44631
45666
46843
47994
49089
49703
50645
51815
52970
54166
55185
56359
57388
58086
59048
60128
61197
62246
63516
64616
65679
66088
0
TO:V,FS:0,FT:3,PC:54
0
556
1801
3227
4577
5712
7059
8490
9979
11254
12357
13525
14351
15413
16560
18018
19320
20434
21668
22940
24451
25743
27161
28640
29421
30693
32099
33566
34981
35910
37080
38515
39304
40686
42023
43249
44708
45905
47173
48597
49346
50408
51702
53134
54390
55721
56947
57854
58845
60188
61497
62906
64100
65218
66088
0
TO:V,FS:0,FT:4,PC:60
0
556
1669
2847
4132
5220
6403
7608
8860
10126
11318
12334
13385
14136
15101
16156
17337
18455
19547
20735
21824
22925
24256
25423
26629
27944
29189
29960
31168
32394
33648
34892
35910
37006
38210
38810
40142
41255
42393
43698
44933
46043
47257
48525
49257
50127
51127
52302
53539
54630
55846
56947
57812
58589
59833
60873
61921
63132
64341
65366
66088
0
TO:V,FS:0,FT:5,PC:56
0
606
1788
3150
4458
5533
6856
8243
9537
10718
11756
13121
13770
14625
15863
17176
18392
19625
20803
22026
23251
24642
25914
27161
28544
29421
30693
32081
33441
34790
35910
37076
38438
39221
40561
41758
43002
44351
45627
46718
47922
49089
49882
50973
52136
53539
54691
55942
57133
57942
58999
60307
61401
62699
63921
65078
66088
0
TO:V,FS:1,FT:0,PC:69
0
374
1334
2400
3473
4545
5408
6415
7507
8540
9619
10641
11564
12524
13385
14028
14887
15762
16803
17886
18868
19805
20735
21668
22612
23722
24799
25844
26871
27976
29037
29721
30739
31830
32971
33966
35040
35910
36824
37878
38781
39633
40606
41564
42487
43599
44675
45627
46595
47665
48696
49284
50127
51055
51994
53048
54041
54982
56046
56999
57703
58368
59366
60375
61326
62246
63331
64389
65262
66088
0
TO:V,FS:1,FT:1,PC:69
0
374
1334
2400
3473
4595
5461
6470
7555
8585
9673
10690
11564
12524
13335
13950
14798
15665
16706
17789
18708
19707
20678
21636
22556
23704
24799
25847
26871
27976
29037
29721
30744
31830
32971
33966
35040
35910
36824
37878
38781
39577
40561
41515
42487
43646
44722
45666
46785
47872
48877
49392
50274
51319
52229
53327
54260
55289
56303
57210
57897
58589
59672
60624
61514
62590
63668
64706
65654
66088
0
TO:V,FS:1,FT:2,PC:81
0
357
1090
2000
2898
3868
4745
5445
6346
7239
8166
9112
10031
10809
11564
12303
13256
13759
14370
15045
15801
16696
17590
18406
19348
20124
20868
21655
22451
23419
24352
25242
26172
27067
28012
28908
29383
30155
30995
31926
32855
33763
34677
35634
36229
37189
38073
38781
39395
40256
41087
42036
42828
43747
44653
45589
46236
47143
48098
48976
49392
50127
50880
51702
52631
53539
54396
55235
56110
56947
57575
58166
58975
59856
60669
61497
62397
63290
64105
64913
65720
66088
0
TO:V,FS:1,FT:3,PC:69
0
374
1279
2297
3315
4397
5296
6300
7375
8413
9479
10442
11564
12485
13335
13960
14767
15616
16658
17754
18675
19547
20520
21542
22455
23623
24746
25747
26818
27893
28985
29667
30685
31842
32975
34019
35040
35910
36769
37831
38754
39379
40409
41406
42393
43547
44579
45627
46538
47564
48645
49257
50083
50900
51864
52953
53910
54841
55886
56866
57580
58226
59270
60302
61226
62188
63282
64283
65196
66088
0
TO:V,FS:1,FT:4,PC:78
0
374
1221
2216
3164
4126
4974
5798
6782
7775
8678
9641
10518
11463
12205
13139
13662
14370
15131
15951
16885
17841
18675
19495
20295
21137
22072
22925
23899
24861
25775
26725
27670
28574
29345
30106
31035
31999
32975
33900
34819
35634
36303
37255
38186
38781
39472
40392
41270
42212
43045
44019
44954
45760
46636
47512
48464
49160
49868
50637
51532
52464
53448
54292
55163
56059
56947
57665
58310
59199
60095
60935
61739
62668
63555
64490
65296
66065
66088
0
TO:V,FS:1,FT:5,PC:70
0
374
1276
2342
3349
4339
5176
6143
7195
8264
9323
10287
11318
12167
13239
13770
14397
15427
16313
17389
18340
19405
20234
21057
22105
23082
24177
25099
26112
27178
28230
29287
29953
30945
32022
33142
34193
35333
36036
37108
38178
38808
39843
40797
41768
42684
43747
44823
45713
46837
47922
48919
49392
50216
51222
52136
53275
54206
55235
56268
57127
57854
58532
59566
60536
61497
62509
63555
64606
65470
66088
0
TO:V,FS:2,FT:0,PC:85
0
357
1040
1907
2757
3676
4506
5157
6020
6856
7762
8585
9465
10287
11108
11756
12620
13283
13797
14478
15301
16041
16885
17754
18483
19423
20124
20811
21542
22288
23176
24080
24948
25727
26606
27388
28247
29120
29703
30525
31377
32231
33113
33948
34776
35634
36257
37128
37961
38754
39243
40121
40908
41691
42438
43305
44184
45048
45760
46538
47343
48222
49020
49474
50166
51012
51788
52668
53539
54336
55069
55886
56650
57364
57921
58541
59402
60188
61026
61735
62578
63444
64251
65008
65720
66088
0
TO:V,FS:2,FT:1,PC:87
0
357
1040
1907
2712
3535
4372
5013
5842
6687
7547
8344
9112
9956
10676
11514
12163
13008
13635
14170
14780
15549
16307
17089
17966
18675
19434
20234
20937
21715
22446
23321
24204
25041
25820
26629
27438
28247
29120
29658
30477
31284
32219
33113
33948
34677
35556
36120
36998
37831
38644
39100
39940
40739
41472
42351
43093
44019
44823
45627
46328
47054
47880
48683
49257
49914
50587
51382
52136
53033
53829
54578
55368
56146
56930
57512
58086
58752
59580
60316
61071
61739
62536
63400
64162
64897
65613
66088
0
TO:V,FS:2,FT:2,PC:106
0
275
763
1486
2149
2817
3497
4208
4897
5445
6130
6804
7490
8129
8787
9465
10159
10792
11414
11942
12666
13256
13662
14151
14625
15259
15854
16520
17198
17877
18448
19202
19750
20337
20954
21622
22204
22922
23626
24288
24959
25576
26250
26899
27608
28290
28980
29383
30024
30604
31284
32022
32739
33351
34063
34776
35467
35910
36436
37171
37831
38490
38808
39448
40160
40760
41418
42078
42639
43349
44057
44743
45466
45982
46671
47343
48039
48675
49160
49588
50127
50714
51371
51982
52625
53318
53980
54578
55185
55886
56525
57154
57646
58127
58701
59389
60036
60660
61270
61800
62499
63165
63842
64530
65093
65683
66088
0
TO:V,FS:2,FT:3,PC:88
0
331
890
1761
2617
3492
4331
5013
5884
6739
7547
8358
9210
10048
10774
11564
12258
13056
13635
14122
14759
15549
16307
17140
17997
18708
19537
20251
20954
21760
22490
23370
24204
25083
25855
26677
27540
28403
29254
29799
30573
31377
32231
33129
33900
34662
35518
36030
36856
37713
38521
38927
39719
40527
41314
42132
42824
43698
44519
45391
45982
46785
47604
48418
49089
49522
50166
51012
51750
52552
53448
54206
54982
55853
56570
57271
57854
58415
59199
60009
60795
61514
62338
63151
63921
64706
65414
66065
66088
0
TO:V,FS:2,FT:4,PC:100
0
345
808
1546
2252
2955
3710
4454
5013
5753
6415
7165
7898
8566
9306
9956
10607
11305
11894
12620
13256
13730
14286
14821
15495
16098
16800
17530
18110
18868
19489
20199
20825
21442
22159
22785
23505
24204
24956
25633
26364
27096
27837
28574
29324
29778
30447
31168
31936
32690
33351
34102
34854
35556
36098
36824
37520
38210
38781
39393
40108
40777
41463
42152
42763
43527
44244
44980
45627
46226
46934
47721
48457
49089
49474
50127
50745
51475
52136
52917
53654
54286
54952
55622
56303
56989
57525
58104
58660
59353
60002
60691
61346
61956
62656
63347
64043
64744
65351
65946
66088
0
TO:V,FS:2,FT:5,PC:86
0
357
988
1862
2709
3535
4372
5013
5884
6774
7634
8480
9297
10119
10888
11591
12468
13256
13770
14370
15045
15741
16520
17325
18035
18961
19667
20388
21137
21986
22722
23614
24482
25239
26123
26899
27723
28574
29343
29998
30817
31712
32546
33351
34193
35040
35796
36445
37298
38084
38781
39448
40295
41048
41857
42619
43469
44320
45178
45820
46636
47385
48245
49065
49474
50166
50997
51788
52625
53480
54206
54975
55774
56525
57258
57854
58462
59270
60083
60873
61514
62385
63217
64001
64749
65462
66088
0
