The 7 Habits Of Highly Effective People
LH:323639,BH:44099,MH:679346
TO:V,FS:0,FT:0,PC:42
0
559
1582
2726
3701
4869
6014
7163
8316
9466
10609
11742
12900
13916
14821
15891
16886
17841
18850
19712
20860
21825
22847
24016
25177
26259
27418
28452
29449
30447
31502
32450
33551
34516
35695
36899
37895
38918
40118
41116
42280
43382
44099
0
TO:V,FS:0,FT:1,PC:42
0
506
1582
2726
3701
4869
6014
7169
8316
9482
10659
11794
12936
13916
14838
15997
16981
17994
18969
19872
21002
22027
22995
24149
25311
26472
27636
28623
29647
30574
31657
32613
33732
34735
35909
37090
38104
39137
40329
41333
42436
43539
44099
0
TO:V,FS:0,FT:2,PC:51
0
409
1176
2104
2945
3853
4768
5705
6713
7605
8578
9540
10444
11367
12248
13199
14057
14821
15732
16516
17292
18136
18988
19729
20648
21547
22299
23252
24202
25066
26046
26983
27832
28754
29502
30341
31136
32075
32902
33825
34557
35449
36412
37206
38130
38965
39863
40665
41602
42552
43417
44099
0
TO:V,FS:0,FT:3,PC:43
0
506
1531
2643
3574
4671
5803
6953
8003
9165
10337
11438
12545
13529
14535
15546
16516
17446
18413
19287
20296
21318
22231
23312
24352
25524
26596
27725
28734
29761
30628
31657
32567
33709
34623
35750
36899
37837
38881
40014
40996
42183
43328
44099
0
TO:V,FS:0,FT:4,PC:48
0
496
1362
2409
3296
4299
5281
6244
7210
8189
9231
10285
11342
12326
13226
14223
14985
16015
16886
17722
18590
19391
20325
21261
22139
23105
24093
25066
26084
27079
28013
28947
29872
30603
31597
32431
33399
34257
35272
36308
37243
38229
39116
40118
40996
42030
43048
44031
44099
0
TO:V,FS:0,FT:5,PC:45
0
496
1469
2586
3508
4623
5708
6786
7795
8930
9995
11031
12091
13147
14180
14947
16050
16981
17942
18901
19712
20805
21756
22694
23757
24728
25799
26841
27787
28890
29907
30740
31742
32613
33732
34623
35750
36844
37810
38757
39863
40759
41795
42907
43964
44099
0
TO:V,FS:1,FT:0,PC:56
0
385
1159
1900
2726
3492
4299
5091
5913
6690
7554
8382
9264
10142
11016
11823
12650
13392
14269
14838
15714
16438
17230
18016
18741
19434
20232
21083
21868
22570
23419
24274
25048
25842
26689
27579
28311
29061
29831
30464
31267
32075
32840
33667
34389
35223
36106
36947
37652
38398
39228
40070
40793
41629
42495
43328
44099
0
TO:V,FS:1,FT:1,PC:58
0
344
1159
1900
2679
3442
4252
5047
5821
6596
7465
8320
9179
10012
10833
11633
12475
13226
14038
14766
15485
16218
17020
17722
18401
19160
19857
20720
21498
22139
22921
23790
24628
25405
26205
27072
27822
28657
29330
30128
30736
31519
32174
33023
33825
34511
35357
36201
37046
37736
38438
39314
40118
40838
41629
42451
43210
44031
44099
0
TO:V,FS:1,FT:2,PC:70
0
262
946
1525
2175
2812
3391
4045
4750
5444
6108
6809
7502
8160
8821
9533
10221
10922
11546
12228
12903
13506
14183
14734
15295
15949
16559
17230
17827
18392
19035
19550
20232
20921
21498
22089
22710
23371
24034
24650
25352
26013
26673
27362
27941
28650
29229
29898
30447
31064
31701
32238
32896
33591
34217
34788
35470
36159
36800
37384
38071
38643
39347
40014
40616
41277
41942
42658
43328
44031
44099
0
TO:V,FS:1,FT:3,PC:57
0
344
1159
1952
2775
3492
4345
5179
5960
6731
7554
8333
9179
10053
10922
11777
12567
13263
14129
14821
15628
16314
17106
17818
18544
19177
19946
20762
21502
22193
23023
23841
24636
25492
26295
27122
27822
28657
29286
30102
30648
31493
32174
32991
33825
34511
35357
36214
37090
37880
38618
39459
40277
40996
41894
42724
43509
44099
0
TO:V,FS:1,FT:4,PC:66
0
333
1033
1638
2332
2962
3682
4363
5091
5799
6509
7233
7942
8655
9362
10089
10800
11471
12183
12925
13570
14277
14838
15553
16200
16912
17487
18167
18838
19441
20138
20852
21493
22106
22778
23476
24167
24847
25583
26243
26938
27709
28296
28984
29624
30263
30857
31597
32195
32870
33591
34240
34849
35575
36289
37031
37604
38304
38918
39669
40386
40996
41732
42428
43124
43853
44099
0
TO:V,FS:1,FT:5,PC:57
0
385
1159
1900
2726
3492
4341
5126
5960
6777
7632
8469
9325
10185
11056
11852
12632
13348
14209
14821
15620
16346
17152
17884
18596
19258
20034
20852
21594
22264
23066
23873
24674
25440
26250
27072
27822
28657
29330
30128
30733
31560
32210
33018
33825
34545
35388
36259
37090
37823
38520
39350
40194
40935
41677
42533
43371
44099
0
TO:V,FS:2,FT:0,PC:74
0
262
873
1398
2032
2667
3196
3801
4443
5065
5692
6322
6966
7617
8252
8843
9466
10089
10728
11356
11964
12606
13226
13849
14370
14871
15513
16086
16749
17247
17876
18413
19070
19545
20171
20811
21404
21961
22524
23145
23757
24317
24936
25583
26185
26786
27401
27923
28572
29125
29735
30302
30814
31485
32075
32613
33264
33877
34374
34962
35615
36247
36911
37425
38030
38569
39250
39900
40507
40996
41667
42275
42907
43522
44099
0
TO:V,FS:2,FT:1,PC:74
0
262
873
1398
2032
2667
3196
3821
4443
5091
5728
6362
7003
7654
8298
8926
9540
10169
10800
11417
12041
12694
13263
13887
14453
14997
15633
16200
16822
17286
17917
18451
19106
19589
20232
20894
21454
22027
22610
23202
23837
24434
25066
25728
26322
26938
27579
28115
28772
29278
29924
30447
31013
31657
32195
32796
33444
34067
34539
35158
35807
36454
37090
37641
38263
38798
39477
40113
40655
41296
41902
42533
43165
43814
44099
0
TO:V,FS:2,FT:2,PC:90
0
224
715
1176
1706
2175
2726
3140
3660
4195
4691
5195
5728
6233
6731
7286
7825
8333
8882
9418
9946
10469
10983
11471
12021
12502
13010
13473
13993
14406
14838
15365
15901
16341
16868
17282
17815
18248
18758
19177
19646
20188
20710
21196
21662
22139
22668
23166
23678
24161
24624
25183
25685
26205
26735
27210
27725
28176
28719
29155
29647
30128
30495
31001
31519
31978
32415
32896
33424
33938
34370
34885
35388
35876
36397
36921
37341
37875
38381
38827
39334
39863
40399
40829
41356
41859
42374
42907
43443
43944
44099
0
TO:V,FS:2,FT:3,PC:73
0
262
890
1398
2070
2709
3246
3886
4522
5132
5769
6406
7050
7696
8333
8986
9636
10285
10919
11546
12183
12860
13454
14094
14648
15200
15869
16457
17064
17611
18203
18798
19328
19939
20579
21196
21756
22299
22934
23595
24206
24807
25470
26091
26711
27401
27976
28650
29229
29847
30417
30938
31597
32134
32757
33430
34045
34539
35217
35842
36487
37090
37707
38345
38881
39575
40194
40733
41401
42016
42692
43328
43969
44099
0
TO:V,FS:2,FT:4,PC:83
0
224
777
1243
1797
2339
2919
3386
3940
4477
5042
5599
6143
6709
7236
7825
8369
8948
9528
10080
10643
11228
11766
12339
12915
13430
13964
14426
14871
15438
15997
16505
17020
17483
18038
18530
19025
19480
20034
20566
21105
21648
22173
22710
23263
23816
24317
24902
25479
26046
26596
27149
27725
28247
28796
29273
29859
30341
30814
31371
31875
32337
32850
33430
33948
34427
34984
35550
36077
36667
37140
37703
38275
38720
39273
39837
40378
40862
41422
41985
42552
43080
43653
44099
0
TO:V,FS:2,FT:5,PC:73
0
295
950
1515
2149
2809
3391
4025
4664
5306
5996
6625
7300
7972
8642
9264
9946
10609
11282
11890
12528
13147
13742
14353
14838
15472
16069
16659
17230
17795
18286
18910
19401
20018
20682
21261
21865
22455
23099
23757
24352
24974
25602
26243
26884
27554
28108
28731
29239
29907
30447
31013
31657
32195
32835
33483
34114
34649
35261
35914
36585
37107
37707
38345
38904
39534
40185
40724
41413
41998
42636
43210
43912
44099
0
