The 7 Habits Of Highly Effective People
LH:324731,BH:44099,MH:680445
TO:V,FS:0,FT:0,PC:34
0
813
2089
3317
4810
6227
7632
9125
10609
12068
13322
14667
15909
17084
18167
19350
20682
21878
23149
24508
25906
27418
28757
30008
31136
32300
33686
34993
36515
37827
39137
40599
41795
43210
44099
0
TO:V,FS:0,FT:1,PC:35
0
813
2032
3202
4623
6083
7465
8902
10319
11708
13040
14353
15557
16853
17956
19106
20248
21539
22726
24167
25485
26956
28240
29520
30636
31937
33101
34374
35814
37107
38398
39842
41116
42505
43901
44099
0
TO:V,FS:0,FT:2,PC:40
0
616
1653
2850
3929
5132
6270
7465
8655
9868
11113
12305
13313
14426
15492
16516
17501
18582
19480
20664
21719
22729
23926
25066
26261
27501
28628
29709
30628
31742
32723
33954
34990
36214
37270
38398
39594
40674
41849
43104
44099
0
TO:V,FS:0,FT:3,PC:35
0
754
1973
3140
4580
5960
7327
8838
10328
11721
13040
14353
15500
16822
17964
19054
20248
21539
22738
24173
25429
26838
28169
29399
30464
31808
32991
34257
35695
37090
38381
39717
40996
42428
43789
44099
0
TO:V,FS:0,FT:4,PC:39
0
662
1752
2945
4107
5346
6625
7848
9096
10390
11577
12844
13964
14892
16069
17174
18167
19177
20350
21520
22554
23813
25066
26261
27491
28572
29703
30690
31850
32884
34114
35185
36477
37607
38712
40014
41116
42380
43593
44099
0
TO:V,FS:0,FT:5,PC:36
0
804
1970
3140
4497
5821
7128
8448
9868
11288
12615
13792
14838
16086
17247
18369
19466
20735
21825
22970
24317
25663
26983
28240
29459
30521
31808
32912
34240
35453
36921
38130
39314
40616
41859
43210
44099
0
TO:V,FS:1,FT:0,PC:45
0
496
1469
2549
3451
4569
5652
6731
7767
8861
9946
10983
12018
13040
14068
14838
15944
16853
17751
18659
19480
20554
21547
22403
23467
24446
25514
26552
27652
28572
29552
30464
31493
32389
33444
34351
35426
36515
37451
38398
39538
40574
41470
42552
43629
44099
0
TO:V,FS:1,FT:1,PC:45
0
496
1469
2549
3451
4569
5652
6731
7772
8861
9946
10983
12018
13040
14068
14838
15944
16875
17806
18758
19556
20656
21648
22554
23618
24606
25668
26700
27725
28734
29647
30464
31502
32389
33444
34354
35426
36515
37451
38398
39538
40574
41470
42552
43641
44099
0
TO:V,FS:1,FT:2,PC:53
0
409
1176
2104
2945
3840
4768
5652
6509
7465
8382
9340
10254
11159
12063
12936
13792
14562
15348
16128
17020
17795
18607
19328
20130
21002
21825
22642
23533
24352
25311
26205
27079
27878
28754
29498
30290
31058
31971
32661
33579
34300
35201
36129
37063
37837
38618
39503
40404
41158
42083
43031
43853
44099
0
TO:V,FS:1,FT:3,PC:45
0
451
1473
2586
3508
4569
5624
6663
7669
8766
9859
10929
12009
13040
14028
14892
16050
16981
17892
18798
19556
20660
21648
22502
23629
24665
25728
26749
27742
28785
29703
30574
31629
32567
33651
34516
35593
36736
37657
38551
39699
40665
41667
42749
43771
44099
0
TO:V,FS:1,FT:4,PC:51
0
451
1261
2128
2962
3925
4848
5742
6659
7597
8520
9494
10454
11383
12326
13195
14083
14821
15714
16516
17292
18136
18988
19762
20720
21547
22299
23247
24229
25112
26026
26938
27781
28744
29498
30330
31079
31965
32745
33709
34511
35488
36446
37289
38229
39068
39995
40793
41717
42677
43593
44099
0
TO:V,FS:1,FT:5,PC:46
0
496
1469
2489
3367
4358
5346
6406
7465
8538
9604
10652
11658
12732
13663
14616
15533
16491
17348
18263
19160
20103
21087
22072
22988
24034
24928
25996
27035
27986
28994
29957
30740
31742
32567
33596
34463
35575
36617
37503
38449
39538
40551
41470
42501
43556
44099
0
TO:V,FS:2,FT:0,PC:56
0
385
1159
1900
2726
3492
4299
5091
5913
6690
7554
8382
9264
10142
11016
11823
12650
13392
14269
14838
15714
16438
17230
18016
18741
19434
20232
21083
21868
22570
23419
24274
25048
25842
26689
27579
28311
29061
29831
30464
31267
32075
32840
33667
34389
35223
36106
36947
37652
38398
39228
40070
40793
41629
42495
43328
44099
0
TO:V,FS:2,FT:1,PC:58
0
385
1159
1900
2679
3442
4252
5047
5821
6596
7465
8320
9179
10012
10833
11633
12475
13226
14038
14766
15485
16218
17020
17722
18401
19160
19857
20720
21498
22139
22921
23790
24628
25405
26205
27072
27822
28657
29330
30128
30736
31519
32174
33023
33825
34511
35357
36201
37046
37736
38438
39314
40118
40838
41629
42451
43210
44031
44099
0
TO:V,FS:2,FT:2,PC:70
0
305
993
1569
2218
2850
3401
4087
4795
5486
6152
6851
7543
8200
8861
9577
10264
10964
11587
12270
12936
13546
14223
14766
15330
15992
16598
17230
17827
18392
19035
19550
20232
20921
21498
22089
22710
23371
24034
24650
25352
26013
26673
27362
27941
28650
29229
29898
30447
31064
31701
32238
32896
33591
34217
34788
35470
36159
36800
37384
38071
38643
39347
40014
40616
41277
41942
42658
43328
44031
44099
0
TO:V,FS:2,FT:3,PC:57
0
344
1159
1952
2775
3492
4345
5179
5960
6731
7554
8333
9179
10053
10922
11777
12567
13263
14129
14821
15628
16314
17106
17818
18544
19177
19946
20762
21502
22193
23023
23841
24636
25492
26295
27122
27822
28657
29286
30102
30648
31493
32174
32991
33825
34511
35357
36214
37090
37880
38618
39459
40277
40996
41894
42724
43509
44099
0
TO:V,FS:2,FT:4,PC:66
0
363
1071
1669
2377
2962
3682
4363
5091
5799
6509
7233
7942
8655
9362
10089
10800
11471
12183
12925
13570
14277
14838
15553
16200
16912
17487
18167
18838
19441
20138
20852
21493
22106
22778
23476
24167
24847
25583
26243
26938
27709
28296
28984
29624
30263
30857
31597
32195
32870
33591
34240
34849
35575
36289
37031
37604
38304
38918
39669
40386
40996
41732
42428
43124
43853
44099
0
TO:V,FS:2,FT:5,PC:57
0
385
1159
1900
2726
3492
4341
5126
5960
6777
7632
8469
9325
10185
11056
11852
12632
13348
14209
14821
15620
16346
17152
17884
18596
19258
20034
20852
21594
22264
23066
23873
24674
25440
26250
27072
27822
28657
29330
30128
30733
31560
32210
33018
33825
34545
35388
36259
37090
37823
38520
39350
40194
40935
41677
42533
43371
44099
0
