The 7 Habits Of Highly Effective People
LH:368873,BH:67401,MH:680445
TO:V,FS:0,FT:0,PC:52
0
691
2166
3579
4549
5854
7178
8618
9831
11179
12488
13699
15080
16383
17402
18645
19945
21375
22543
23767
25134
26173
27577
29077
30187
31599
32994
34386
35775
37248
38694
39998
41270
42446
43802
45290
46645
48192
49553
50997
52447
53751
54985
56269
57728
58791
60126
61279
62511
63828
65028
66279
67401
0
TO:V,FS:0,FT:1,PC:53
0
691
2176
3579
4608
5884
7238
8681
9882
11238
12548
13773
15191
16445
17432
18706
19981
21375
22485
23690
25088
26173
27639
29077
30187
31599
32994
34386
35722
37188
38631
39998
41274
42504
43802
45290
46584
48082
49428
50879
52331
53595
54872
56047
57499
58563
59936
61060
62266
63612
64876
66046
67276
67401
0
TO:V,FS:0,FT:2,PC:61
0
593
1775
2915
3729
4930
6054
7219
8435
9431
10574
11675
12756
13824
15046
16076
17099
18150
19285
20325
21375
22363
23459
24680
25907
26828
28093
29077
30051
31262
32471
33712
34847
36044
37266
38501
39697
40796
41704
42855
44077
45272
46450
47668
48756
50018
51223
52447
53504
54560
55578
56836
57914
58904
60040
61025
62054
63328
64438
65329
66370
67401
0
TO:V,FS:0,FT:3,PC:53
0
691
2122
3551
4532
5793
7178
8622
9774
11187
12488
13653
15016
16270
17339
18398
19810
21120
22175
23445
24742
25909
27207
28678
29802
31108
32471
33886
35186
36637
38020
39427
40767
41833
43181
44587
46010
47420
48814
50217
51647
53028
54420
55561
56901
58229
59381
60542
61678
63074
64354
65400
66645
67401
0
TO:V,FS:0,FT:4,PC:59
0
653
1858
3069
3971
5069
6299
7509
8741
9827
11041
12223
13327
14619
15816
16782
17810
18960
20084
21276
22175
23247
24491
25726
26612
27889
29077
30152
31418
32626
33865
35039
36280
37567
38856
39981
41092
42219
43407
44595
45839
47060
48336
49507
50705
51942
53052
54318
55302
56427
57701
58660
59810
60918
61955
63157
64252
65218
66316
67401
0
TO:V,FS:0,FT:5,PC:55
0
691
2103
3356
4268
5477
6701
8065
9224
10516
11735
12955
14146
15492
16491
17544
18748
19981
21375
22424
23575
24848
25994
27207
28571
29677
30984
32306
33712
34948
36311
37576
38925
40235
41345
42500
43799
45165
46459
47792
49098
50503
51823
53064
54380
55505
56729
57919
59066
60334
61438
62667
63940
65028
66225
67401
0
TO:V,FS:1,FT:0,PC:69
0
553
1491
2521
3555
4230
5172
6234
7229
8297
9167
10153
11198
12166
13056
14146
15188
16119
17072
17953
18954
19878
20953
21860
22728
23663
24727
25815
26500
27532
28649
29516
30615
31717
32783
33812
34834
35930
36955
38093
39130
40031
41014
41911
42933
43989
44995
46043
47048
48087
49101
50188
51258
52336
53291
54342
55147
56117
57227
58202
59111
60126
61020
61899
62980
63915
64848
65814
66711
67401
0
TO:V,FS:1,FT:1,PC:69
0
553
1499
2570
3579
4386
5320
6401
7406
8485
9381
10415
11369
12467
13360
14441
15461
16416
17306
18188
19227
20212
21276
22062
23080
24017
25071
25909
26809
27908
29031
29917
31025
32098
33148
34235
35226
36322
37373
38478
39536
40472
41375
42423
43458
44494
45579
46588
47656
48686
49695
50746
51836
52844
53895
54853
55677
56777
57841
58674
59707
60592
61607
62549
63535
64539
65370
66316
67266
67401
0
TO:V,FS:1,FT:2,PC:81
0
450
1285
2190
3043
3657
4532
5374
6246
7109
8038
8923
9613
10503
11351
12210
12971
13807
14720
15633
16416
17193
17950
18833
19759
20506
21375
22102
23017
23815
24680
25599
26173
27050
28029
28970
29653
30554
31418
32306
33199
34077
34930
35845
36737
37689
38607
39524
40367
41204
42013
42859
43739
44628
45493
46385
47280
48179
49041
49924
50795
51656
52613
53389
54298
54985
55770
56658
57533
58289
59050
59916
60633
61503
62237
63157
63960
64779
65593
66359
67098
67401
0
TO:V,FS:1,FT:3,PC:69
0
463
1444
2530
3579
4342
5219
6299
7361
8429
9277
10311
11351
12369
13252
14363
15407
16378
17232
18111
19060
20032
21103
21944
22888
23872
24872
25907
26666
27721
28778
29616
30721
31758
32783
33865
34834
35930
37016
38093
39130
40144
41092
42013
43044
44144
45261
46337
47465
48580
49614
50705
51732
52827
53797
54718
55635
56686
57798
58563
59557
60542
61513
62407
63500
64422
65165
66122
67062
67401
0
TO:V,FS:1,FT:4,PC:78
0
401
1279
2224
3137
3763
4643
5560
6503
7370
8297
9081
9934
10846
11719
12580
13411
14373
15340
16206
17040
17759
18656
19637
20436
21361
22008
22894
23732
24680
25639
26341
27227
28204
29077
29852
30748
31669
32562
33539
34470
35348
36299
37218
38197
39137
40028
40922
41704
42600
43539
44483
45444
46337
47308
48218
49101
50051
50952
51844
52827
53690
54505
55320
56136
57091
57906
58720
59638
60525
61371
62140
63096
63940
64802
65686
66508
67335
67401
0
TO:V,FS:1,FT:5,PC:71
0
553
1491
2521
3555
4163
5056
6082
7025
8045
8961
9822
10820
11675
12641
13610
14619
15657
16491
17360
18262
19280
20212
21276
22062
23067
24017
25019
25907
26654
27683
28733
29605
30602
31570
32518
33551
34535
35527
36523
37513
38636
39632
40558
41418
42420
43407
44443
45493
46490
47505
48486
49500
50558
51573
52684
53580
54505
55450
56334
57379
58245
59139
60126
61017
61846
62932
63863
64788
65662
66533
67401
0
TO:V,FS:2,FT:0,PC:86
0
309
1118
1960
2802
3590
4209
4963
5793
6689
7494
8328
9041
9774
10596
11351
12070
12828
13577
14415
15296
16064
16827
17476
18262
19034
19810
20549
21375
22008
22808
23549
24400
25183
25909
26649
27479
28346
29077
29787
30592
31403
32185
33050
33886
34627
35485
36336
37172
38020
38864
39732
40527
41241
42013
42806
43668
44525
45418
46253
47139
47997
48756
49603
50460
51272
52091
52844
53690
54488
55147
55886
56677
57529
58245
58978
59800
60542
61371
62071
62915
63683
64531
65211
65978
66725
67401
0
TO:V,FS:2,FT:1,PC:87
0
401
1185
2045
2897
3602
4313
5009
5793
6647
7406
8250
9001
9694
10458
11297
12019
12775
13491
14373
15254
16016
16744
17402
18188
18996
19827
20631
21375
21961
22808
23505
24358
25183
25907
26543
27311
28160
28995
29653
30405
31275
32065
32861
33712
34559
35348
36217
37037
37876
38701
39570
40367
41079
41837
42636
43447
44273
45146
45992
46825
47668
48471
49255
50138
50952
51689
52598
53343
54163
54877
55561
56334
57137
57858
58551
59414
60198
60918
61661
62443
63295
64080
64802
65537
66236
66972
67401
0
TO:V,FS:2,FT:2,PC:108
0
224
851
1524
2206
2870
3566
3954
4549
5219
5871
6546
7152
7808
8461
9041
9694
10331
10984
11562
12223
12788
13420
14093
14770
15450
16016
16626
17232
17797
18398
19115
19796
20336
20990
21553
22124
22771
23347
24017
24713
25379
25909
26530
27172
27889
28558
29104
29782
30405
31174
31846
32457
33100
33697
34372
34965
35655
36336
37027
37689
38355
39027
39729
40320
40959
41499
42133
42806
43490
44181
44824
45528
46192
46840
47531
48172
48788
49490
50134
50783
51459
52144
52804
53338
54018
54584
55192
55794
56449
57104
57764
58326
58826
59479
60126
60664
61258
61808
62461
63157
63755
64399
64990
65614
66189
66757
67316
67401
0
TO:V,FS:2,FT:3,PC:87
0
313
1071
1916
2757
3579
4134
4873
5703
6503
7287
8132
8944
9653
10503
11341
12070
12788
13550
14373
15218
15999
16688
17360
18111
18908
19784
20465
21276
21944
22728
23442
24230
25065
25907
26519
27360
28204
29059
29653
30405
31288
32098
32912
33712
34559
35364
36178
37020
37876
38741
39610
40367
41121
41884
42636
43494
44318
45146
45947
46779
47622
48471
49255
50089
50879
51647
52514
53252
54081
54749
55505
56182
57003
57841
58509
59368
60158
60826
61607
62277
63140
63855
64605
65344
66093
66800
67401
0
TO:V,FS:2,FT:4,PC:101
0
293
951
1643
2371
3057
3634
4291
4953
5665
6311
7013
7759
8499
9121
9814
10499
11244
11908
12580
13212
13898
14619
15292
15999
16594
17272
17877
18549
19289
19945
20642
21375
21961
22668
23294
23990
24755
25424
25972
26599
27268
28013
28678
29227
29930
30653
31381
32098
32783
33502
34182
34847
35588
36287
36979
37726
38434
39176
39864
40573
41155
41748
42449
43130
43854
44578
45261
45947
46634
47360
48062
48717
49403
50108
50803
51485
52253
52844
53559
54264
54862
55495
56104
56820
57554
58146
58716
59414
60126
60694
61324
61881
62607
63313
63954
64605
65207
65850
66477
67062
67401
0
TO:V,FS:2,FT:5,PC:88
0
353
1118
1960
2785
3579
4111
4873
5725
6546
7317
8160
8944
9613
10421
11252
11935
12676
13411
14225
15085
15945
16560
17289
18017
18748
19566
20253
21085
21800
22447
23171
23982
24775
25617
26173
27016
27863
28726
29360
30122
30969
31758
32592
33451
34295
35013
35860
36653
37497
38315
39184
39972
40803
41418
42240
43015
43875
44699
45565
46337
47176
48037
48799
49631
50460
51272
52074
52844
53690
54488
55147
55886
56677
57487
58217
58935
59758
60514
61190
61808
62657
63485
64252
64913
65666
66391
67120
67401
0
