The 7 Habits Of Highly Effective People
LH:436349,BH:55064,MH:680445
TO:V,FS:0,FT:0,PC:44
0
705
1819
2992
4420
5760
6884
8084
9684
11119
12562
13903
15091
16270
17526
18713
20022
21277
22541
23917
25060
26540
27748
29200
30598
31767
32907
34157
35155
36589
38085
39196
40449
41696
43147
44471
45647
46791
47996
49200
50596
52077
53453
54622
55064
0
TO:V,FS:0,FT:1,PC:44
0
705
1700
2877
4308
5640
6867
7959
9499
10930
12358
13563
14797
16146
17337
18371
19773
21151
22437
23695
24707
26207
27560
28757
30106
31287
32526
33528
34686
35849
37317
38590
39776
41156
42479
43823
45150
46392
47596
48654
50052
51477
52854
54089
55064
0
TO:V,FS:0,FT:2,PC:52
0
576
1528
2491
3675
4861
5995
6973
7995
9252
10535
11726
12744
13948
14900
16063
17040
18082
19222
20410
21346
22524
23614
24481
25596
26785
27849
29022
30213
31224
32284
33142
34238
35155
36388
37594
38640
39654
40667
41726
42867
44081
45088
46247
47218
48288
49379
50591
51674
52895
53973
55020
55064
0
TO:V,FS:0,FT:3,PC:44
0
720
1823
2992
4371
5643
6867
7959
9499
10994
12423
13628
14920
16213
17411
18513
19842
21207
22500
23712
24747
26278
27580
28852
30219
31384
32603
33770
34917
36150
37554
38823
40082
41292
42734
44092
45274
46494
47778
48782
50232
51655
53046
54318
55064
0
TO:V,FS:0,FT:4,PC:50
0
585
1595
2608
3785
5002
6136
7176
8300
9605
10799
12033
13064
14214
15290
16426
17518
18513
19746
20926
21990
23081
24127
25054
26286
27536
28655
29817
30948
32107
33041
34187
35075
36231
37477
38583
39682
40828
41930
43140
44389
45405
46494
47586
48578
49858
51023
52253
53453
54503
55064
0
TO:V,FS:0,FT:5,PC:46
0
705
1700
2812
4187
5496
6690
7768
9075
10504
11848
13032
14275
15411
16544
17722
18938
20208
21346
22541
23808
24747
26204
27549
28757
30051
31224
32343
33284
34449
35586
36967
38260
39391
40621
41793
43086
44352
45479
46572
47823
48968
50335
51641
52967
54133
55064
0
TO:V,FS:1,FT:0,PC:58
0
513
1267
2152
3039
4086
5125
6079
6938
7837
8965
10021
11063
12146
13040
14081
14920
15936
16797
17702
18554
19642
20688
21598
22541
23487
24304
25205
26286
27324
28263
29361
30395
31321
32284
33098
34022
34850
35786
36884
37981
38840
39882
40868
41793
42867
43889
44956
45921
46764
47790
48654
49706
50735
51781
52862
53836
54736
55064
0
TO:V,FS:1,FT:1,PC:58
0
513
1267
2196
3154
4237
5238
6233
7090
7984
9118
10140
11226
12349
13223
14214
15123
16159
17034
17891
18806
19842
20874
21782
22699
23629
24474
25407
26397
27536
28475
29561
30606
31511
32509
33159
34221
35075
36086
37178
38200
39136
40145
41145
42084
43140
44221
45194
46152
46994
47868
48852
49899
50920
51995
53069
54012
54916
55064
0
TO:V,FS:1,FT:2,PC:67
0
414
1177
1839
2574
3422
4334
5215
6079
6884
7743
8542
9499
10421
11348
12266
13032
13924
14715
15546
16314
17200
17959
18756
19642
20531
21325
22273
23076
23904
24607
25397
26315
27196
27971
28852
29776
30727
31511
32387
33041
33800
34498
35193
36081
37023
37967
38754
39533
40325
41236
41978
42807
43694
44682
45396
46183
46930
47768
48514
49350
50242
51157
52036
52938
53789
54565
55064
0
TO:V,FS:1,FT:3,PC:58
0
470
1267
2196
3100
4136
5125
6079
6938
7837
9024
10094
11172
12250
13231
14201
15074
16159
17034
17959
18931
19962
20979
21891
22909
23808
24621
25654
26694
27691
28793
29868
30931
31780
32701
33565
34449
35357
36382
37477
38401
39342
40280
41275
42270
43288
44393
45248
46183
47056
47912
48852
49911
50920
51995
53119
54063
54916
55064
0
TO:V,FS:1,FT:4,PC:64
0
459
1250
2075
2842
3785
4733
5626
6535
7278
8084
9118
10094
11049
11966
12787
13731
14637
15411
16270
17195
18052
18880
19784
20663
21480
22412
23206
24060
24747
25693
26640
27580
28409
29296
30152
30998
31912
32720
33435
34238
35075
35964
36950
37920
38742
39579
40420
41275
42104
43022
43927
44939
45748
46511
47463
48243
49142
50021
50915
51838
52772
53699
54509
55064
0
TO:V,FS:1,FT:5,PC:59
0
513
1267
2152
3028
3968
4978
5925
6774
7648
8571
9656
10691
11721
12681
13719
14659
15525
16409
17349
18099
19208
20161
21164
22130
23028
23957
24694
25703
26723
27691
28793
29817
30884
31767
32644
33347
34238
35075
35981
37070
38183
38991
40022
40972
41894
42952
43987
44956
45916
46764
47740
48565
49531
50560
51574
52614
53657
54531
55064
0
TO:V,FS:2,FT:0,PC:71
0
362
1093
1744
2475
3317
4142
5002
5760
6568
7216
7918
8846
9768
10637
11460
12298
13052
13864
14678
15358
16221
16928
17697
18417
19265
20046
20895
21591
22459
23158
23948
24621
25437
26315
27146
27908
28785
29510
30293
31057
31871
32584
33207
34046
34736
35420
36319
37202
38097
38790
39523
40312
41063
41779
42598
43426
44308
45088
45880
46511
47368
48036
48837
49695
50451
51240
52105
52938
53789
54509
55064
0
TO:V,FS:2,FT:1,PC:73
0
362
1051
1681
2350
3148
3964
4777
5569
6313
6973
7740
8506
9448
10275
11112
11925
12625
13434
14262
14970
15748
16518
17349
18082
18842
19628
20399
21164
21944
22635
23419
24167
24747
25583
26392
27236
27951
28831
29510
30293
30998
31780
32526
33142
33916
34560
35254
36106
36999
37870
38561
39307
40064
40818
41479
42313
43132
43927
44814
45483
46259
46976
47795
48453
49232
50021
50813
51617
52454
53278
54022
54665
55064
0
TO:V,FS:2,FT:2,PC:88
0
293
880
1412
2091
2661
3345
4028
4720
5399
6079
6767
7278
7837
8538
9252
9887
10535
11184
11843
12522
13064
13776
14438
14965
15629
16270
16928
17526
18099
18756
19438
20138
20847
21389
22067
22593
23249
23853
24345
24910
25624
26315
27008
27674
28304
28954
29547
30197
30875
31445
32074
32625
33142
33794
34366
35039
35586
36264
36970
37633
38200
38823
39428
40064
40705
41292
41930
42585
43258
43927
44610
45175
45817
46410
46958
47568
48148
48740
49423
50092
50761
51417
52092
52723
53387
53997
54522
55064
0
TO:V,FS:2,FT:3,PC:72
0
362
1055
1681
2350
3148
4015
4823
5626
6448
7090
7837
8702
9596
10468
11300
12178
12883
13731
14559
15231
16083
16797
17565
18239
19090
19842
20670
21394
22254
22932
23712
24345
25037
25888
26723
27560
28263
29050
29817
30642
31368
32145
32907
33528
34238
34954
35659
36503
37360
38183
38840
39667
40420
41236
41930
42728
43517
44362
45088
45843
46511
47323
48036
48794
49658
50506
51334
52153
52982
53789
54478
55064
0
TO:V,FS:2,FT:4,PC:83
0
362
1038
1630
2213
2916
3660
4351
5101
5767
6448
7015
7689
8296
9066
9797
10504
11216
11925
12579
13302
14013
14715
15353
16058
16660
17349
18000
18629
19318
20043
20758
21346
22076
22679
23367
24011
24621
25311
26008
26766
27449
28043
28769
29416
30092
30798
31395
32067
32666
33159
33864
34438
35075
35752
36482
37228
37988
38590
39216
39896
40535
41251
41855
42540
43288
44063
44769
45379
46053
46622
47323
47901
48578
49311
50004
50676
51374
52121
52828
53531
54146
54677
55064
0
TO:V,FS:2,FT:5,PC:73
0
362
1093
1744
2475
3317
4097
4946
5714
6488
7123
7837
8702
9592
10430
11286
12146
12872
13690
14504
15160
15971
16713
17510
18195
19047
19842
20699
21346
22205
22924
23673
24304
25037
25934
26766
27624
28337
29127
29905
30712
31458
32237
32907
33546
34282
35039
35740
36614
37470
38245
38930
39776
40582
41275
42015
42849
43691
44524
45248
46017
46647
47417
48065
48789
49589
50364
51157
51925
52763
53588
54275
54907
55064
0
