The 7 Habits Of Highly Effective People
LH:491450,BH:51046,MH:680445
TO:V,FS:0,FT:0,PC:40
0
802
2238
3611
4946
6335
7539
8947
10270
11640
12984
14298
15717
16944
18217
19205
20672
22080
23347
24753
26174
27480
28953
30291
31654
32814
34032
35442
36715
38278
39332
40763
42209
43487
44809
46273
47479
48991
49979
50930
51046
0
TO:V,FS:0,FT:1,PC:40
0
855
2238
3643
5011
6366
7598
9006
10287
11790
13124
14371
15886
17061
18332
19330
20672
22028
23258
24634
25993
27246
28642
30050
31508
32686
33848
35250
36512
37976
39179
40352
41826
43090
44418
45823
47073
48500
49910
50662
51046
0
TO:V,FS:0,FT:2,PC:47
0
646
1814
3043
4223
5429
6568
7644
8855
10068
11119
12365
13508
14532
15767
16789
17795
18758
19754
20907
22028
23072
24304
25397
26569
27650
28811
30033
31118
32288
33276
34422
35642
36715
37976
39162
40039
41227
42316
43362
44449
45635
46801
47840
48982
49977
50587
51046
0
TO:V,FS:0,FT:3,PC:40
0
742
2238
3606
4959
6366
7662
9130
10414
11922
13302
14495
15950
17124
18405
19393
20672
22028
23267
24634
26057
27360
28832
30109
31508
32677
33724
35250
36570
37976
39179
40352
41826
43097
44361
45762
47020
48437
49790
50542
51046
0
TO:V,FS:0,FT:4,PC:45
0
742
2011
3256
4481
5685
6850
7980
9212
10341
11628
12803
13995
15126
16239
17239
18509
19312
20567
21737
22826
24135
25353
26539
27691
28967
30101
31282
32457
33578
34793
36010
37172
38368
39307
40511
41730
42772
43916
45167
46383
47479
48739
49930
50637
51046
0
TO:V,FS:0,FT:5,PC:42
0
802
2120
3449
4671
5928
7208
8359
9646
10804
12194
13459
14658
16058
17124
18332
19205
20515
21749
22939
24311
25576
26954
28118
29487
30626
31957
33058
34252
35584
36841
38325
39332
40704
42099
43249
44526
45823
47020
48313
49557
50338
51046
0
TO:V,FS:1,FT:0,PC:52
0
594
1696
2785
3801
4864
5892
6895
7879
8932
9949
10848
11911
12900
13878
14804
15817
16725
17569
18636
19417
20458
21467
22416
23441
24469
25498
26525
27507
28542
29644
30579
31601
32604
33476
34438
35531
36550
37604
38616
39460
40511
41522
42557
43525
44508
45554
46629
47575
48650
49668
50313
51046
0
TO:V,FS:1,FT:1,PC:52
0
594
1696
2785
3801
4864
5941
6936
7929
8947
10001
10954
12055
13045
14053
15019
16064
16880
17836
18758
19647
20672
21737
22684
23705
24753
25808
26887
27881
28953
30033
31001
32005
32949
33816
34870
35959
36954
38027
39036
39865
40939
41934
42875
43841
44902
45975
47003
48041
49083
49977
50633
51046
0
TO:V,FS:1,FT:2,PC:61
0
449
1283
2178
3035
3892
4804
5685
6553
7407
8246
9130
10068
10830
11765
12613
13525
14298
15157
16048
16789
17561
18473
18983
19860
20794
21671
22531
23387
24321
25225
26115
26966
27873
28777
29728
30512
31430
32277
33047
33751
34671
35563
36450
37301
38187
39064
39703
40611
41556
42425
43211
44005
44889
45762
46671
47479
48405
49352
49979
50624
51046
0
TO:V,FS:1,FT:3,PC:52
0
570
1592
2690
3763
4756
5795
6745
7698
8746
9805
10748
11810
12803
13837
14848
15914
16789
17674
18653
19471
20507
21490
22465
23499
24581
25591
26620
27590
28696
29782
30683
31690
32686
33578
34587
35692
36656
37729
38717
39524
40569
41674
42706
43595
44751
45817
46882
47786
48840
49825
50450
51046
0
TO:V,FS:1,FT:4,PC:58
0
534
1422
2359
3304
4249
5181
6056
6961
7775
8725
9634
10471
11449
12365
13251
14096
14925
15846
16667
17415
18349
18962
19843
20794
21749
22623
23560
24469
25397
26312
27191
28171
29112
30033
30929
31833
32616
33416
34252
35250
36187
37083
38060
39015
39785
40750
41674
42648
43405
44230
45157
46073
47003
47924
48865
49797
50379
51046
0
TO:V,FS:1,FT:5,PC:53
0
594
1644
2730
3786
4756
5791
6795
7723
8792
9799
10640
11669
12698
13714
14551
15594
16462
17340
18390
19083
20110
21142
22127
23110
24126
25092
26115
27101
28118
29163
30101
31164
32128
33095
33969
35043
36099
37058
38068
39036
39862
40922
41934
42818
43689
44699
45754
46723
47631
48685
49716
50361
51046
0
TO:V,FS:2,FT:0,PC:65
0
444
1205
2076
2919
3759
4580
5413
6236
7055
7775
8642
9449
10270
11094
11966
12739
13563
14298
15061
15886
16620
17313
18129
18758
19460
20290
21155
21966
22757
23604
24425
25172
26016
26866
27638
28507
29374
30138
30972
31783
32498
33175
33912
34782
35681
36543
37320
38220
39110
39785
40656
41498
42370
43076
43794
44671
45481
46332
47063
47924
48777
49614
50181
50877
51046
0
TO:V,FS:2,FT:1,PC:66
0
395
1160
2036
2873
3710
4492
5318
6104
6870
7609
8425
9212
10068
10783
11622
12459
13207
13967
14715
15583
16272
17049
17707
18563
19092
19843
20672
21535
22338
23110
23953
24742
25571
26403
27191
28042
28867
29677
30420
31282
32041
32746
33462
34192
35021
35859
36601
37447
38368
39179
39879
40708
41544
42374
43033
43750
44631
45402
46247
47020
47880
48685
49493
50017
50740
51046
0
TO:V,FS:2,FT:2,PC:81
0
349
1012
1633
2346
3023
3725
4395
5049
5727
6366
7055
7635
8290
8947
9630
10270
10889
11578
12279
12905
13563
14185
14768
15466
16170
16789
17388
18036
18636
19055
19719
20413
21053
21740
22338
22951
23629
24286
24941
25557
26222
26866
27469
28126
28764
29433
30050
30709
31378
32024
32604
33158
33751
34438
35149
35806
36450
37110
37773
38477
39110
39599
40271
40984
41655
42319
42875
43525
44136
44822
45478
46162
46786
47342
48082
48774
49444
49977
50388
50934
51046
0
TO:V,FS:2,FT:3,PC:66
0
395
1220
2036
2830
3671
4484
5278
6109
6918
7616
8425
9260
10068
10783
11622
12471
13256
14013
14768
15594
16277
17065
17707
18600
19095
19843
20672
21538
22338
23110
23953
24753
25579
26407
27191
28042
28867
29717
30455
31282
32032
32698
33416
34148
34967
35817
36601
37447
38314
39154
39797
40611
41407
42244
42991
43676
44518
45332
46162
46988
47710
48545
49383
49979
50614
51046
0
TO:V,FS:2,FT:4,PC:76
0
349
1061
1796
2535
3210
3933
4650
5327
6005
6693
7407
8060
8750
9422
10151
10751
11468
12173
12853
13563
14211
14866
15583
16187
16880
17492
18225
18758
19363
20086
20794
21490
22121
22766
23441
24160
24874
25546
26222
26950
27590
28306
29035
29803
30434
31156
31833
32457
33078
33709
34412
35158
35859
36567
37250
37956
38616
39206
39942
40635
41334
42023
42706
43362
44013
44699
45433
46132
46809
47479
48225
48928
49638
50017
50633
51046
0
TO:V,FS:2,FT:5,PC:66
0
435
1147
2028
2824
3624
4406
5270
6056
6870
7598
8459
9271
10116
10822
11640
12432
13207
13967
14715
15536
16230
17049
17696
18533
19034
19843
20672
21535
22338
23110
23918
24694
25523
26349
27092
27849
28682
29544
30260
31095
31884
32604
33276
34007
34870
35772
36601
37447
38310
39151
39785
40611
41450
42240
42978
43628
44444
45241
46059
46871
47572
48437
49286
49977
50534
51046
0
