The 7 Habits Of Highly Effective People
LH:542588,BH:44475,MH:680445
TO:V,FS:0,FT:0,PC:34
0
625
1498
2939
4221
5485
6923
8209
9694
11066
12290
13667
14869
16229
17691
19077
20503
21892
23156
24573
26036
27387
28820
30089
31414
32700
34088
35562
36862
38312
39693
40951
42269
43424
44475
0
TO:V,FS:0,FT:1,PC:35
0
625
1433
2939
4221
5485
6923
8189
9569
10956
12177
13534
14741
16139
17449
18843
20258
21690
23077
24430
25805
27254
28495
29835
31016
32431
33581
35001
36457
37711
39214
40547
41819
43182
44243
44475
0
TO:V,FS:0,FT:2,PC:40
0
554
1342
2311
3373
4485
5620
6792
7927
9022
10171
11322
12405
13623
14732
15893
17071
18257
19457
20718
21938
23049
24249
25458
26657
27865
28951
30089
31123
32296
33332
34540
35672
36801
37982
39221
40391
41620
42713
43684
44475
0
TO:V,FS:0,FT:3,PC:35
0
616
1433
2939
4283
5485
6923
8189
9579
10956
12219
13590
14741
16139
17507
18902
20316
21690
23027
24433
25805
27254
28577
29852
31134
32568
33768
35163
36646
37957
39348
40665
41947
43320
44319
44475
0
TO:V,FS:0,FT:4,PC:39
0
625
1369
2684
3819
5014
6222
7478
8615
9873
11039
12166
13348
14501
15685
16887
18175
19432
20653
21920
23097
24284
25480
26708
27957
29113
30190
31282
32568
33636
34888
36157
37292
38610
39897
41120
42309
43422
44409
44475
0
TO:V,FS:0,FT:5,PC:36
0
625
1428
2815
4039
5309
6498
7896
9106
10395
11643
12899
14220
15417
16731
18034
19356
20677
21998
23156
24511
25850
27230
28495
29835
30999
32314
33416
34779
36103
37357
38724
40088
41313
42491
43538
44475
0
TO:V,FS:1,FT:0,PC:45
0
482
1280
2130
3132
4221
5214
6237
7339
8262
9368
10379
11339
12393
13498
14428
15399
16375
17486
18548
19621
20703
21690
22762
23825
24884
25906
26989
28098
28998
29907
30985
31880
32834
33788
34832
35919
36889
37982
39056
40143
41166
42134
43168
43985
44475
0
TO:V,FS:1,FT:1,PC:45
0
482
1280
2109
3101
4189
5218
6247
7339
8310
9419
10434
11391
12443
13551
14445
15471
16477
17581
18655
19776
20859
21912
22955
24013
25070
26118
27201
28225
29203
30089
31016
32081
33034
34046
35079
36157
37133
38211
39288
40337
41437
42405
43422
44264
44475
0
TO:V,FS:1,FT:2,PC:52
0
404
1148
1819
2733
3557
4379
5299
6166
7025
7927
8746
9622
10416
11322
12177
13083
13968
14760
15704
16560
17436
18359
19262
20172
21098
21989
22847
23766
24677
25629
26491
27387
28366
29221
29959
30881
31662
32550
33317
34125
35020
35948
36745
37637
38581
39515
40380
41342
42134
43037
43732
44475
0
TO:V,FS:1,FT:3,PC:45
0
456
1243
2075
3101
4134
5125
6110
7252
8209
9307
10329
11339
12393
13456
14428
15399
16375
17436
18461
19534
20555
21628
22558
23572
24677
25684
26759
27779
28761
29835
30785
31727
32736
33689
34762
35818
36745
37848
38967
40058
41064
42092
43119
43915
44475
0
TO:V,FS:1,FT:4,PC:50
0
451
1238
1995
2935
3835
4705
5600
6542
7505
8343
9284
10171
11090
11931
12860
13776
14610
15551
16456
17436
18359
19302
20293
21197
22074
23013
23953
24912
25834
26807
27715
28577
29499
30316
31208
32127
32966
33837
34779
35715
36661
37578
38510
39424
40324
41236
42092
43062
43772
44475
0
TO:V,FS:1,FT:5,PC:46
0
482
1243
2079
3101
4079
5066
6008
7089
7993
9062
10126
11126
12095
13047
14016
14906
15975
16940
18001
18955
20033
21009
22035
23013
24063
25113
26118
27194
28225
29196
30089
31016
32081
33018
33993
35028
36103
37080
38164
39262
40182
41214
42184
43119
43929
44475
0
TO:V,FS:2,FT:0,PC:56
0
368
1033
1697
2541
3318
4116
4884
5696
6534
7412
8127
8976
9847
10628
11339
12219
13014
13823
14540
15366
16200
17107
17950
18745
19617
20436
21197
22074
22884
23751
24601
25462
26305
27194
28055
28785
29637
30368
31145
32010
32741
33504
34352
35163
36047
36834
37637
38510
39288
40155
40893
41764
42539
43360
43985
44475
0
TO:V,FS:2,FT:1,PC:57
0
368
1033
1697
2497
3269
4068
4843
5600
6409
7284
7983
8843
9689
10462
11312
12021
12819
13627
14428
15166
15989
16781
17654
18445
19254
20162
20961
21738
22540
23349
24181
25000
25787
26669
27436
28298
29033
29835
30601
31389
32215
32911
33669
34529
35304
36103
36878
37637
38510
39288
40107
40852
41672
42405
43234
43849
44475
0
TO:V,FS:2,FT:2,PC:70
0
276
851
1342
1935
2600
3219
3904
4517
5197
5812
6507
7191
7819
8380
9065
9766
10400
11077
11643
12290
12976
13645
14286
14811
15501
16200
16853
17550
18221
18868
19523
20199
20868
21585
22202
22854
23545
24235
24929
25600
26275
26925
27607
28288
28934
29627
30176
30871
31414
32067
32620
33266
33869
34540
35163
35844
36517
37111
37768
38472
39141
39847
40465
41166
41819
42465
43119
43684
44256
44475
0
TO:V,FS:2,FT:3,PC:57
0
368
1033
1697
2500
3269
4124
4892
5696
6503
7333
8081
8887
9745
10462
11276
12021
12841
13645
14428
15170
16000
16781
17617
18406
19213
20075
20917
21690
22500
23308
24139
24961
25787
26622
27440
28266
29079
29835
30656
31389
32172
32899
33622
34449
35259
36103
36878
37685
38519
39373
40182
40998
41819
42629
43422
44071
44475
0
TO:V,FS:2,FT:4,PC:66
0
346
906
1486
2209
2903
3583
4296
4997
5702
6384
7120
7819
8448
9153
9886
10554
11227
11815
12525
13218
13890
14527
15220
15953
16625
17347
18091
18814
19539
20266
20949
21690
22376
23081
23766
24464
25173
25895
26635
27343
28074
28739
29451
30063
30785
31406
32081
32697
33416
34121
34818
35547
36263
36930
37676
38409
39117
39794
40504
41228
41899
42571
43291
43822
44448
44475
0
TO:V,FS:2,FT:5,PC:57
0
368
1033
1741
2579
3364
4157
4929
5726
6571
7457
8165
9025
9886
10672
11382
12263
13056
13868
14564
15417
16200
17046
17859
18641
19468
20293
21091
21920
22658
23525
24367
25200
26036
26884
27702
28495
29320
30038
30875
31637
32473
33179
33958
34770
35602
36437
37252
38058
38913
39726
40465
41265
42092
42891
43582
44319
44475
0
