The 7 Habits Of Highly Effective People
LH:610424,BH:20388,MH:679346
TO:V,FS:0,FT:0,PC:21
0
652
1820
2707
3722
4729
5731
6683
7672
8685
9704
10601
11694
12881
13908
14948
16032
17011
18020
19013
20110
20388
0
TO:V,FS:0,FT:1,PC:21
0
599
1766
2664
3703
4729
5731
6683
7660
8685
9704
10546
11637
12796
13881
14731
15818
16873
17821
18760
19853
20388
0
TO:V,FS:0,FT:2,PC:25
0
497
1482
2211
3080
3903
4716
5516
6317
7135
7969
8775
9582
10411
11197
12027
13031
13881
14613
15526
16290
17153
18020
18802
19751
20388
0
TO:V,FS:0,FT:3,PC:21
0
662
1781
2664
3703
4677
5731
6727
7721
8783
9760
10601
11703
12829
13881
14731
15818
16830
17717
18667
19751
20388
0
TO:V,FS:0,FT:4,PC:24
0
548
1624
2455
3345
4279
5145
6021
6883
7777
8685
9600
10411
11192
12131
13186
13953
14872
15818
16765
17589
18518
19459
20295
20388
0
TO:V,FS:0,FT:5,PC:22
0
599
1722
2525
3500
4454
5404
6360
7280
8235
9082
10219
11103
12147
13291
14158
15187
16181
17011
18004
18866
19853
20388
0
TO:V,FS:1,FT:0,PC:28
0
476
1219
2007
2733
3500
4251
4998
5744
6463
7168
7907
8659
9352
10187
10805
11605
12503
13363
14043
14821
15708
16461
17231
18020
18754
19629
20339
20388
0
TO:V,FS:1,FT:1,PC:28
0
435
1219
1967
2664
3418
4183
4921
5665
6389
7064
7808
8556
9220
10048
10682
11515
12363
13200
13908
14668
15502
16267
17011
17759
18498
19280
20079
20388
0
TO:V,FS:1,FT:2,PC:34
0
334
975
1687
2220
2820
3410
3977
4588
5182
5763
6360
6915
7501
8088
8685
9255
9939
10438
11048
11681
12369
13091
13865
14331
14933
15629
16214
16853
17406
18020
18612
19289
19942
20388
0
TO:V,FS:1,FT:3,PC:28
0
390
1128
1921
2638
3387
4125
4855
5545
6242
6924
7646
8401
9082
9898
10526
11328
12084
12928
13855
14464
15200
15950
16721
17409
18150
18930
19751
20388
0
TO:V,FS:1,FT:4,PC:33
0
384
1099
1836
2444
3065
3696
4317
4902
5512
6123
6699
7321
7918
8531
9082
9817
10411
10989
11630
12388
13132
13881
14466
15134
15797
16402
17089
17771
18414
19078
19751
20360
20388
0
TO:V,FS:1,FT:5,PC:28
0
476
1219
2007
2733
3489
4236
4946
5640
6364
7064
7796
8517
9170
10003
10637
11473
12340
13200
13953
14731
15592
16290
17059
17841
18612
19436
20158
20388
0
TO:V,FS:2,FT:0,PC:37
0
334
959
1581
2110
2649
3205
3740
4279
4818
5340
5867
6378
6883
7413
7953
8478
8999
9632
10273
10745
11372
11982
12645
13350
13881
14422
15002
15655
16214
16830
17399
18020
18612
19235
19833
20353
20388
0
TO:V,FS:2,FT:1,PC:36
0
334
975
1666
2171
2714
3255
3801
4352
4875
5383
5907
6436
6946
7501
8039
8540
9045
9650
10315
10788
11418
12022
12684
13399
13908
14534
15134
15708
16290
16918
17485
18106
18705
19344
19892
20388
0
TO:V,FS:2,FT:2,PC:45
0
225
714
1233
1766
2148
2572
3020
3472
3895
4338
4764
5165
5575
6002
6428
6844
7264
7698
8147
8585
8999
9528
9990
10438
10945
11454
11913
12469
13017
13615
13991
14545
15023
15561
15994
16430
16918
17357
17869
18323
18812
19325
19829
20271
20388
0
TO:V,FS:2,FT:3,PC:36
0
291
903
1552
2075
2638
3196
3761
4303
4844
5356
5912
6467
6978
7523
8088
8642
9118
9820
10411
10902
11515
12188
12877
13615
14076
14704
15317
15860
16441
17053
17637
18221
18829
19508
20093
20388
0
TO:V,FS:2,FT:4,PC:42
0
286
819
1342
1921
2371
2817
3303
3770
4251
4720
5165
5635
6087
6533
6965
7413
7880
8317
8762
9223
9785
10334
10712
11264
11737
12330
12901
13519
13953
14514
15053
15616
16119
16632
17111
17610
18130
18612
19166
19719
20197
20388
0
TO:V,FS:2,FT:5,PC:36
0
334
975
1624
2171
2727
3287
3858
4392
4963
5496
6039
6567
7100
7657
8204
8754
9320
9955
10473
11089
11672
12334
12995
13689
14195
14807
15483
16086
16678
17246
17821
18399
18996
19675
20197
20388
0
