The 7 Habits Of Highly Effective People
LH:587063,BH:24453,MH:680445
TO:V,FS:0,FT:0,PC:18
0
892
2315
3656
5009
6416
7798
9246
10679
12119
13449
14842
16331
17685
19171
20411
21800
23045
24453
0
TO:V,FS:0,FT:1,PC:18
0
1016
2385
3775
5165
6596
7962
9382
10866
12246
13573
14960
16391
17762
19180
20495
21857
23169
24453
0
TO:V,FS:0,FT:2,PC:21
0
701
1862
3077
4235
5382
6619
7789
8996
10246
11502
12683
13782
15011
16207
17400
18600
19722
20919
22131
23274
24453
0
TO:V,FS:0,FT:3,PC:18
0
896
2272
3605
4933
6416
7801
9324
10866
12338
13642
15034
16529
17817
19180
20434
21857
23238
24453
0
TO:V,FS:0,FT:4,PC:21
0
807
1971
3261
4452
5649
6864
8153
9411
10661
11932
13122
14394
15652
16938
18172
19350
20543
21765
22957
24216
24453
0
TO:V,FS:0,FT:5,PC:19
0
833
2192
3469
4799
6163
7472
8879
10128
11525
12867
14061
15488
16907
18204
19543
20689
22072
23281
24453
0
TO:V,FS:1,FT:0,PC:24
0
645
1713
2695
3775
4778
5815
6913
7982
9042
10115
11216
12286
13311
14339
15409
16515
17598
18702
19714
20726
21816
22852
23897
24453
0
TO:V,FS:1,FT:1,PC:24
0
645
1713
2749
3792
4840
5867
6966
8038
9101
10216
11312
12385
13384
14490
15554
16662
17758
18811
19888
20877
21968
22957
24016
24453
0
TO:V,FS:1,FT:2,PC:28
0
441
1401
2306
3191
4135
5018
5907
6809
7733
8628
9508
10425
11336
12264
13122
14011
14878
15790
16714
17631
18537
19397
20227
21142
22061
22938
23817
24453
0
TO:V,FS:1,FT:3,PC:24
0
645
1673
2695
3775
4799
5763
6864
7938
9053
10115
11216
12286
13280
14342
15467
16574
17607
18651
19605
20615
21712
22758
23859
24453
0
TO:V,FS:1,FT:4,PC:27
0
600
1500
2454
3412
4357
5241
6190
7127
8064
9029
9961
10933
11927
12856
13774
14727
15652
16620
17576
18526
19440
20315
21260
22200
23076
24061
24453
0
TO:V,FS:1,FT:5,PC:25
0
645
1660
2624
3614
4601
5617
6692
7665
8735
9708
10815
11882
12955
13927
14983
16015
17058
18105
19151
20138
21084
22061
23041
24118
24453
0
TO:V,FS:2,FT:0,PC:30
0
441
1336
2143
2966
3792
4623
5451
6326
7178
8018
8892
9731
10594
11465
12286
13122
13987
14828
15699
16578
17445
18293
19155
19975
20694
21538
22423
23213
24107
24453
0
TO:V,FS:2,FT:1,PC:31
0
441
1336
2143
2966
3792
4579
5360
6235
7036
7850
8713
9508
10368
11245
12048
12905
13699
14513
15353
16221
17058
17896
18729
19528
20268
21079
21900
22706
23481
24354
24453
0
TO:V,FS:2,FT:2,PC:38
0
345
1000
1626
2272
2951
3614
4263
4915
5589
6280
6937
7630
8310
8979
9635
10344
11037
11739
12402
13032
13699
14373
15074
15768
16484
17144
17817
18491
19119
19722
20391
21017
21693
22361
22988
23694
24393
24453
0
TO:V,FS:2,FT:3,PC:30
0
441
1346
2156
3021
3842
4672
5498
6342
7178
8000
8864
9685
10572
11427
12286
13122
13955
14769
15579
16421
17252
18085
18895
19705
20543
21364
22156
22957
23859
24453
0
TO:V,FS:2,FT:4,PC:35
0
396
1092
1826
2513
3216
3901
4608
5307
6041
6730
7450
8184
8892
9591
10336
11064
11737
12438
13157
13840
14569
15296
16004
16702
17438
18163
18874
19565
20220
20908
21607
22320
22988
23761
24453
0
TO:V,FS:2,FT:5,PC:30
0
441
1336
2143
2966
3792
4623
5392
6235
7083
7933
8804
9639
10505
11336
12176
12989
13814
14637
15438
16267
17160
17938
18801
19605
20407
21175
21997
22842
23651
24453
0
