The 7 Habits Of Highly Effective People
LH:611516,BH:20388,MH:680445
TO:V,FS:0,FT:0,PC:17
0
800
2007
3391
4748
6021
7287
8646
9898
11028
12344
13881
14972
16290
17507
18769
20110
20388
0
TO:V,FS:0,FT:1,PC:17
0
811
2007
3391
4748
6021
7230
8540
9837
10970
12232
13804
14731
16119
17357
18612
19917
20388
0
TO:V,FS:0,FT:2,PC:20
0
685
1894
2886
3989
5104
6210
7264
8340
9376
10411
11372
12562
13881
14731
15873
16873
17887
18812
19911
20388
0
TO:V,FS:0,FT:3,PC:17
0
815
2007
3345
4701
5976
7258
8614
9843
10906
12182
13677
14731
16119
17357
18612
19853
20388
0
TO:V,FS:0,FT:4,PC:19
0
740
1921
3030
4157
5247
6324
7375
8478
9560
10546
11737
13042
14057
15252
16290
17357
18460
19645
20388
0
TO:V,FS:0,FT:5,PC:18
0
800
1980
3223
4532
5763
6936
8204
9329
10438
11647
13027
14137
15494
16647
17745
18946
20167
20388
0
TO:V,FS:1,FT:0,PC:22
0
599
1722
2525
3500
4454
5397
6296
7185
8153
8999
10058
10906
11893
12984
13953
14984
15976
16873
17803
18705
19751
20388
0
TO:V,FS:1,FT:1,PC:22
0
599
1722
2525
3500
4454
5397
6364
7280
8235
9082
10215
11048
12094
13291
14109
15134
16139
17011
17968
18812
19853
20388
0
TO:V,FS:1,FT:2,PC:26
0
497
1440
2167
2987
3801
4613
5432
6242
7040
7832
8624
9386
10306
10986
11786
12707
13663
14276
15131
15950
16765
17441
18245
19082
19950
20388
0
TO:V,FS:1,FT:3,PC:22
0
548
1618
2431
3410
4367
5340
6279
7185
8153
9082
10219
11028
12037
13150
13998
15002
16032
16928
17821
18705
19807
20388
0
TO:V,FS:1,FT:4,PC:25
0
497
1383
2207
3048
3895
4701
5505
6317
7100
7932
8805
9650
10438
11372
12320
13310
14043
14914
15818
16689
17441
18318
19198
20079
20388
0
TO:V,FS:1,FT:5,PC:23
0
593
1710
2525
3500
4454
5356
6242
7135
8108
8999
10007
10843
11843
12881
13881
14668
15680
16549
17441
18396
19360
20251
20388
0
TO:V,FS:2,FT:0,PC:28
0
476
1219
2007
2733
3500
4251
4998
5744
6463
7168
7907
8659
9352
10187
10805
11605
12503
13363
14043
14821
15708
16461
17231
18020
18754
19629
20339
20388
0
TO:V,FS:2,FT:1,PC:28
0
476
1259
2007
2733
3500
4251
4998
5744
6463
7135
7895
8636
9305
10140
10777
11605
12458
13310
13953
14731
15629
16337
17100
17848
18586
19366
20110
20388
0
TO:V,FS:2,FT:2,PC:34
0
390
1027
1722
2254
2859
3447
4016
4625
5221
5799
6397
6946
7523
8126
8722
9302
9955
10487
11089
11721
12420
13132
13881
14414
15016
15708
16290
16918
17485
18150
18747
19467
20110
20388
0
TO:V,FS:2,FT:3,PC:28
0
476
1222
1967
2679
3429
4168
4888
5586
6279
6965
7687
8442
9126
9946
10546
11372
12182
13017
13881
14554
15297
16035
16812
17441
18192
18974
19751
20388
0
TO:V,FS:2,FT:4,PC:32
0
456
1163
1877
2480
3099
3732
4352
4933
5545
6158
6727
7355
7953
8556
9118
9857
10438
11128
11778
12542
13337
13908
14613
15317
15934
16609
17281
17946
18612
19308
19934
20388
0
TO:V,FS:2,FT:5,PC:28
0
476
1219
2007
2733
3489
4236
4946
5640
6364
7064
7796
8517
9170
10003
10637
11473
12340
13200
13953
14731
15592
16290
17059
17841
18612
19436
20158
20388
0
