The 7 Habits Of Highly Effective People
LH:631904,BH:22268,MH:680445
TO:V,FS:0,FT:0,PC:21
0
797
1807
3015
3983
5145
6286
7466
8535
9750
10894
12024
13009
14128
15292
16383
17495
18665
19794
20763
21914
22268
0
TO:V,FS:0,FT:1,PC:21
0
741
1807
3015
3983
5150
6286
7466
8535
9740
10894
12036
13057
14183
15343
16446
17548
18665
19826
20813
21976
22268
0
TO:V,FS:0,FT:2,PC:25
0
597
1432
2339
3264
4087
5034
6016
6912
7830
8674
9656
10586
11556
12393
13344
14222
15116
15956
16905
17832
18733
19669
20489
21391
22268
0
TO:V,FS:0,FT:3,PC:21
0
741
1751
2930
3926
5107
6231
7414
8447
9593
10695
11877
12898
14077
15187
16253
17393
18517
19550
20602
21757
22268
0
TO:V,FS:0,FT:4,PC:23
0
647
1571
2606
3564
4499
5500
6489
7545
8492
9526
10558
11594
12522
13545
14545
15613
16508
17485
18494
19397
20307
21341
22268
0
TO:V,FS:0,FT:5,PC:22
0
741
1699
2855
3874
4880
5969
7102
8118
9212
10331
11437
12398
13423
14457
15584
16565
17600
18665
19741
20660
21751
22268
0
TO:V,FS:1,FT:0,PC:28
0
535
1295
2163
3037
3793
4577
5452
6277
7151
7900
8761
9618
10515
11343
12156
12982
13858
14691
15564
16334
17169
17981
18733
19615
20383
21264
22087
22268
0
TO:V,FS:1,FT:1,PC:28
0
520
1257
2103
2942
3700
4493
5316
6176
7019
7847
8692
9526
10422
11269
12156
12982
13858
14646
15469
16253
17083
17892
18665
19481
20262
21144
21948
22268
0
TO:V,FS:1,FT:2,PC:34
0
401
1099
1694
2376
3050
3717
4306
4997
5681
6358
7061
7763
8387
9094
9786
10498
11144
11866
12507
13168
13855
14499
15192
15797
16508
17200
17844
18517
19117
19789
20380
21049
21749
22268
0
TO:V,FS:1,FT:3,PC:28
0
520
1209
2053
2884
3700
4452
5278
6130
6928
7771
8538
9391
10249
11089
11933
12682
13503
14344
15155
15894
16745
17528
18364
19086
19910
20702
21583
22268
0
TO:V,FS:1,FT:4,PC:33
0
478
1121
1844
2563
3264
3926
4647
5338
6052
6751
7466
8133
8865
9560
10304
10992
11704
12336
13075
13791
14499
15261
15871
16591
17292
18000
18665
19330
19990
20688
21391
22094
22268
0
TO:V,FS:1,FT:5,PC:28
0
535
1282
2098
2934
3700
4449
5316
6169
7001
7830
8591
9427
10295
11117
11955
12730
13568
14403
15239
15972
16809
17600
18444
19177
20007
20822
21673
22268
0
TO:V,FS:2,FT:0,PC:37
0
391
1043
1652
2293
2914
3505
4060
4681
5305
5932
6554
7209
7847
8484
9132
9740
10370
10992
11649
12239
12806
13447
14095
14746
15408
15945
16591
17214
17844
18480
19012
19627
20186
20837
21458
22055
22268
0
TO:V,FS:2,FT:1,PC:37
0
391
1043
1652
2293
2945
3553
4147
4798
5407
6052
6673
7309
7900
8555
9205
9833
10486
11102
11741
12295
12921
13559
14204
14873
15493
16064
16718
17328
17960
18596
19121
19741
20307
20946
21537
22171
22268
0
TO:V,FS:2,FT:2,PC:44
0
246
783
1223
1761
2293
2828
3326
3874
4381
4902
5445
5961
6478
7025
7564
8051
8580
9111
9656
10215
10728
11243
11769
12275
12755
13279
13791
14298
14808
15343
15788
16328
16881
17393
17924
18432
18840
19353
19875
20337
20841
21352
21839
22268
0
TO:V,FS:2,FT:3,PC:36
0
309
988
1550
2202
2848
3464
4060
4743
5397
6052
6673
7309
7900
8569
9212
9872
10531
11186
11828
12412
13088
13761
14421
15101
15721
16334
16968
17589
18219
18733
19384
20002
20602
21242
21845
22268
0
TO:V,FS:2,FT:4,PC:42
0
309
890
1384
1916
2467
3013
3582
4047
4599
5184
5727
6265
6805
7377
7900
8447
9018
9585
10158
10691
11258
11833
12325
12878
13433
13978
14494
15057
15596
16133
16673
17214
17761
18303
18766
19304
19866
20320
20863
21417
21944
22268
0
TO:V,FS:2,FT:5,PC:36
0
408
1043
1652
2332
2975
3592
4171
4827
5486
6155
6820
7466
8057
8715
9358
10031
10703
11343
11977
12560
13187
13867
14499
15183
15754
16431
17111
17761
18364
18894
19531
20112
20798
21426
22019
22268
0
