The 7 Habits Of Highly Effective People
LH:660166,BH:18365,MH:680445
TO:V,FS:0,FT:0,PC:14
0
831
1707
3109
4568
5885
7414
8765
10241
11737
13336
14911
16436
17875
18365
0
TO:V,FS:0,FT:1,PC:14
0
883
1822
3291
4717
5997
7528
8896
10423
11912
13479
15094
16597
18028
18365
0
TO:V,FS:0,FT:2,PC:16
0
653
1502
2482
3672
4879
6104
7300
8513
9773
11000
12398
13642
14938
16191
17320
18365
0
TO:V,FS:0,FT:3,PC:14
0
775
1589
3054
4508
5781
7257
8645
10117
11564
13094
14608
16036
17570
18365
0
TO:V,FS:0,FT:4,PC:16
0
725
1529
2723
3983
5117
6448
7728
8989
10317
11617
13016
14314
15606
16867
18028
18365
0
TO:V,FS:0,FT:5,PC:15
0
775
1529
2863
4242
5507
6872
8180
9545
10900
12200
13655
15246
16597
17989
18365
0
TO:V,FS:1,FT:0,PC:18
0
642
1412
2237
3331
4419
5428
6547
7622
8661
9742
10848
11969
13114
14258
15400
16540
17526
18365
0
TO:V,FS:1,FT:1,PC:18
0
653
1502
2401
3495
4563
5532
6691
7776
8776
9903
11000
12166
13311
14434
15653
16758
17796
18365
0
TO:V,FS:1,FT:2,PC:21
0
524
1211
1804
2660
3578
4490
5268
6227
7155
8064
9024
9962
10900
11833
12840
13655
14735
15686
16597
17506
18365
0
TO:V,FS:1,FT:3,PC:18
0
642
1364
2137
3236
4326
5326
6448
7571
8645
9794
10863
11987
13224
14379
15552
16653
17699
18365
0
TO:V,FS:1,FT:4,PC:20
0
548
1257
1917
2871
3834
4739
5532
6591
7545
8439
9416
10501
11469
12520
13449
14434
15522
16530
17445
18365
0
TO:V,FS:1,FT:5,PC:19
0
631
1341
2084
3117
4154
5169
6240
7321
8307
9383
10494
11564
12737
13847
14991
16036
17110
18184
18365
0
TO:V,FS:2,FT:0,PC:23
0
481
1093
1575
2401
3275
4132
4879
5741
6638
7507
8292
9147
10105
10974
11831
12780
13619
14598
15475
16405
17215
18077
18365
0
TO:V,FS:2,FT:1,PC:23
0
481
1133
1621
2428
3318
4177
4912
5741
6638
7507
8292
9150
10105
10938
11831
12746
13580
14434
15431
16359
17162
17989
18365
0
TO:V,FS:2,FT:2,PC:28
0
426
960
1444
1913
2599
3296
3950
4590
5169
5888
6567
7238
7902
8553
9224
9939
10681
11406
12094
12858
13529
14295
15051
15742
16493
17110
17816
18365
0
TO:V,FS:2,FT:3,PC:23
0
481
1093
1621
2451
3281
4085
4879
5729
6591
7453
8209
9056
9933
10758
11613
12515
13359
14239
15106
15932
16733
17597
18365
0
TO:V,FS:2,FT:4,PC:27
0
466
985
1502
2075
2787
3537
4236
4912
5644
6354
7073
7784
8472
9195
9957
10706
11458
12166
12975
13655
14434
15280
16001
16754
17441
18152
18365
0
TO:V,FS:2,FT:5,PC:23
0
481
1080
1529
2331
3180
4004
4825
5532
6456
7321
8083
8865
9761
10669
11546
12469
13292
14176
15054
15909
16774
17627
18365
0
