The Social Skills Guidebook
LH:4768,BH:24338,MH:592950
TO:V,FS:0,FT:0,PC:21
0
822
1830
2713
4059
5325
6581
7851
9013
10265
11425
12624
13761
14785
15977
17239
18540
19799
21199
22457
23739
24338
0
TO:V,FS:0,FT:1,PC:21
0
771
1830
2832
4184
5387
6581
7866
9013
10265
11425
12624
13761
14840
16097
17418
18616
20044
21441
22693
23980
24338
0
TO:V,FS:0,FT:2,PC:25
0
686
1561
2379
3322
4426
5437
6457
7503
8560
9478
10481
11425
12395
13387
14229
15148
16191
17292
18426
19393
20570
21671
22682
23739
24338
0
TO:V,FS:0,FT:3,PC:21
0
771
1727
2652
3938
5295
6400
7618
8825
9970
11127
12281
13458
14436
15542
16880
18140
19321
20676
22032
23250
24338
0
TO:V,FS:0,FT:4,PC:24
0
771
1669
2544
3566
4797
5843
6908
7975
8942
10010
11111
12154
13240
14181
15094
16216
17292
18516
19531
20765
21982
23078
24169
24338
0
TO:V,FS:0,FT:5,PC:22
0
771
1723
2544
3710
5023
6179
7337
8560
9579
10746
11874
12980
14011
14975
16151
17292
18540
19678
20947
22251
23369
24338
0
TO:V,FS:1,FT:0,PC:29
0
686
1485
2183
2932
3874
4878
5709
6581
7457
8430
9161
10015
10871
11669
12481
13324
14055
14818
15622
16583
17443
18405
19256
20216
21141
22114
22910
23800
24338
0
TO:V,FS:1,FT:1,PC:29
0
646
1414
2104
2837
3809
4782
5619
6533
7418
8380
9118
9977
10824
11627
12454
13280
14055
14860
15724
16680
17539
18497
19369
20352
21298
22265
23067
23955
24338
0
TO:V,FS:1,FT:2,PC:34
0
520
1234
1871
2483
3170
3972
4782
5507
6266
7013
7685
8505
9087
9805
10558
11253
11946
12669
13391
14011
14622
15252
16070
16867
17575
18353
19047
19842
20659
21463
22277
22953
23739
24338
0
TO:V,FS:1,FT:3,PC:29
0
662
1414
2090
2797
3772
4730
5632
6494
7426
8392
9125
9993
10824
11677
12509
13369
14131
14873
15785
16784
17700
18616
19622
20613
21617
22457
23389
24313
24338
0
TO:V,FS:1,FT:4,PC:33
0
584
1312
1910
2496
3294
4135
5028
5782
6545
7292
8135
8844
9608
10368
11090
11811
12509
13221
13917
14539
15167
16024
16855
17636
18478
19210
20067
20890
21727
22457
23273
24016
24338
0
TO:V,FS:1,FT:5,PC:30
0
668
1414
2046
2641
3546
4507
5325
6230
7107
8048
8844
9674
10533
11343
12148
12984
13747
14475
15167
16097
17077
17917
18712
19622
20592
21519
22400
23234
24052
24338
0
TO:V,FS:2,FT:0,PC:38
0
495
1137
1669
2216
2675
3374
4075
4842
5486
6179
6890
7503
8261
8844
9481
10094
10730
11372
11981
12624
13249
13823
14377
14943
15589
16323
17055
17720
18471
19120
19877
20613
21373
22098
22715
23436
24091
24338
0
TO:V,FS:2,FT:1,PC:37
0
500
1095
1669
2261
2802
3594
4312
5089
5737
6325
7107
7760
8523
9118
9735
10353
10973
11627
12269
12911
13533
14079
14675
15252
16019
16763
17457
18219
18833
19546
20327
21062
21815
22440
23073
23739
24338
0
TO:V,FS:2,FT:2,PC:44
0
389
934
1485
1997
2443
2974
3594
4223
4842
5363
6012
6533
7107
7671
8291
8844
9370
9888
10437
10958
11478
11981
12509
13065
13580
14047
14539
15008
15567
16191
16795
17292
17912
18527
19036
19663
20283
20872
21498
22114
22613
23187
23771
24338
0
TO:V,FS:2,FT:3,PC:38
0
500
1095
1639
2183
2675
3385
4137
4897
5527
6225
6896
7503
8223
8844
9492
10094
10730
11358
11952
12544
13141
13696
14262
14845
15425
16140
16855
17497
18219
18833
19586
20327
21018
21772
22444
23082
23739
24338
0
TO:V,FS:2,FT:4,PC:43
0
445
950
1485
1955
2443
2932
3612
4271
4953
5466
6096
6630
7165
7790
8466
8971
9529
10094
10670
11228
11785
12324
12900
13427
13999
14421
14873
15437
16097
16744
17292
17974
18540
19104
19730
20390
21036
21716
22351
22855
23535
24061
24338
0
TO:V,FS:2,FT:5,PC:38
0
485
1137
1669
2216
2633
3331
4028
4758
5363
6109
6746
7368
8090
8724
9329
9980
10595
11228
11831
12432
13065
13657
14240
14800
15327
16049
16755
17418
18161
18787
19504
20241
20932
21689
22400
23067
23739
24338
0
