The Social Skills Guidebook
LH:29106,BH:20197,MH:592950
TO:V,FS:0,FT:0,PC:19
0
621
1772
2843
3875
4966
6118
7093
8191
9348
10380
11435
12746
13942
14968
16273
17609
18932
20173
20197
0
TO:V,FS:0,FT:1,PC:18
0
621
1772
2863
4036
5161
6320
7351
8555
9658
10879
12066
13253
14473
15486
16760
18011
19238
20197
0
TO:V,FS:0,FT:2,PC:22
0
521
1528
2475
3268
4233
5137
6059
6933
7871
8882
9811
10714
11649
12746
13776
14663
15596
16650
17714
18846
19844
20197
0
TO:V,FS:0,FT:3,PC:19
0
621
1772
2863
3987
5027
6171
7146
8284
9479
10627
11773
12889
14112
15149
16402
17680
18941
20122
20197
0
TO:V,FS:0,FT:4,PC:21
0
621
1624
2601
3456
4477
5397
6391
7314
8284
9294
10274
11151
12325
13392
14473
15291
16380
17609
18778
19824
20197
0
TO:V,FS:0,FT:5,PC:20
0
621
1719
2742
3666
4795
5723
6648
7692
8747
9767
10808
11890
13007
14169
15082
16273
17602
18750
19917
20197
0
TO:V,FS:1,FT:0,PC:25
0
480
1349
2097
2863
3641
4458
5214
6059
6818
7655
8467
9284
10064
10845
11695
12646
13486
14300
14999
15939
16768
17670
18558
19431
20197
0
TO:V,FS:1,FT:1,PC:25
0
480
1361
2097
2863
3641
4461
5214
6059
6818
7655
8467
9289
10064
10845
11695
12646
13548
14398
15082
16107
16987
17868
18815
19665
20197
0
TO:V,FS:1,FT:2,PC:30
0
382
1111
1764
2450
3075
3712
4413
5055
5710
6386
7002
7692
8373
9024
9670
10368
11051
11757
12596
13292
14032
14649
15316
16107
16882
17609
18381
19140
19927
20197
0
TO:V,FS:1,FT:3,PC:25
0
495
1361
2059
2831
3552
4333
5108
5941
6641
7488
8284
9068
9899
10607
11403
12420
13305
14159
14854
15847
16730
17670
18611
19479
20197
0
TO:V,FS:1,FT:4,PC:28
0
471
1270
1965
2688
3287
4017
4731
5409
6142
6778
7488
8201
8888
9580
10368
11081
11801
12629
13381
14099
14774
15530
16321
17168
17937
18778
19549
20197
0
TO:V,FS:1,FT:5,PC:26
0
480
1349
2047
2787
3504
4283
5009
5834
6500
7329
8086
8913
9689
10458
11197
12101
12940
13873
14557
15372
16257
17124
17998
18914
19746
20197
0
TO:V,FS:2,FT:0,PC:32
0
377
1010
1678
2250
2863
3477
4083
4706
5298
5935
6473
7039
7665
8284
8928
9535
10211
10749
11328
12092
12788
13427
14056
14723
15325
16085
16717
17458
18105
18841
19489
20197
0
TO:V,FS:2,FT:1,PC:32
0
377
1010
1678
2286
2863
3477
4119
4751
5337
6006
6542
7156
7770
8404
9024
9623
10324
10923
11554
12314
12930
13631
14275
14822
15486
16199
16874
17609
18351
19047
19737
20197
0
TO:V,FS:2,FT:2,PC:38
0
306
820
1442
1965
2466
2937
3484
4000
4516
5006
5514
6040
6500
7039
7554
8075
8599
9091
9535
10121
10617
11098
11687
12296
12825
13392
13981
14527
15007
15609
16234
16784
17422
17985
18626
19210
19807
20197
0
TO:V,FS:2,FT:3,PC:33
0
339
963
1613
2216
2817
3326
3943
4537
5093
5710
6344
6894
7488
8090
8694
9284
9885
10510
11098
11757
12498
13157
13870
14488
15014
15709
16366
17083
17714
18441
19132
19789
20197
0
TO:V,FS:2,FT:4,PC:37
0
339
913
1528
2051
2571
3053
3606
4114
4636
5161
5655
6157
6632
7171
7679
8217
8721
9241
9752
10286
10782
11283
11924
12575
13146
13804
14373
14854
15486
16107
16712
17383
17977
18619
19221
19824
20197
0
TO:V,FS:2,FT:5,PC:33
0
377
1010
1640
2209
2817
3363
4008
4636
5214
5858
6428
7021
7590
8231
8848
9479
10127
10688
11244
12001
12746
13392
14056
14682
15291
16040
16673
17412
18093
18788
19445
20186
20197
0
