The Social Skills Guidebook
LH:49811,BH:22052,MH:592950
TO:V,FS:0,FT:0,PC:21
0
691
2066
3025
3886
4916
5916
6892
8003
9300
10645
11812
13152
14321
15453
16537
17658
18596
19512
20528
21628
22052
0
TO:V,FS:0,FT:1,PC:20
0
691
2097
3128
3975
5014
6076
7234
8488
9749
11106
12358
13798
14930
15950
17179
18104
19124
20117
21167
22052
0
TO:V,FS:0,FT:2,PC:25
0
620
1579
2567
3428
4184
5014
5912
6730
7730
8671
9668
10775
11753
12895
13832
14763
15619
16537
17535
18273
19124
19989
20907
21981
22052
0
TO:V,FS:0,FT:3,PC:21
0
671
1956
2942
3772
4725
5725
6638
7799
9120
10370
11563
12903
14128
15150
16249
17299
18214
19124
20173
21180
22052
0
TO:V,FS:0,FT:4,PC:23
0
620
1645
2668
3590
4392
5216
6076
7019
7983
9207
10339
11389
12594
13798
14763
15742
16701
17658
18403
19358
20291
21149
22052
0
TO:V,FS:0,FT:5,PC:22
0
671
1883
2832
3698
4534
5507
6373
7404
8560
9749
10997
12141
13434
14420
15453
16514
17535
18303
19239
20277
21167
22052
0
TO:V,FS:1,FT:0,PC:28
0
587
1337
2338
3014
3691
4383
5062
5812
6510
7234
8068
9057
9919
10870
11721
12669
13674
14409
15199
15950
16776
17593
18194
18860
19680
20468
21202
22052
0
TO:V,FS:1,FT:1,PC:28
0
587
1344
2341
3014
3691
4386
5062
5812
6516
7234
8068
9057
9919
10870
11721
12669
13674
14409
15199
15950
16789
17593
18194
18860
19680
20468
21202
22052
0
TO:V,FS:1,FT:2,PC:33
0
502
1067
1880
2567
3198
3794
4456
5059
5725
6287
6923
7663
8382
9219
9908
10718
11415
12176
13005
13788
14359
15063
15726
16447
17117
17658
18214
18820
19456
20117
20765
21458
22052
0
TO:V,FS:1,FT:3,PC:29
0
587
1344
2351
3014
3691
4339
5014
5725
6385
7137
7928
8909
9802
10771
11648
12638
13636
14364
15150
15950
16843
17548
18104
18737
19502
20341
21000
21994
22052
0
TO:V,FS:1,FT:4,PC:32
0
547
1156
1995
2668
3265
3898
4574
5227
5858
6470
7142
7826
8690
9464
10294
11106
11887
12727
13600
14304
14941
15648
16408
17117
17743
18273
18888
19566
20261
20940
21736
22052
0
TO:V,FS:1,FT:5,PC:29
0
587
1337
2293
2934
3590
4216
4959
5634
6214
6923
7775
8604
9426
10405
11229
12176
13132
13987
14760
15571
16366
17219
17843
18345
19104
19879
20651
21338
22052
0
TO:V,FS:2,FT:0,PC:37
0
462
972
1733
2467
2892
3410
3898
4414
4951
5507
6045
6580
7209
7826
8560
9300
9991
10718
11343
12086
12809
13577
14241
14774
15381
15950
16575
17268
17826
18273
18779
19387
19966
20610
21117
21863
22052
0
TO:V,FS:2,FT:1,PC:36
0
462
972
1733
2467
2962
3479
3975
4564
5095
5694
6211
6827
7454
8030
8822
9512
10240
10972
11634
12346
13114
13832
14500
15125
15754
16408
17031
17623
18104
18653
19184
19782
20425
20940
21624
22052
0
TO:V,FS:2,FT:2,PC:43
0
375
768
1406
2032
2567
2975
3465
3864
4347
4846
5274
5763
6171
6653
7161
7711
8229
8832
9379
9973
10594
11137
11753
12375
12982
13627
14141
14605
15121
15608
16107
16615
17233
17658
18104
18584
19011
19491
19999
20563
21000
21620
22052
0
TO:V,FS:2,FT:3,PC:37
0
424
905
1645
2346
2821
3370
3864
4414
4951
5470
6045
6568
7142
7799
8494
9219
9859
10594
11222
11932
12638
13388
14015
14566
15150
15754
16408
17001
17548
18041
18559
19049
19640
20226
20803
21433
22052
0
TO:V,FS:2,FT:4,PC:42
0
398
803
1453
2131
2668
3111
3590
4006
4482
4974
5452
5923
6353
6882
7382
7904
8560
9195
9780
10444
11085
11641
12285
12943
13618
14201
14649
15184
15726
16329
16845
17381
17843
18273
18762
19250
19778
20316
20825
21359
22008
22052
0
TO:V,FS:2,FT:5,PC:37
0
462
972
1729
2397
2821
3350
3830
4347
4892
5421
5996
6490
7030
7707
8328
9071
9706
10441
11106
11797
12510
13238
13876
14500
15121
15713
16326
16949
17507
17993
18547
19049
19627
20253
20765
21359
22052
0
