The Social Skills Guidebook
LH:71863,BH:12305,MH:592950
TO:V,FS:0,FT:0,PC:11
0
789
1855
2937
4216
5406
6573
7762
8838
10076
11319
12305
0
TO:V,FS:0,FT:1,PC:11
0
789
1855
2995
4216
5416
6690
7794
8953
10147
11319
12305
0
TO:V,FS:0,FT:2,PC:13
0
649
1470
2388
3338
4292
5416
6374
7343
8299
9188
10329
11306
12305
0
TO:V,FS:0,FT:3,PC:11
0
789
1802
2883
4103
5301
6456
7611
8657
9865
11087
12305
0
TO:V,FS:0,FT:4,PC:13
0
667
1615
2560
3643
4620
5692
6800
7794
8820
9834
10839
12016
12305
0
TO:V,FS:0,FT:5,PC:12
0
728
1721
2706
3916
5063
6091
7249
8355
9366
10488
11729
12305
0
TO:V,FS:1,FT:0,PC:15
0
606
1383
2143
2891
3735
4620
5481
6393
7260
8046
8905
9713
10516
11459
12305
0
TO:V,FS:1,FT:1,PC:15
0
559
1342
2106
2847
3735
4620
5481
6406
7265
8046
8905
9713
10567
11529
12305
0
TO:V,FS:1,FT:2,PC:18
0
468
1097
1786
2452
3154
3827
4519
5297
5990
6690
7385
8081
8794
9493
10307
11016
11795
12305
0
TO:V,FS:1,FT:3,PC:15
0
559
1347
2059
2746
3643
4439
5402
6152
7086
7850
8706
9574
10428
11435
12305
0
TO:V,FS:1,FT:4,PC:17
0
505
1183
1890
2591
3343
4133
4841
5572
6274
7073
7794
8580
9304
10133
10904
11698
12305
0
TO:V,FS:1,FT:5,PC:16
0
606
1332
2059
2746
3643
4486
5416
6197
7078
7850
8706
9503
10354
11230
12141
12305
0
TO:V,FS:2,FT:0,PC:20
0
426
1045
1615
2208
2706
3462
4092
4702
5416
6091
6780
7379
7933
8624
9243
10004
10638
11394
12125
12305
0
TO:V,FS:2,FT:1,PC:20
0
426
1045
1681
2296
2873
3619
4229
4930
5572
6188
6949
7549
8135
8794
9422
10176
10813
11551
12288
12305
0
TO:V,FS:2,FT:2,PC:23
0
392
940
1470
1976
2489
3020
3643
4229
4814
5402
5903
6430
6997
7511
7971
8580
9080
9693
10329
10845
11451
12036
12305
0
TO:V,FS:2,FT:3,PC:20
0
426
1007
1615
2208
2706
3426
4092
4714
5416
6091
6735
7379
7896
8580
9171
9881
10512
11222
11914
12305
0
TO:V,FS:2,FT:4,PC:22
0
426
951
1470
1989
2485
2995
3643
4229
4806
5416
6035
6609
7183
7744
8299
8879
9413
10073
10618
11273
11914
12305
0
TO:V,FS:2,FT:5,PC:20
0
426
1007
1599
2154
2689
3338
3950
4579
5301
5951
6573
7210
7794
8462
9064
9693
10354
11046
11736
12305
0
