The Social Skills Guidebook
LH:84168,BH:37642,MH:592950
TO:V,FS:0,FT:0,PC:36
0
978
1998
2971
4009
5252
6096
7094
8286
9201
10008
10900
12015
12946
13967
15092
16302
17452
18607
19883
20813
21788
22864
23797
24735
25600
26599
27773
28711
29668
30694
31695
32917
34272
35486
36820
37642
0
TO:V,FS:0,FT:1,PC:36
0
978
1998
2971
4070
5310
6217
7157
8339
9267
10045
11036
12100
13084
14083
15254
16376
17560
18681
19982
20926
21910
22930
23797
24735
25600
26665
27831
28782
29791
30808
31695
32977
34272
35541
36883
37642
0
TO:V,FS:0,FT:2,PC:43
0
793
1727
2548
3486
4280
5325
6032
6881
7714
8704
9425
10094
10892
11880
12668
13613
14620
15487
16376
17452
18535
19464
20365
21171
22027
22864
23690
24483
25247
26138
27078
28001
28880
29602
30483
31247
32179
33177
34262
35263
36392
37559
37642
0
TO:V,FS:0,FT:3,PC:37
0
927
1948
2910
3896
5128
5975
7013
8110
9094
9835
10568
11742
12634
13613
14697
15858
17035
18221
19353
20489
21470
22429
23386
24283
25161
26083
27219
28278
29220
30169
31188
32268
33591
34876
36231
37572
37642
0
TO:V,FS:0,FT:4,PC:40
0
801
1757
2703
3640
4667
5630
6460
7402
8355
9246
10008
10790
11871
12668
13613
14645
15651
16528
17560
18624
19835
20690
21615
22553
23473
24400
25247
26138
27066
28001
28929
29805
30679
31603
32583
33695
34836
35946
37165
37642
0
TO:V,FS:0,FT:5,PC:38
0
917
1875
2857
3876
4938
5908
6772
7792
8940
9570
10240
11128
12153
13127
14142
15194
16302
17452
18607
19823
20748
21639
22610
23473
24349
25217
26118
27087
28183
29024
29929
30934
31926
33094
34394
35541
36809
37642
0
TO:V,FS:1,FT:0,PC:49
0
642
1403
2230
2971
3835
4667
5453
6169
6865
7628
8501
9201
9835
10428
11128
12015
12729
13515
14298
15074
15900
16662
17532
18458
19256
20065
20813
21609
22236
23022
23690
24446
25161
25906
26655
27499
28278
28956
29710
30409
31159
31896
32743
33684
34683
35571
36522
37492
37642
0
TO:V,FS:1,FT:1,PC:48
0
653
1494
2263
3022
3876
4708
5559
6263
6972
7721
8552
9244
9870
10512
11237
12100
12814
13605
14399
15153
15989
16774
17625
18550
19410
20189
20961
21747
22489
23217
23904
24642
25357
26113
26905
27800
28535
29269
29929
30619
31403
32232
33094
34031
34926
35884
36883
37642
0
TO:V,FS:1,FT:2,PC:57
0
523
1281
1895
2489
3063
3759
4447
5172
5791
6353
7041
7620
8355
9050
9652
10151
10748
11415
12140
12729
13377
14016
14727
15373
16059
16684
17452
18204
18899
19695
20328
20961
21639
22236
22919
23537
24159
24805
25477
26066
26787
27499
28150
28711
29341
29982
30563
31247
31916
32599
33353
34156
34876
35685
36528
37329
37642
0
TO:V,FS:1,FT:3,PC:48
0
661
1451
2230
2910
3740
4601
5360
6023
6772
7532
8402
9141
9814
10362
11066
11983
12641
13393
14162
14946
15788
16576
17502
18408
19226
20065
20813
21615
22291
23131
23854
24587
25306
26027
26828
27596
28382
29123
29805
30550
31304
32140
32999
33982
34876
35836
36835
37642
0
TO:V,FS:1,FT:4,PC:54
0
581
1324
2021
2666
3379
4026
4798
5570
6202
6819
7479
8329
9024
9534
10112
10748
11468
12227
12847
13545
14298
15017
15741
16376
17222
17941
18667
19498
20185
20937
21604
22236
22967
23635
24294
24899
25594
26249
26905
27696
28367
28956
29650
30264
30948
31603
32310
33086
33909
34750
35504
36346
37184
37642
0
TO:V,FS:1,FT:5,PC:50
0
642
1403
2230
2910
3730
4553
5334
5975
6746
7432
8329
9050
9657
10164
10833
11602
12363
13048
13697
14565
15282
16106
16852
17666
18550
19410
20189
20961
21747
22439
23164
23854
24587
25247
25975
26688
27499
28278
28956
29710
30409
31155
31880
32701
33640
34571
35417
36319
37238
37642
0
TO:V,FS:2,FT:0,PC:62
0
477
1203
1757
2391
2910
3537
4195
4835
5492
5945
6521
7094
7752
8442
9085
9529
10008
10512
11075
11773
12363
12899
13502
14092
14709
15329
15929
16502
17245
17899
18550
19239
19982
20627
21216
21788
22415
23060
23630
24159
24774
25341
25857
26365
27032
27691
28278
28880
29478
30018
30563
31247
31820
32410
33120
33852
34623
35295
36061
36809
37559
37642
0
TO:V,FS:2,FT:1,PC:62
0
486
1203
1757
2434
2971
3618
4280
4925
5570
6023
6647
7177
7879
8491
9094
9570
10084
10600
11177
11921
12437
12977
13605
14167
14790
15387
16001
16589
17328
17941
18588
19284
19982
20578
21171
21770
22337
22967
23537
24118
24735
25247
25820
26365
27040
27737
28325
28880
29478
30060
30563
31247
31776
32371
33086
33766
34541
35207
35975
36720
37476
37642
0
TO:V,FS:2,FT:2,PC:73
0
381
1004
1509
2032
2518
2971
3537
4050
4667
5271
5735
6169
6719
7133
7628
8251
8792
9182
9635
10045
10489
10914
11403
12015
12432
12928
13429
13900
14504
14981
15487
16021
16485
17076
17604
18241
18775
19387
19982
20489
21007
21517
22011
22553
23094
23537
24071
24572
25068
25556
26027
26526
27066
27596
28123
28633
29157
29602
30169
30608
31166
31642
32179
32675
33285
33890
34499
35018
35637
36247
36876
37502
37642
0
TO:V,FS:2,FT:3,PC:63
0
446
1122
1727
2305
2893
3486
3987
4667
5334
5891
6353
6983
7522
8286
8950
9356
9870
10356
10849
11481
12140
12729
13335
13916
14645
15239
15858
16376
17076
17693
18422
19004
19717
20273
20896
21465
21962
22553
23164
23690
24257
24805
25433
25967
26529
27170
27825
28367
28880
29478
30018
30543
31141
31678
32268
32912
33650
34363
34999
35729
36434
37154
37642
0
TO:V,FS:2,FT:4,PC:69
0
436
1102
1637
2209
2639
3079
3640
4195
4782
5360
5852
6353
6922
7432
8113
8667
9125
9553
10008
10458
10870
11394
12015
12503
13009
13522
14003
14645
15163
15685
16188
16696
17335
17910
18550
19137
19738
20220
20777
21281
21867
22439
22967
23517
24071
24645
25138
25584
26088
26585
27209
27737
28278
28836
29341
29929
30494
31047
31603
32153
32684
33327
33937
34554
35130
35782
36434
37105
37642
0
TO:V,FS:2,FT:5,PC:63
0
477
1203
1757
2391
2910
3537
4129
4793
5439
5945
6521
7094
7714
8397
9021
9425
9904
10353
10819
11455
12100
12668
13206
13737
14428
14981
15595
16205
16793
17493
18158
18792
19490
20135
20803
21332
21920
22553
23164
23741
24321
24899
25522
26027
26568
27230
27874
28382
28956
29527
30131
30658
31295
31852
32439
33161
33890
34618
35295
36056
36783
37519
37642
0
