The Social Skills Guidebook
LH:121810,BH:21531,MH:592950
TO:V,FS:0,FT:0,PC:20
0
949
2097
3084
4310
5456
6562
7724
8734
9882
10984
12262
13257
14321
15351
16419
17718
18837
20119
21190
21531
0
TO:V,FS:0,FT:1,PC:19
0
949
2107
3146
4365
5579
6680
7843
8913
10063
11176
12348
13425
14574
15615
16781
17930
19078
20390
21531
0
TO:V,FS:0,FT:2,PC:23
0
759
1717
2660
3529
4583
5447
6392
7487
8389
9281
10255
11262
12262
13150
13992
14938
15763
16757
17763
18683
19704
20692
21531
0
TO:V,FS:0,FT:3,PC:20
0
969
2107
3036
4310
5394
6452
7668
8734
9833
10929
12204
13221
14267
15351
16419
17657
18736
19929
21045
21531
0
TO:V,FS:0,FT:4,PC:22
0
806
1810
2739
3690
4719
5820
6847
7947
8923
9968
10867
12049
12952
13901
14889
15848
16881
17811
18932
20012
20989
21531
0
TO:V,FS:0,FT:5,PC:21
0
884
1992
2934
4056
5129
6144
7266
8226
9223
10315
11476
12542
13443
14564
15487
16594
17763
18869
20055
21087
21531
0
TO:V,FS:1,FT:0,PC:27
0
639
1497
2369
3067
3890
4703
5431
6289
7089
7924
8603
9472
10241
11003
11937
12681
13443
14283
15052
15882
16708
17576
18314
19179
20155
20876
21531
0
TO:V,FS:1,FT:1,PC:27
0
639
1497
2369
3165
4036
4769
5587
6348
7229
8071
8747
9624
10306
11158
12094
12808
13541
14373
15153
15995
16818
17676
18413
19280
20257
20978
21531
0
TO:V,FS:1,FT:2,PC:32
0
522
1203
1941
2615
3240
3931
4645
5265
5892
6578
7347
8004
8553
9262
9987
10681
11359
12159
12750
13414
14093
14722
15351
16088
16831
17554
18273
18958
19697
20377
21087
21531
0
TO:V,FS:1,FT:3,PC:26
0
650
1497
2369
3070
3938
4719
5587
6392
7351
8168
9048
9807
10673
11508
12341
13086
13901
14700
15437
16303
17186
18075
18914
19808
20692
21531
0
TO:V,FS:1,FT:4,PC:30
0
590
1293
2095
2739
3467
4287
4891
5629
6348
7163
7843
8534
9208
9973
10739
11443
12204
12908
13575
14287
14951
15642
16407
17186
17993
18688
19432
20292
20989
21531
0
TO:V,FS:1,FT:5,PC:28
0
597
1432
2241
2925
3682
4550
5315
6102
6880
7735
8534
9266
10089
10867
11767
12533
13293
14024
14771
15437
16262
17144
17962
18796
19613
20463
21190
21531
0
TO:V,FS:2,FT:0,PC:35
0
485
1185
1857
2433
2973
3565
4310
4891
5549
6177
6808
7487
8093
8643
9290
9916
10566
11189
11930
12528
13099
13704
14321
14951
15560
16194
16919
17563
18232
18848
19512
20284
20814
21473
21531
0
TO:V,FS:2,FT:1,PC:34
0
490
1185
1865
2433
3011
3610
4310
4891
5549
6192
6817
7487
8139
8725
9374
10048
10673
11328
12062
12628
13257
13901
14533
15096
15773
16419
17144
17811
18440
19078
19851
20498
21136
21531
0
TO:V,FS:2,FT:2,PC:41
0
388
992
1515
2042
2524
2973
3529
4164
4655
5245
5767
6267
6802
7374
7895
8402
8905
9413
9956
10494
11021
11637
12204
12712
13232
13763
14245
14742
15207
15714
16270
16886
17421
17973
18499
19043
19626
20237
20733
21272
21531
0
TO:V,FS:2,FT:3,PC:35
0
457
1140
1828
2392
2973
3573
4310
4852
5459
6117
6691
7378
7970
8534
9154
9704
10345
10954
11676
12291
12908
13443
14093
14683
15227
15862
16461
17144
17811
18440
19078
19808
20456
21087
21531
0
TO:V,FS:2,FT:4,PC:39
0
435
1086
1603
2127
2648
3115
3638
4310
4833
5409
5997
6572
7206
7760
8315
8882
9459
10028
10596
11176
11829
12403
12941
13443
13992
14497
14992
15475
16079
16717
17301
17884
18452
19078
19765
20363
20958
21524
21531
0
TO:V,FS:2,FT:5,PC:35
0
485
1140
1803
2369
2879
3467
4139
4719
5335
5971
6590
7299
7904
8522
9108
9704
10345
10984
11692
12333
12900
13443
14101
14611
15181
15807
16419
17144
17811
18440
19078
19851
20493
21087
21531
0
