The Social Skills Guidebook
LH:143341,BH:25245,MH:592950
TO:V,FS:0,FT:0,PC:23
0
1012
2249
3636
4837
6045
7302
8487
9530
10599
11673
12673
13648
14398
15417
16638
17832
18826
20034
21306
22347
23534
24739
25245
0
TO:V,FS:0,FT:1,PC:23
0
1026
2315
3698
4958
6169
7421
8609
9587
10725
11796
12858
13776
14623
15659
16881
18079
19007
20271
21497
22649
23892
25094
25245
0
TO:V,FS:0,FT:2,PC:27
0
761
1718
2859
3978
4997
5981
7118
7935
8896
9639
10454
11366
12188
13108
13854
14577
15417
16453
17573
18493
19428
20350
21400
22335
23300
24393
25245
0
TO:V,FS:0,FT:3,PC:23
0
970
2204
3593
4780
5929
7243
8358
9465
10415
11479
12530
13516
14280
15323
16453
17657
18699
19828
20997
22209
23364
24555
25245
0
TO:V,FS:0,FT:4,PC:26
0
885
1925
3136
4202
5377
6503
7472
8519
9406
10276
11157
12070
12989
13803
14623
15576
16664
17766
18733
19740
20776
21848
22887
23968
25065
25245
0
TO:V,FS:0,FT:5,PC:24
0
879
2077
3401
4564
5844
7087
8185
9210
10109
11015
12075
13049
13882
14677
15659
16813
17961
18878
20034
21176
22275
23361
24492
25245
0
TO:V,FS:1,FT:0,PC:31
0
721
1601
2562
3533
4381
5374
6224
7195
7945
8809
9477
10202
10983
11753
12415
13224
13882
14565
15323
16241
17098
17964
18675
19516
20296
21243
22097
22934
23796
24642
25245
0
TO:V,FS:1,FT:1,PC:31
0
670
1581
2465
3438
4298
5270
6136
7104
7847
8713
9455
10121
10882
11670
12353
13124
13803
14481
15298
16150
16999
17866
18627
19472
20296
21243
22097
22934
23796
24642
25245
0
TO:V,FS:1,FT:2,PC:37
0
529
1329
2029
2829
3648
4364
5150
5895
6676
7394
8104
8841
9451
10052
10739
11410
12022
12642
13347
13924
14481
15158
15855
16544
17353
18079
18669
19388
20070
20766
21497
22256
22964
23641
24393
25187
25245
0
TO:V,FS:1,FT:3,PC:31
0
680
1601
2617
3593
4482
5484
6389
7302
8164
8960
9726
10447
11242
12022
12754
13506
14174
14787
15680
16505
17472
18261
18988
19834
20671
21569
22396
23300
24268
25154
25245
0
TO:V,FS:1,FT:4,PC:35
0
601
1459
2218
3043
3874
4638
5498
6282
7135
7755
8530
9274
9902
10595
11231
11952
12565
13299
13882
14431
15118
15895
16633
17482
18208
18878
19677
20404
21281
22021
22770
23513
24340
25102
25245
0
TO:V,FS:1,FT:5,PC:32
0
721
1601
2562
3484
4347
5322
6186
7139
7847
8713
9455
10121
10882
11659
12344
13088
13763
14443
15241
16089
16948
17758
18547
19322
20115
20931
21762
22600
23437
24352
25230
25245
0
TO:V,FS:2,FT:0,PC:39
0
481
1230
1861
2574
3321
4049
4749
5487
6149
6876
7472
8196
8863
9406
9969
10595
11157
11775
12310
12882
13495
14068
14481
15118
15798
16453
17211
17866
18493
19133
19796
20404
21128
21775
22434
23208
23837
24492
25245
0
TO:V,FS:2,FT:1,PC:39
0
524
1281
1909
2661
3411
4097
4821
5576
6239
7005
7538
8267
8942
9513
10091
10730
11265
11919
12446
13036
13661
14174
14623
15290
15936
16589
17342
17991
18576
19260
19927
20564
21326
21934
22612
23300
24045
24705
25245
0
TO:V,FS:2,FT:2,PC:47
0
344
980
1541
2096
2718
3316
3957
4452
5094
5702
6244
6883
7421
7921
8440
9003
9513
10002
10489
11015
11509
11999
12439
12968
13459
13914
14280
14735
15307
15848
16424
16999
17573
18123
18613
19161
19659
20296
20882
21497
22093
22628
23236
23754
24340
24857
25245
0
TO:V,FS:2,FT:3,PC:40
0
524
1239
1865
2589
3278
4010
4650
5394
6060
6806
7428
8069
8713
9318
9860
10370
11015
11616
12142
12711
13347
13835
14280
14787
15417
16150
16762
17482
18123
18714
19362
20018
20635
21375
21977
22612
23271
23915
24536
25245
0
TO:V,FS:2,FT:4,PC:45
0
410
1076
1601
2270
2912
3561
4097
4756
5406
6000
6665
7243
7720
8358
8936
9477
10028
10562
11073
11567
12057
12535
13028
13532
14058
14463
14906
15450
16106
16687
17344
17964
18493
19037
19589
20237
20796
21459
22016
22616
23271
23880
24492
25154
25245
0
TO:V,FS:2,FT:5,PC:40
0
481
1222
1853
2574
3321
4049
4749
5487
6149
6860
7472
8196
8828
9406
9938
10550
11110
11708
12210
12801
13411
13951
14398
14956
15633
16352
17014
17657
18296
18878
19534
20189
20808
21497
22185
22807
23463
24161
24789
25245
0
