The Social Skills Guidebook
LH:168586,BH:23511,MH:592950
TO:V,FS:0,FT:0,PC:21
0
981
2109
3227
4602
5693
6613
7903
8948
10319
11224
12241
13213
14269
15410
16542
17776
19043
20146
21208
22272
23511
0
TO:V,FS:0,FT:1,PC:21
0
921
2049
3227
4602
5693
6642
8023
9071
10446
11278
12314
13397
14470
15553
16783
18019
19207
20441
21437
22632
23511
0
TO:V,FS:0,FT:2,PC:25
0
754
1804
2741
3700
4715
5741
6561
7600
8608
9652
10699
11483
12356
13276
14192
15068
15986
16981
17999
19043
19905
20916
21849
22859
23511
0
TO:V,FS:0,FT:3,PC:22
0
936
2049
3183
4450
5614
6482
7732
8886
10206
11104
11951
13073
14192
15336
16350
17693
18864
19865
20978
22127
23219
23511
0
TO:V,FS:0,FT:4,PC:24
0
806
1853
2790
3832
4927
5968
6785
7963
8933
10049
10993
11818
12877
13888
14714
15748
16852
17918
18993
19955
20967
21967
22976
23511
0
TO:V,FS:0,FT:5,PC:23
0
921
2009
3016
4265
5402
6254
7280
8404
9539
10699
11483
12416
13442
14417
15410
16481
17750
18864
19801
20916
22036
23102
23511
0
TO:V,FS:1,FT:0,PC:29
0
656
1623
2391
3188
4068
4908
5783
6398
7223
8200
8933
9842
10699
11392
12159
12893
13714
14375
15209
16025
16873
17750
18629
19376
20201
21016
21798
22677
23511
0
TO:V,FS:1,FT:1,PC:29
0
656
1623
2391
3195
4073
4913
5783
6398
7268
8210
8948
9946
10787
11483
12314
13090
13888
14553
15429
16312
17287
18124
18993
19730
20691
21434
22272
23116
23511
0
TO:V,FS:1,FT:2,PC:34
0
519
1294
2004
2711
3364
4161
4895
5614
6229
6822
7600
8340
8997
9821
10539
11146
11690
12356
13078
13779
14347
15045
15744
16399
17227
17918
18734
19376
20080
20765
21380
22132
22859
23511
0
TO:V,FS:1,FT:3,PC:29
0
656
1674
2447
3195
4127
5019
5792
6441
7327
8263
8997
9995
10833
11483
12263
13049
13949
14655
15483
16364
17340
18225
19073
19781
20691
21434
22272
23116
23511
0
TO:V,FS:1,FT:4,PC:33
0
571
1386
2049
2830
3520
4366
5097
5867
6437
7161
7990
8731
9465
10323
10945
11547
12301
12935
13660
14306
15041
15754
16481
17354
18089
18864
19572
20332
21028
21774
22546
23274
23511
0
TO:V,FS:1,FT:5,PC:30
0
638
1519
2286
3016
3865
4715
5614
6254
7019
7943
8752
9591
10539
11224
11818
12644
13326
14137
14790
15620
16462
17380
18201
18993
19675
20646
21305
22138
22926
23511
0
TO:V,FS:2,FT:0,PC:38
0
484
1196
1848
2469
3016
3679
4406
5027
5730
6229
6674
7423
8165
8816
9450
10143
10735
11224
11757
12356
13019
13647
14192
14752
15429
16110
16770
17526
18155
18864
19484
20120
20810
21380
22085
22740
23401
23511
0
TO:V,FS:2,FT:1,PC:37
0
484
1220
1848
2512
3091
3758
4487
5120
5792
6293
6846
7600
8290
8948
9714
10442
10939
11455
12071
12754
13276
13949
14507
15241
15823
16472
17182
17820
18556
19190
19801
20555
21069
21715
22395
23054
23511
0
TO:V,FS:2,FT:2,PC:45
0
382
1022
1639
2049
2613
3091
3598
4225
4753
5347
5826
6254
6674
7296
7920
8443
8948
9539
10143
10649
11086
11483
11962
12512
13049
13582
14107
14507
15100
15628
16169
16800
17414
17931
18548
19050
19540
20060
20691
21179
21742
22272
22859
23436
23511
0
TO:V,FS:2,FT:3,PC:38
0
497
1220
1848
2482
3052
3700
4406
5061
5730
6229
6730
7446
8182
8780
9382
10116
10699
11224
11757
12356
12976
13571
14164
14722
15353
16044
16662
17399
17999
18723
19308
19890
20599
21112
21766
22409
23054
23511
0
TO:V,FS:2,FT:4,PC:42
0
432
1086
1713
2164
2703
3200
3807
4464
5004
5614
6080
6510
7043
7682
8290
8886
9496
10143
10699
11178
11620
12137
12724
13252
13863
14301
14790
15353
15938
16481
17138
17776
18440
18958
19468
19982
20646
21094
21691
22312
22926
23511
0
TO:V,FS:2,FT:5,PC:38
0
484
1196
1843
2469
3016
3663
4393
5027
5730
6229
6674
7423
8145
8774
9387
10134
10699
11215
11681
12314
12935
13558
14145
14631
15353
16041
16644
17399
18019
18723
19228
19844
20562
21106
21742
22395
23054
23511
0
