The Social Skills Guidebook
LH:192675,BH:34518,MH:592950
TO:V,FS:0,FT:0,PC:31
0
904
2040
2998
4150
5189
6346
7468
8562
9750
10967
12154
13394
14473
15423
16444
17544
18746
19866
21110
22204
23196
24441
25673
26730
27804
28966
30113
31384
32596
33455
34518
0
TO:V,FS:0,FT:1,PC:31
0
918
2069
3156
4321
5369
6584
7725
8811
10056
11217
12393
13692
14743
15837
16638
17963
19102
20342
21428
22465
23668
24754
26022
27093
28351
29367
30611
31864
32919
33928
34518
0
TO:V,FS:0,FT:2,PC:37
0
778
1760
2596
3512
4456
5462
6438
7211
8210
9194
10175
11146
12102
13196
14050
14976
15845
16582
17716
18675
19700
20766
21643
22521
23513
24527
25554
26497
27373
28396
29242
30282
31384
32356
33246
34134
34518
0
TO:V,FS:0,FT:3,PC:31
0
860
2045
3002
4098
5147
6354
7414
8562
9688
10871
12045
13279
14412
15248
16376
17463
18636
19745
20987
22095
23077
24347
25617
26737
27847
28998
30170
31439
32655
33455
34518
0
TO:V,FS:0,FT:4,PC:35
0
803
1803
2726
3686
4663
5740
6745
7835
8687
9733
10763
11823
13025
13992
14925
15874
16681
17863
18962
19947
20987
21957
22893
23933
24958
25962
26930
27894
28910
29904
30991
32121
32961
33752
34518
0
TO:V,FS:0,FT:5,PC:33
0
838
1919
2847
3917
4967
6152
7211
8286
9310
10455
11569
12801
13932
14833
15874
16697
17963
19052
20152
21321
22364
23419
24613
25790
26730
27798
28910
29992
31188
32303
33226
34213
34518
0
TO:V,FS:1,FT:0,PC:43
0
625
1438
2174
2916
3686
4497
5358
6230
7047
7914
8562
9356
10281
11178
12039
13016
13869
14596
15298
16140
16873
17794
18601
19489
20321
21179
21898
22762
23606
24455
25309
26166
26962
27769
28578
29293
30170
31142
32034
32723
33403
34245
34518
0
TO:V,FS:1,FT:1,PC:42
0
669
1521
2204
2998
3738
4602
5466
6280
7141
8045
8629
9503
10348
11330
12190
13161
13992
14787
15539
16376
17137
17984
18938
19745
20692
21453
22299
23002
23933
24754
25751
26545
27245
28059
28959
29796
30657
31524
32406
33162
33800
34518
0
TO:V,FS:1,FT:2,PC:50
0
494
1190
1838
2469
3132
3786
4497
5175
5991
6676
7304
8062
8629
9356
10175
10842
11515
12309
13096
13789
14431
15034
15765
16376
17043
17824
18488
19196
19929
20716
21399
22077
22744
23461
24194
24942
25738
26478
27052
27832
28474
29184
29938
30648
31384
32172
32765
33342
33928
34518
0
TO:V,FS:1,FT:3,PC:42
0
625
1483
2204
3051
3839
4710
5574
6427
7211
8106
8891
9733
10599
11515
12485
13334
14241
14965
15737
16444
17245
18087
18994
19841
20806
21546
22364
23105
24020
24910
25902
26676
27407
28276
29151
30045
30917
31782
32662
33286
33995
34518
0
TO:V,FS:1,FT:4,PC:48
0
494
1218
1884
2536
3244
3917
4678
5419
6230
6953
7663
8407
9102
9838
10562
11368
12154
12955
13714
14377
15031
15754
16413
17079
17938
18667
19405
20169
20930
21585
22327
22960
23824
24588
25355
26091
26791
27464
28216
28998
29730
30468
31332
32100
32723
33342
33995
34518
0
TO:V,FS:1,FT:5,PC:44
0
580
1396
2123
2871
3667
4414
5208
6118
6791
7602
8412
9166
9983
10780
11657
12573
13427
14235
14956
15717
16444
17218
18033
18985
19745
20692
21453
22279
23002
23933
24754
25704
26497
27139
27951
28910
29689
30540
31384
32303
32985
33584
34457
34518
0
TO:V,FS:2,FT:0,PC:55
0
482
1058
1669
2204
2821
3428
4070
4710
5333
6094
6676
7252
7987
8532
9173
9750
10390
11154
11777
12506
13210
13925
14448
14984
15667
16319
16829
17544
18190
18909
19552
20211
20890
21453
22050
22678
23336
24011
24703
25442
26091
26717
27262
27907
28680
29226
29909
30535
31271
31968
32607
33102
33605
34290
34518
0
TO:V,FS:2,FT:1,PC:54
0
482
1063
1709
2241
2861
3472
4103
4754
5376
6136
6676
7211
7947
8562
9227
9928
10514
11277
11897
12626
13279
13975
14549
15108
15798
16376
16959
17677
18308
18994
19700
20427
20987
21627
22263
22851
23461
24099
24800
25554
26226
26825
27386
27995
28772
29287
30066
30680
31384
32142
32687
33246
33742
34518
0
TO:V,FS:2,FT:2,PC:64
0
370
880
1396
1873
2303
2812
3331
3818
4414
4967
5596
6152
6676
7178
7745
8277
8700
9310
9919
10422
11017
11548
12174
12762
13279
13910
14377
14863
15321
15874
16376
16815
17420
17984
18595
19143
19700
20300
20890
21385
21893
22465
22989
23622
24168
24754
25383
25917
26497
26979
27531
28029
28650
29160
29675
30205
30833
31425
32004
32521
32975
33403
33941
34518
0
TO:V,FS:2,FT:3,PC:56
0
482
1017
1630
2166
2736
3292
3917
4541
5175
5895
6520
7141
7798
8394
8970
9608
10281
10939
11557
12277
12955
13590
14207
14743
15285
15942
16548
17116
17811
18398
19079
19700
20409
20987
21585
22200
22810
23432
24055
24754
25483
26138
26755
27317
27907
28643
29226
29904
30514
31252
31883
32482
33023
33496
34129
34518
0
TO:V,FS:2,FT:4,PC:63
0
418
918
1474
2016
2422
2935
3483
4008
4562
5147
5778
6374
6960
7538
8095
8562
9179
9736
10320
10897
11474
12102
12742
13310
13932
14437
14925
15423
15942
16475
16999
17625
18159
18792
19362
19929
20565
21098
21656
22226
22756
23288
23883
24495
25014
25664
26216
26747
27220
27847
28406
28976
29467
30113
30704
31357
31932
32429
32919
33385
33847
34508
34518
0
TO:V,FS:2,FT:5,PC:55
0
465
1058
1669
2195
2748
3335
3982
4630
5252
6003
6640
7211
7947
8495
9134
9706
10348
11065
11682
12421
13148
13752
14308
14833
15413
16060
16582
17280
17963
18605
19228
19873
20580
21191
21743
22364
22960
23702
24350
25010
25711
26380
26882
27505
28116
28862
29363
30113
30757
31439
32188
32723
33277
33784
34518
0
