The Social Skills Guidebook
LH:227193,BH:8346,MH:592950
TO:V,FS:0,FT:0,PC:8
0
889
1950
3067
4327
5260
6526
7770
8346
0
TO:V,FS:0,FT:1,PC:8
0
889
1959
3067
4347
5323
6586
7834
8346
0
TO:V,FS:0,FT:2,PC:9
0
654
1473
2522
3540
4455
5252
6292
7379
8346
0
TO:V,FS:0,FT:3,PC:8
0
843
1910
3011
4160
5148
6292
7538
8346
0
TO:V,FS:0,FT:4,PC:9
0
756
1633
2684
3751
4667
5613
6695
7700
8346
0
TO:V,FS:0,FT:5,PC:8
0
832
1771
2981
4043
5035
6177
7352
8346
0
TO:V,FS:1,FT:0,PC:11
0
654
1432
2300
3172
3990
4774
5540
6386
7339
8183
8346
0
TO:V,FS:1,FT:1,PC:11
0
608
1372
2244
3067
3955
4729
5495
6339
7294
8154
8346
0
TO:V,FS:1,FT:2,PC:13
0
599
1191
1858
2532
3207
3955
4574
5185
5885
6601
7358
8038
8346
0
TO:V,FS:1,FT:3,PC:11
0
608
1327
2210
3011
3955
4705
5445
6292
7255
8106
8346
0
TO:V,FS:1,FT:4,PC:12
0
599
1191
1910
2633
3366
4109
4808
5445
6242
7010
7700
8346
0
TO:V,FS:1,FT:5,PC:11
0
654
1368
2210
3011
3910
4574
5204
6155
6994
7824
8346
0
TO:V,FS:2,FT:0,PC:14
0
518
1063
1645
2300
3011
3678
4314
4796
5366
6143
6792
7480
8154
8346
0
TO:V,FS:2,FT:1,PC:14
0
518
1063
1649
2300
3011
3643
4317
4865
5405
6185
6796
7480
8112
8346
0
TO:V,FS:2,FT:2,PC:16
0
402
889
1390
1920
2459
3011
3573
4109
4603
5103
5594
6225
6751
7346
7852
8346
0
TO:V,FS:2,FT:3,PC:14
0
518
1026
1567
2244
2897
3469
4109
4720
5204
5918
6551
7217
7787
8346
0
TO:V,FS:2,FT:4,PC:16
0
418
889
1385
1910
2448
3011
3573
4133
4603
5081
5559
6214
6711
7329
7829
8346
0
TO:V,FS:2,FT:5,PC:14
0
536
1099
1645
2300
3011
3678
4298
4796
5366
6110
6792
7480
8154
8346
0
