The Social Skills Guidebook
LH:235539,BH:19654,MH:592950
TO:V,FS:0,FT:0,PC:19
0
869
2215
3497
4754
6121
7359
8553
9810
10967
11962
12945
14021
14749
15524
16188
17244
18341
19456
19654
0
TO:V,FS:0,FT:1,PC:18
0
869
2276
3556
4820
6230
7560
8735
9926
11142
12112
13127
14152
14972
15685
16544
17713
18789
19654
0
TO:V,FS:0,FT:2,PC:22
0
813
1897
3048
4051
5164
6230
7333
8461
9426
10254
11263
12124
12935
13861
14524
15314
15860
16588
17569
18434
19348
19654
0
TO:V,FS:0,FT:3,PC:19
0
869
2227
3440
4638
6007
7257
8524
9699
10817
11841
12885
13966
14710
15524
16188
17244
18360
19519
19654
0
TO:V,FS:0,FT:4,PC:21
0
869
2037
3124
4253
5501
6554
7781
8820
9901
10829
11768
12649
13502
14271
15063
15685
16411
17505
18446
19428
19654
0
TO:V,FS:0,FT:5,PC:20
0
869
2148
3368
4576
5824
6950
8255
9383
10321
11434
12426
13306
14195
14936
15612
16279
17305
18341
19399
19654
0
TO:V,FS:1,FT:0,PC:25
0
694
1548
2523
3378
4190
5173
6121
6980
7969
8805
9699
10424
11309
12052
12828
13585
14246
14857
15491
15945
16647
17490
18240
19026
19654
0
TO:V,FS:1,FT:1,PC:25
0
694
1548
2523
3378
4190
5173
6121
6980
7969
8853
9699
10424
11309
12052
12828
13585
14246
14857
15524
16076
16847
17697
18399
19211
19654
0
TO:V,FS:1,FT:2,PC:29
0
593
1327
2152
2970
3642
4382
5224
6011
6709
7538
8342
9057
9790
10367
11155
11823
12483
13078
13735
14271
14842
15411
15824
16298
17052
17713
18399
19092
19654
0
TO:V,FS:1,FT:3,PC:25
0
661
1548
2523
3390
4298
5284
6230
7185
8175
9025
9901
10629
11434
12167
12885
13629
14246
14842
15444
15902
16565
17442
18197
18983
19654
0
TO:V,FS:1,FT:4,PC:28
0
528
1248
2075
2940
3677
4405
5263
6121
6833
7690
8468
9264
9955
10689
11434
12112
12735
13410
14098
14691
15224
15723
16267
17016
17713
18412
19098
19654
0
TO:V,FS:1,FT:5,PC:26
0
694
1541
2473
3331
4144
5136
6069
6931
7916
8753
9602
10304
11155
11879
12649
13393
14098
14719
15270
15723
16298
17169
17946
18668
19456
19654
0
TO:V,FS:2,FT:0,PC:32
0
429
1071
1813
2548
3214
3974
4620
5396
6153
6765
7499
8229
8886
9602
10205
10821
11434
12034
12628
13176
13732
14195
14691
15138
15575
15981
16447
17169
17799
18446
19032
19654
0
TO:V,FS:2,FT:1,PC:32
0
429
1029
1777
2548
3214
3974
4628
5396
6163
6765
7499
8237
8845
9602
10205
10821
11434
12034
12628
13176
13759
14271
14801
15329
15723
16188
16788
17404
18012
18606
19215
19654
0
TO:V,FS:2,FT:2,PC:38
0
356
869
1462
2086
2694
3252
3881
4390
5031
5629
6230
6805
7426
8017
8553
9187
9699
10232
10762
11329
11841
12352
12828
13306
13861
14238
14684
15118
15524
15902
16298
16867
17390
17955
18478
18983
19495
19654
0
TO:V,FS:2,FT:3,PC:33
0
444
1029
1736
2469
3124
3852
4493
5216
5952
6554
7269
8005
8594
9317
9926
10497
11206
11809
12386
12885
13486
14055
14484
14972
15491
15860
16298
16971
17595
18197
18769
19394
19654
0
TO:V,FS:2,FT:4,PC:37
0
429
944
1558
2215
2876
3453
4051
4661
5327
5969
6516
7163
7817
8451
8954
9602
10100
10696
11241
11799
12274
12791
13283
13797
14195
14596
15071
15524
15860
16298
16926
17505
18016
18538
19074
19568
19654
0
TO:V,FS:2,FT:5,PC:33
0
429
1029
1736
2462
3124
3852
4477
5216
5943
6530
7225
7932
8594
9341
9926
10486
11155
11747
12274
12828
13410
14007
14396
14906
15373
15764
16188
16777
17404
18050
18606
19215
19654
0
