The Social Skills Guidebook
LH:255193,BH:20883,MH:592950
TO:V,FS:0,FT:0,PC:19
0
1002
1952
3044
4124
5166
6329
7269
8378
9501
10582
11850
13038
14411
15355
16392
17672
19006
20176
20883
0
TO:V,FS:0,FT:1,PC:19
0
1063
2102
3283
4318
5472
6650
7585
8786
9906
10991
12340
13517
14771
15833
16916
18270
19403
20733
20883
0
TO:V,FS:0,FT:2,PC:22
0
820
1671
2536
3475
4365
5369
6356
7161
8157
8997
9990
10911
11956
12965
14123
15059
15978
16911
18049
19168
20098
20883
0
TO:V,FS:0,FT:3,PC:19
0
1002
2056
3220
4268
5316
6479
7345
8555
9642
10690
12029
13295
14599
15627
16801
18072
19320
20610
20883
0
TO:V,FS:0,FT:4,PC:21
0
921
1835
2851
3747
4672
5669
6688
7485
8577
9559
10582
11665
12742
13918
14955
15914
16860
18072
19271
20331
20883
0
TO:V,FS:0,FT:5,PC:20
0
942
1840
2838
3793
4836
5864
6846
7864
8902
9997
11099
12346
13498
14726
15627
16738
17916
19180
20294
20883
0
TO:V,FS:1,FT:0,PC:26
0
745
1484
2283
3092
3859
4612
5395
6211
6939
7681
8460
9286
10087
10867
11842
12693
13672
14615
15347
16108
16958
17870
18861
19726
20697
20883
0
TO:V,FS:1,FT:1,PC:26
0
745
1484
2283
3092
3859
4612
5395
6211
6939
7681
8460
9286
10091
10873
11785
12645
13569
14517
15261
16075
16860
17770
18763
19629
20598
20883
0
TO:V,FS:1,FT:2,PC:30
0
608
1293
1979
2648
3311
4007
4691
5357
6066
6718
7286
8070
8765
9397
10040
10673
11434
12266
12969
13798
14583
15235
15861
16588
17274
18072
18894
19603
20410
20883
0
TO:V,FS:1,FT:3,PC:25
0
702
1484
2288
3092
3816
4617
5454
6295
7047
7843
8705
9456
10281
11129
12094
12978
13971
14872
15627
16469
17339
18270
19271
20176
20883
0
TO:V,FS:1,FT:4,PC:29
0
615
1331
2002
2696
3391
4118
4840
5534
6249
6889
7585
8319
9073
9776
10494
11231
12052
12821
13661
14513
15153
15861
16647
17369
18205
18979
19726
20583
20883
0
TO:V,FS:1,FT:5,PC:26
0
736
1484
2198
2987
3800
4507
5302
6093
6846
7516
8319
9164
9956
10673
11626
12541
13384
14308
15085
15783
16647
17430
18321
19255
20067
20883
0
TO:V,FS:2,FT:0,PC:33
0
515
1163
1808
2358
3024
3624
4239
4879
5523
6161
6744
7253
7971
8607
9240
9880
10523
11192
11925
12645
13357
14097
14771
15306
15890
16568
17195
17951
18659
19342
20102
20847
20883
0
TO:V,FS:2,FT:1,PC:33
0
515
1118
1774
2315
2987
3593
4202
4879
5528
6161
6788
7286
8015
8652
9282
9914
10563
11192
11883
12645
13357
14097
14771
15339
15926
16568
17195
17951
18659
19306
20017
20762
20883
0
TO:V,FS:2,FT:2,PC:39
0
403
1035
1484
2002
2517
3061
3555
4036
4521
5058
5594
6109
6572
7047
7519
8117
8629
9149
9657
10183
10657
11258
11871
12498
13038
13648
14237
14771
15280
15750
16264
16840
17408
18040
18652
19260
19771
20379
20883
0
TO:V,FS:2,FT:3,PC:34
0
526
1118
1739
2297
2936
3535
4150
4767
5353
5960
6528
7083
7726
8319
8958
9576
10151
10717
11429
12145
12781
13536
14255
14894
15408
16004
16689
17290
18019
18700
19342
20070
20804
20883
0
TO:V,FS:2,FT:4,PC:38
0
459
1083
1584
2085
2616
3201
3704
4197
4782
5280
5799
6318
6806
7269
7881
8424
8962
9456
9978
10494
11003
11653
12311
12879
13562
14158
14771
15306
15819
16362
16931
17552
18222
18855
19417
20067
20733
20883
0
TO:V,FS:2,FT:5,PC:33
0
546
1206
1808
2358
3024
3624
4239
4867
5389
6020
6574
7121
7775
8403
9036
9624
10228
10834
11543
12290
12900
13653
14378
14955
15482
16084
16759
17395
18072
18787
19425
20188
20883
0
