The Social Skills Guidebook
LH:276076,BH:9765,MH:592950
TO:V,FS:0,FT:0,PC:10
0
882
1811
2746
3515
4349
5290
6258
7481
8633
9765
0
TO:V,FS:0,FT:1,PC:10
0
882
1870
2821
3691
4515
5600
6682
7752
8952
9765
0
TO:V,FS:0,FT:2,PC:12
0
771
1615
2353
3072
3818
4535
5481
6258
7284
8322
9278
9765
0
TO:V,FS:0,FT:3,PC:10
0
822
1749
2641
3461
4243
5290
6258
7487
8633
9765
0
TO:V,FS:0,FT:4,PC:11
0
822
1749
2602
3410
4146
4963
5879
6889
7957
9093
9765
0
TO:V,FS:0,FT:5,PC:11
0
822
1749
2641
3440
4146
5004
5937
6889
8108
9223
9765
0
TO:V,FS:1,FT:0,PC:14
0
684
1424
2092
2788
3440
4059
4736
5477
6240
6983
7795
8721
9671
9765
0
TO:V,FS:1,FT:1,PC:14
0
690
1424
2092
2788
3440
4097
4830
5550
6258
7079
7953
8817
9754
9765
0
TO:V,FS:1,FT:2,PC:15
0
567
1278
1811
2455
3036
3598
4191
4822
5467
6099
6810
7585
8352
9026
9765
0
TO:V,FS:1,FT:3,PC:14
0
644
1387
2092
2746
3410
3988
4588
5334
6144
6889
7744
8682
9625
9765
0
TO:V,FS:1,FT:4,PC:15
0
613
1278
1900
2576
3199
3732
4297
4963
5658
6297
7064
7821
8633
9433
9765
0
TO:V,FS:1,FT:5,PC:14
0
674
1424
2062
2730
3357
3940
4535
5290
6019
6810
7637
8495
9307
9765
0
TO:V,FS:2,FT:0,PC:17
0
476
1142
1642
2136
2746
3357
3781
4262
4875
5426
5991
6640
7327
7995
8721
9474
9765
0
TO:V,FS:2,FT:1,PC:17
0
476
1142
1690
2226
2821
3440
3928
4445
5036
5658
6229
6889
7630
8340
8974
9731
9765
0
TO:V,FS:2,FT:2,PC:20
0
401
938
1469
1890
2353
2821
3306
3711
4097
4535
5072
5584
6065
6621
7164
7696
8331
8881
9495
9765
0
TO:V,FS:2,FT:3,PC:17
0
520
1142
1655
2136
2714
3283
3732
4224
4808
5386
5912
6514
7156
7778
8522
9157
9765
0
TO:V,FS:2,FT:4,PC:20
0
430
1011
1528
1998
2441
2863
3329
3732
4169
4574
5093
5550
6082
6663
7251
7811
8470
8989
9620
9765
0
TO:V,FS:2,FT:5,PC:17
0
512
1135
1642
2136
2746
3326
3732
4191
4793
5325
5823
6461
7109
7739
8495
9137
9765
0
