The Social Skills Guidebook
LH:285841,BH:19549,MH:592950
TO:V,FS:0,FT:0,PC:18
0
879
1977
3161
4386
5516
6707
7845
8753
9884
11210
12376
13635
14653
15802
16869
17684
18741
19549
0
TO:V,FS:0,FT:1,PC:18
0
879
2031
3216
4431
5639
6820
7922
8990
10069
11289
12497
13752
14772
15830
16960
17860
18862
19549
0
TO:V,FS:0,FT:2,PC:22
0
698
1644
2543
3605
4534
5482
6480
7459
8362
9291
10281
11210
12291
13180
14112
15085
16000
16938
17651
18508
19431
19549
0
TO:V,FS:0,FT:3,PC:18
0
832
1919
3161
4348
5393
6590
7682
8633
9803
10983
12196
13289
14453
15580
16662
17487
18508
19549
0
TO:V,FS:0,FT:4,PC:20
0
774
1735
2677
3859
4817
5829
6874
7867
8778
9856
10880
11963
13018
13947
15015
15932
16889
17684
18611
19549
0
TO:V,FS:0,FT:5,PC:20
0
832
1865
2982
4155
5211
6381
7459
8372
9409
10592
11512
12658
13784
14818
15830
16889
17658
18566
19531
19549
0
TO:V,FS:1,FT:0,PC:25
0
599
1396
2091
3072
3925
4798
5668
6539
7404
8179
8958
9790
10608
11341
12306
13180
13937
14772
15580
16407
17133
17755
18508
19313
19549
0
TO:V,FS:1,FT:1,PC:25
0
599
1396
2091
3072
3925
4798
5676
6539
7404
8179
8970
9790
10608
11341
12306
13180
14048
14868
15714
16498
17240
17892
18709
19464
19549
0
TO:V,FS:1,FT:2,PC:29
0
500
1179
1807
2497
3275
3972
4689
5393
6120
6874
7586
8226
8852
9533
10266
10983
11704
12376
13180
13843
14538
15250
15971
16707
17284
17874
18508
19194
19549
0
TO:V,FS:1,FT:3,PC:25
0
557
1353
2046
2972
3884
4708
5578
6485
7393
8084
8828
9696
10608
11397
12360
13180
14054
14892
15742
16586
17292
17892
18763
19464
19549
0
TO:V,FS:1,FT:4,PC:28
0
500
1231
1895
2653
3493
4224
4988
5746
6516
7260
7945
8550
9280
9962
10723
11464
12306
13091
13821
14538
15284
16056
16810
17365
18055
18795
19496
19549
0
TO:V,FS:1,FT:5,PC:26
0
544
1327
2046
2972
3884
4650
5461
6305
7161
7953
8572
9401
10215
11056
11869
12721
13553
14376
15138
15874
16733
17347
17990
18795
19464
19549
0
TO:V,FS:2,FT:0,PC:32
0
415
1022
1631
2176
2920
3672
4348
5024
5704
6368
7046
7703
8255
8774
9435
10094
10714
11372
12099
12757
13393
14015
14653
15284
15962
16642
17169
17648
18310
18886
19441
19549
0
TO:V,FS:2,FT:1,PC:31
0
415
1022
1631
2176
2920
3672
4348
5024
5685
6328
7003
7665
8255
8796
9435
10098
10754
11418
12189
12848
13474
14054
14653
15284
15962
16642
17205
17755
18439
19006
19549
0
TO:V,FS:2,FT:2,PC:37
0
314
814
1315
1777
2294
2920
3550
4095
4633
5211
5822
6420
6915
7493
8032
8502
8995
9516
10037
10648
11210
11799
12344
12915
13467
14001
14538
15127
15722
16250
16770
17240
17720
18245
18774
19229
19549
0
TO:V,FS:2,FT:3,PC:32
0
422
985
1559
2091
2799
3538
4135
4772
5388
6027
6767
7404
7993
8516
9184
9774
10412
11025
11640
12306
12961
13615
14235
14892
15508
16144
16733
17240
17787
18439
19006
19549
0
TO:V,FS:2,FT:4,PC:36
0
378
873
1385
1886
2406
3041
3668
4255
4849
5434
6040
6682
7247
7835
8320
8796
9389
9949
10608
11210
11857
12405
13068
13661
14179
14729
15315
15896
16498
16991
17432
17892
18476
18962
19471
19549
0
TO:V,FS:2,FT:5,PC:32
0
409
985
1594
2132
2885
3590
4258
4930
5586
6245
6918
7577
8114
8605
9280
9884
10608
11254
11940
12551
13227
13843
14538
15162
15830
16498
17047
17507
18095
18702
19229
19549
0
