The Social Skills Guidebook
LH:305390,BH:12939,MH:592950
TO:V,FS:0,FT:0,PC:12
0
829
1959
3274
4428
5673
6769
7790
9010
10215
11190
12370
12939
0
TO:V,FS:0,FT:1,PC:12
0
887
1959
3274
4428
5673
6769
7849
9084
10215
11248
12504
12939
0
TO:V,FS:0,FT:2,PC:14
0
638
1694
2637
3615
4535
5625
6592
7380
8376
9370
10313
11067
12081
12939
0
TO:V,FS:0,FT:3,PC:12
0
776
1959
3212
4328
5625
6708
7728
8962
10215
11248
12454
12939
0
TO:V,FS:0,FT:4,PC:13
0
679
1855
2857
3820
4932
6035
6957
7869
8951
10079
11009
12053
12939
0
TO:V,FS:0,FT:5,PC:13
0
776
1945
3145
4223
5370
6373
7289
8392
9608
10561
11515
12666
12939
0
TO:V,FS:1,FT:0,PC:16
0
564
1517
2353
3274
4114
4970
5821
6657
7412
8208
9052
9980
10774
11503
12331
12939
0
TO:V,FS:1,FT:1,PC:16
0
515
1471
2301
3212
4021
4918
5772
6657
7412
8258
9101
9980
10774
11503
12383
12939
0
TO:V,FS:1,FT:2,PC:19
0
470
1253
1959
2785
3458
4152
4875
5625
6305
6957
7549
8342
9070
9902
10447
11030
11783
12498
12939
0
TO:V,FS:1,FT:3,PC:16
0
520
1493
2301
3212
4029
4927
5821
6657
7368
8210
9101
9980
10728
11503
12390
12939
0
TO:V,FS:1,FT:4,PC:18
0
470
1285
2002
2835
3546
4295
5017
5758
6519
7194
7893
8651
9476
10198
10867
11592
12344
12939
0
TO:V,FS:1,FT:5,PC:17
0
515
1464
2245
3194
3918
4764
5625
6408
7157
7876
8703
9691
10425
11067
11980
12820
12939
0
TO:V,FS:2,FT:0,PC:21
0
426
1095
1819
2416
3159
3756
4411
5099
5758
6389
6995
7512
8243
8897
9645
10215
10768
11372
12081
12854
12939
0
TO:V,FS:2,FT:1,PC:21
0
426
1110
1819
2416
3159
3756
4411
5106
5758
6389
6995
7549
8332
8977
9730
10283
10867
11498
12168
12927
12939
0
TO:V,FS:2,FT:2,PC:24
0
369
904
1535
2031
2660
3212
3756
4328
4879
5495
6031
6581
7059
7470
8074
8606
9229
9846
10308
10798
11272
11884
12425
12939
0
TO:V,FS:2,FT:3,PC:21
0
426
1072
1776
2387
3123
3756
4373
5029
5673
6305
6957
7549
8293
8897
9608
10198
10768
11325
12053
12749
12939
0
TO:V,FS:2,FT:4,PC:23
0
426
1022
1658
2176
2820
3374
3932
4500
5134
5704
6260
6807
7317
7816
8488
9074
9736
10215
10703
11142
11792
12378
12939
0
TO:V,FS:2,FT:5,PC:21
0
426
1095
1819
2416
3159
3756
4411
5064
5716
6341
6957
7470
8157
8811
9553
10185
10721
11276
11986
12638
12939
0
