The Social Skills Guidebook
LH:318329,BH:16888,MH:592950
TO:V,FS:0,FT:0,PC:17
0
784
1868
2985
3881
4893
5809
6932
8033
9081
9956
10778
11953
13160
14264
15347
16435
16888
0
TO:V,FS:0,FT:1,PC:16
0
784
1868
3036
3931
4950
5920
7092
8126
9201
10119
10966
12209
13481
14631
15771
16888
0
TO:V,FS:0,FT:2,PC:19
0
625
1583
2441
3283
4101
4992
5809
6803
7678
8532
9588
10263
11014
12154
13184
14060
15012
15964
16888
0
TO:V,FS:0,FT:3,PC:17
0
732
1836
2897
3803
4831
5756
6829
7980
8976
9939
10844
11953
13098
14222
15252
16368
16888
0
TO:V,FS:0,FT:4,PC:19
0
661
1637
2550
3443
4244
5095
5950
6962
7988
8896
9902
10602
11649
12754
13781
14786
15824
16834
16888
0
TO:V,FS:0,FT:5,PC:18
0
732
1836
2783
3693
4701
5536
6515
7555
8490
9606
10285
11073
12264
13464
14470
15569
16607
16888
0
TO:V,FS:1,FT:0,PC:23
0
570
1421
2108
2910
3526
4277
4941
5585
6392
7200
8024
8723
9548
10182
10917
11779
12650
13469
14269
15012
15856
16679
16888
0
TO:V,FS:1,FT:1,PC:23
0
560
1332
2069
2866
3526
4281
4941
5585
6392
7200
8017
8676
9507
10182
10917
11792
12650
13523
14336
15063
15907
16728
16888
0
TO:V,FS:1,FT:2,PC:27
0
462
1122
1804
2366
3022
3570
4178
4831
5441
6053
6726
7429
8077
8715
9415
10004
10602
11297
12088
12776
13481
14138
14820
15522
16206
16879
16888
0
TO:V,FS:1,FT:3,PC:23
0
560
1344
2069
2879
3511
4151
4878
5536
6306
7126
7934
8631
9524
10139
10849
11634
12505
13393
14196
14994
15771
16584
16888
0
TO:V,FS:1,FT:4,PC:25
0
506
1184
1868
2577
3235
3867
4533
5164
5809
6533
7239
7946
8566
9310
9939
10538
11169
11998
12758
13481
14180
14879
15606
16368
16888
0
TO:V,FS:1,FT:5,PC:23
0
570
1407
2108
2866
3526
4192
4878
5522
6216
6948
7678
8435
9267
9956
10579
11300
12209
13153
13858
14596
15404
16233
16888
0
TO:V,FS:2,FT:0,PC:29
0
434
996
1583
2181
2794
3321
3831
4401
4931
5497
6053
6633
7236
7804
8386
9032
9680
10101
10644
11258
11998
12591
13292
13866
14455
15012
15730
16368
16888
0
TO:V,FS:2,FT:1,PC:29
0
434
996
1583
2181
2794
3278
3831
4401
4931
5497
6053
6670
7273
7853
8435
9119
9708
10213
10816
11426
12154
12803
13469
14045
14658
15279
15935
16560
16888
0
TO:V,FS:2,FT:2,PC:34
0
397
844
1365
1836
2321
2855
3275
3728
4270
4751
5164
5585
6082
6597
7085
7555
8077
8532
9156
9644
10036
10482
10966
11537
12154
12704
13245
13730
14264
14777
15289
15856
16413
16888
0
TO:V,FS:2,FT:3,PC:30
0
462
1040
1583
2146
2757
3235
3769
4341
4878
5395
5920
6497
7085
7678
8339
8920
9524
9994
10504
11014
11711
12291
12998
13594
14180
14765
15357
15981
16607
16888
0
TO:V,FS:2,FT:4,PC:34
0
434
917
1428
1868
2374
2866
3303
3752
4234
4718
5164
5585
6087
6577
7056
7543
8077
8512
9136
9698
10095
10532
10966
11575
12193
12772
13334
13846
14358
14867
15441
15964
16541
16888
0
TO:V,FS:2,FT:5,PC:30
0
434
996
1583
2138
2720
3235
3760
4331
4893
5462
5989
6567
7176
7714
8326
8896
9507
9994
10482
11014
11749
12374
13040
13648
14229
14815
15436
16097
16723
16888
0
