The Social Skills Guidebook
LH:335217,BH:10433,MH:592950
TO:V,FS:0,FT:0,PC:11
0
883
2247
3350
4362
5338
6519
7482
8415
9390
10409
10433
0
TO:V,FS:0,FT:1,PC:10
0
883
2247
3356
4472
5479
6601
7674
8674
9657
10433
0
TO:V,FS:0,FT:2,PC:12
0
644
1791
2834
3737
4692
5523
6519
7354
8253
9083
9942
10433
0
TO:V,FS:0,FT:3,PC:11
0
823
2154
3172
4191
5257
6414
7344
8350
9326
10175
10433
0
TO:V,FS:0,FT:4,PC:12
0
804
2049
3091
3987
5030
5857
6805
7796
8630
9541
10383
10433
0
TO:V,FS:0,FT:5,PC:11
0
823
2131
3169
4132
5186
6156
7062
8066
8856
9724
10433
0
TO:V,FS:1,FT:0,PC:14
0
644
1612
2574
3309
4071
4970
5596
6444
7112
7883
8577
9212
9885
10433
0
TO:V,FS:1,FT:1,PC:14
0
601
1555
2539
3263
4026
4925
5596
6468
7136
7933
8630
9337
10053
10433
0
TO:V,FS:1,FT:2,PC:16
0
439
1252
2059
2834
3521
4132
4925
5493
6195
6772
7405
8086
8674
9248
9824
10433
0
TO:V,FS:1,FT:3,PC:14
0
554
1555
2539
3314
4071
4990
5634
6519
7176
7965
8630
9337
10053
10433
0
TO:V,FS:1,FT:4,PC:16
0
479
1326
2183
2961
3638
4384
5143
5773
6519
7136
7846
8452
9076
9657
10306
10433
0
TO:V,FS:1,FT:5,PC:15
0
601
1555
2523
3254
3987
4848
5496
6300
6992
7703
8394
8999
9657
10275
10433
0
TO:V,FS:2,FT:0,PC:18
0
392
1145
1929
2660
3242
3906
4537
5143
5699
6406
6929
7553
8184
8674
9194
9694
10175
10433
0
TO:V,FS:2,FT:1,PC:17
0
392
1145
1941
2707
3282
3946
4622
5186
5802
6519
7062
7694
8300
8800
9337
9912
10433
0
TO:V,FS:2,FT:2,PC:21
0
329
929
1555
2183
2777
3227
3777
4215
4823
5257
5752
6312
6753
7229
7749
8210
8674
9158
9624
10112
10433
0
TO:V,FS:2,FT:3,PC:18
0
437
1159
1905
2635
3150
3792
4415
5062
5596
6244
6768
7344
7965
8452
8983
9507
10009
10433
0
TO:V,FS:2,FT:4,PC:21
0
347
1001
1678
2332
2869
3448
3937
4447
5062
5496
5996
6539
7026
7516
8027
8481
8937
9413
9904
10383
10433
0
TO:V,FS:2,FT:5,PC:18
0
392
1145
1856
2598
3195
3792
4373
5062
5558
6195
6768
7328
7948
8415
8937
9466
9981
10433
0
