The Social Skills Guidebook
LH:345650,BH:17813,MH:592950
TO:V,FS:0,FT:0,PC:18
0
997
2170
3298
4586
5686
7016
8286
9637
10439
11137
11954
12619
13318
14111
14861
15700
16734
17813
0
TO:V,FS:0,FT:1,PC:18
0
936
2058
3247
4530
5686
7016
8286
9637
10491
11217
12042
12832
13644
14530
15369
16244
17335
17813
0
TO:V,FS:0,FT:2,PC:21
0
749
1869
2719
3655
4793
5686
6775
7876
9008
9965
10666
11229
11989
12608
13290
13994
14629
15399
16188
17069
17813
0
TO:V,FS:0,FT:3,PC:18
0
948
2058
3193
4409
5570
6912
8247
9604
10428
11137
11963
12666
13438
14208
14950
15819
16838
17813
0
TO:V,FS:0,FT:4,PC:20
0
895
1939
2928
3921
4907
6056
7286
8494
9695
10374
11071
11717
12474
13175
13994
14629
15399
16244
17200
17813
0
TO:V,FS:0,FT:5,PC:20
0
867
1995
3023
4169
5165
6445
7689
8964
10033
10723
11308
12100
12717
13418
14111
14738
15464
16382
17430
17813
0
TO:V,FS:1,FT:0,PC:25
0
672
1618
2349
3131
3921
4844
5646
6655
7573
8525
9462
10164
10723
11229
11867
12428
13015
13588
14208
14770
15399
16159
16861
17702
17813
0
TO:V,FS:1,FT:1,PC:24
0
628
1571
2305
3088
3875
4844
5646
6655
7573
8538
9481
10164
10771
11308
11989
12555
13149
13838
14460
14996
15700
16397
17233
17813
0
TO:V,FS:1,FT:2,PC:28
0
532
1333
2028
2724
3431
4247
4907
5665
6445
7261
8064
8875
9671
10243
10723
11217
11712
12316
12832
13393
13984
14460
14919
15509
16188
16814
17482
17813
0
TO:V,FS:1,FT:3,PC:24
0
638
1624
2349
3143
3974
4885
5700
6708
7680
8667
9681
10281
10857
11352
12042
12555
13149
13792
14401
14919
15559
16284
17069
17813
0
TO:V,FS:1,FT:4,PC:27
0
532
1356
2068
2745
3431
4247
4950
5751
6580
7401
8263
9138
9890
10439
10911
11405
12042
12602
13175
13747
14281
14780
15336
15951
16581
17248
17813
0
TO:V,FS:1,FT:5,PC:25
0
672
1618
2340
3131
3921
4844
5636
6603
7551
8473
9419
10118
10723
11217
11712
12316
12832
13438
14056
14606
15119
15819
16564
17323
17813
0
TO:V,FS:2,FT:0,PC:32
0
463
1187
1869
2449
3014
3602
4320
4907
5570
6328
7072
7793
8546
9274
9890
10374
10796
11251
11707
12251
12666
13175
13588
14056
14530
14919
15442
16029
16542
17135
17726
17813
0
TO:V,FS:2,FT:1,PC:31
0
475
1187
1869
2421
3014
3643
4366
4935
5608
6371
7110
7876
8606
9357
9975
10439
10894
11352
11919
12411
12874
13421
13910
14401
14861
15399
15951
16486
17107
17689
17813
0
TO:V,FS:2,FT:2,PC:36
0
365
936
1528
2050
2535
3048
3547
4182
4801
5281
5899
6491
7110
7731
8335
8959
9575
10033
10473
10857
11251
11667
12203
12599
13064
13477
13946
14316
14715
15119
15609
16120
16542
17057
17548
17813
0
TO:V,FS:2,FT:3,PC:32
0
429
1128
1843
2349
2954
3519
4224
4885
5533
6248
6971
7669
8379
9138
9808
10304
10723
11188
11608
12140
12555
13064
13507
13994
14460
14861
15383
15864
16436
17016
17554
17813
0
TO:V,FS:2,FT:4,PC:35
0
420
1068
1701
2217
2745
3228
3793
4447
4973
5544
6172
6805
7460
8101
8743
9408
9912
10342
10757
11217
11648
12100
12527
12947
13347
13804
14208
14629
15055
15532
16117
16564
17069
17598
17813
0
TO:V,FS:2,FT:5,PC:32
0
446
1171
1869
2449
3014
3580
4320
4907
5567
6328
7072
7793
8506
9222
9840
10342
10757
11217
11654
12171
12555
13064
13477
13984
14381
14780
15208
15783
16319
16900
17490
17813
0
