The Social Skills Guidebook
LH:363463,BH:25276,MH:592950
TO:V,FS:0,FT:0,PC:23
0
802
1968
3124
4499
5535
6573
7606
8761
9812
10922
11938
12938
14083
15421
16645
17858
19022
20175
21172
22351
23459
24575
25276
0
TO:V,FS:0,FT:1,PC:23
0
742
1940
3012
4380
5437
6514
7668
8818
9860
11014
12119
13072
14335
15651
16847
18070
19281
20431
21453
22652
23811
25011
25276
0
TO:V,FS:0,FT:2,PC:27
0
620
1674
2602
3713
4629
5680
6514
7442
8459
9272
10161
11070
11996
12836
13871
14858
15849
16903
17896
18882
19868
20787
21711
22641
23606
24609
25276
0
TO:V,FS:0,FT:3,PC:23
0
742
1968
3161
4511
5535
6577
7668
8887
9860
11014
12061
13038
14149
15484
16666
17858
19022
20175
21172
22359
23507
24693
25276
0
TO:V,FS:0,FT:4,PC:26
0
667
1771
2801
4021
4995
5987
6881
7798
8811
9744
10773
11611
12682
13546
14575
15683
16804
17858
18871
19918
20877
21883
22861
23874
24848
25276
0
TO:V,FS:0,FT:5,PC:24
0
742
1878
2953
4200
5254
6270
7216
8363
9344
10345
11397
12538
13367
14524
15683
16847
18016
19123
20223
21172
22291
23367
24419
25276
0
TO:V,FS:1,FT:0,PC:32
0
588
1402
2233
3047
3966
4723
5624
6432
7156
7941
8761
9600
10275
11070
11785
12631
13322
14135
15094
15932
16804
17693
18529
19267
20112
20813
21609
22435
23278
24119
24941
25276
0
TO:V,FS:1,FT:1,PC:32
0
549
1395
2233
3075
4021
4775
5670
6478
7216
8020
8861
9669
10423
11202
11972
12744
13522
14347
15285
16114
16948
17858
18672
19434
20287
21080
21891
22738
23572
24401
25251
25276
0
TO:V,FS:1,FT:2,PC:37
0
500
1106
1806
2491
3298
4110
4714
5535
6223
6870
7482
8245
8899
9593
10161
10901
11472
12197
12815
13478
14179
14965
15683
16476
17216
17940
18621
19302
20013
20652
21242
22018
22712
23392
24087
24737
25276
0
TO:V,FS:1,FT:3,PC:31
0
549
1395
2289
3131
4120
4887
5756
6478
7216
8020
8861
9669
10432
11202
11972
12744
13484
14370
15390
16242
17148
17997
18860
19689
20554
21254
22165
22985
23821
24675
25276
0
TO:V,FS:1,FT:4,PC:35
0
549
1273
2055
2746
3586
4425
5093
5828
6478
7173
7864
8685
9267
9887
10726
11320
12056
12744
13469
14197
15027
15771
16588
17377
18108
18848
19556
20310
21002
21728
22429
23147
23847
24575
25276
0
TO:V,FS:1,FT:5,PC:32
0
549
1344
2176
2953
3883
4629
5535
6310
7035
7794
8745
9485
10175
11014
11594
12560
13116
13956
14900
15732
16668
17505
18336
19105
19918
20652
21352
22234
23030
23866
24675
25276
0
TO:V,FS:2,FT:0,PC:40
0
478
1091
1762
2420
3100
3824
4531
5170
5815
6374
6949
7466
8126
8761
9394
9922
10642
11146
11669
12442
12938
13634
14279
15027
15683
16412
17108
17858
18483
19057
19725
20376
20951
21552
22187
22812
23459
24080
24713
25276
0
TO:V,FS:2,FT:1,PC:40
0
478
1050
1716
2420
3075
3833
4531
5128
5775
6374
6949
7498
8167
8802
9439
9964
10684
11193
11751
12531
13047
13766
14406
15156
15816
16544
17196
17896
18579
19204
19891
20499
21110
21751
22365
22996
23642
24255
24884
25276
0
TO:V,FS:2,FT:2,PC:48
0
367
875
1497
2128
2646
3235
3858
4473
4933
5526
5974
6478
6983
7466
7965
8585
9055
9669
10117
10700
11159
11584
12187
12701
13190
13813
14352
14934
15540
16057
16675
17202
17791
18306
18797
19333
19898
20381
20872
21321
21927
22465
22977
23520
24035
24522
25050
25276
0
TO:V,FS:2,FT:3,PC:41
0
478
1053
1697
2357
2953
3672
4380
4919
5570
6171
6730
7282
7864
8556
9055
9693
10301
10934
11461
12056
12660
13200
13891
14546
15266
15907
16631
17286
17896
18543
19168
19807
20417
21002
21601
22234
22812
23432
24080
24693
25276
0
TO:V,FS:2,FT:4,PC:46
0
426
918
1555
2195
2672
3310
3958
4531
5068
5588
6099
6552
7097
7555
8157
8761
9300
9860
10474
10973
11461
11999
12584
13072
13729
14239
14881
15527
16088
16762
17324
17896
18519
19022
19582
20123
20652
21172
21798
22302
22812
23317
23847
24389
24916
25276
0
TO:V,FS:2,FT:5,PC:41
0
464
1006
1684
2400
3012
3722
4465
5041
5670
6270
6881
7401
8010
8745
9300
9860
10513
11051
11505
12251
12836
13500
14113
14845
15598
16220
16847
17597
18193
18783
19415
20086
20652
21172
21875
22470
23087
23697
24327
24962
25276
0
