The Social Skills Guidebook
LH:388739,BH:12528,MH:592950
TO:V,FS:0,FT:0,PC:12
0
819
2117
3178
4208
5313
6409
7488
8498
9587
10599
11691
12528
0
TO:V,FS:0,FT:1,PC:12
0
823
2180
3269
4226
5464
6539
7621
8709
9876
10977
12033
12528
0
TO:V,FS:0,FT:2,PC:14
0
634
1790
2740
3647
4477
5437
6336
7299
8124
8985
9967
10844
11747
12528
0
TO:V,FS:0,FT:3,PC:12
0
767
2117
3216
4208
5313
6360
7469
8446
9587
10553
11653
12528
0
TO:V,FS:0,FT:4,PC:14
0
681
1880
2877
3869
4688
5698
6584
7488
8385
9415
10341
11360
12222
12528
0
TO:V,FS:0,FT:5,PC:13
0
749
2028
2968
3979
4967
6027
6943
7820
8709
9800
10751
11691
12528
0
TO:V,FS:1,FT:0,PC:16
0
580
1562
2435
3216
3979
4730
5575
6355
7195
7875
8599
9415
10184
11021
11743
12528
0
TO:V,FS:1,FT:1,PC:16
0
580
1562
2435
3216
3979
4730
5585
6355
7195
7875
8638
9457
10229
11064
11788
12528
0
TO:V,FS:1,FT:2,PC:19
0
512
1262
2059
2740
3401
4022
4669
5363
6034
6650
7347
7956
8582
9264
9949
10553
11266
11899
12528
0
TO:V,FS:1,FT:3,PC:16
0
580
1562
2435
3216
3979
4730
5585
6378
7243
7928
8661
9457
10184
11034
11788
12528
0
TO:V,FS:1,FT:4,PC:19
0
550
1336
2189
2815
3539
4191
4810
5532
6141
6860
7488
8231
8889
9587
10253
10962
11653
12341
12528
0
TO:V,FS:1,FT:5,PC:17
0
550
1460
2351
3057
3838
4468
5246
6060
6729
7488
8279
8985
9800
10471
11266
11982
12528
0
TO:V,FS:2,FT:0,PC:21
0
492
1111
1850
2473
3083
3686
4208
4806
5424
6060
6595
7215
7751
8341
8946
9560
10095
10732
11369
11939
12528
0
TO:V,FS:2,FT:1,PC:21
0
512
1151
1890
2473
3083
3694
4208
4806
5424
6060
6595
7215
7785
8341
8985
9631
10212
10832
11481
12056
12528
0
TO:V,FS:2,FT:2,PC:26
0
389
938
1555
2180
2699
3207
3679
4135
4594
5127
5634
6111
6595
7099
7559
8047
8505
9027
9560
10043
10516
11043
11558
12009
12521
12528
0
TO:V,FS:2,FT:3,PC:22
0
505
1111
1869
2435
3089
3666
4208
4772
5390
5990
6490
7102
7654
8269
8821
9409
10006
10591
11205
11736
12341
12528
0
TO:V,FS:2,FT:4,PC:25
0
459
979
1630
2269
2740
3253
3777
4226
4754
5272
5783
6238
6768
7299
7719
8260
8697
9191
9725
10161
10692
11217
11691
12222
12528
0
TO:V,FS:2,FT:5,PC:22
0
512
1189
1933
2556
3145
3760
4226
4867
5464
6093
6629
7243
7719
8309
8879
9490
10095
10701
11327
11876
12505
12528
0
