The Social Skills Guidebook
LH:401267,BH:16857,MH:592950
TO:V,FS:0,FT:0,PC:16
0
875
1955
3134
4187
5306
6280
7522
8784
9830
10952
11838
12958
14014
15229
16514
16857
0
TO:V,FS:0,FT:1,PC:16
0
875
1989
3189
4187
5254
6290
7581
8838
9830
10961
11838
13009
14077
15349
16696
16857
0
TO:V,FS:0,FT:2,PC:18
0
760
1709
2640
3642
4505
5494
6357
7417
8360
9384
10203
11201
11898
12861
13816
14728
15854
16857
0
TO:V,FS:0,FT:3,PC:16
0
825
1901
3092
4187
5254
6172
7417
8618
9705
10780
11690
12754
13835
14976
16303
16857
0
TO:V,FS:0,FT:4,PC:17
0
793
1784
2787
3839
4743
5701
6659
7739
8761
9705
10703
11586
12548
13503
14566
15719
16857
0
TO:V,FS:0,FT:5,PC:17
0
819
1849
2966
3954
5011
5928
7220
8250
9384
10374
11327
12291
13202
14360
15525
16751
16857
0
TO:V,FS:1,FT:0,PC:21
0
612
1430
2169
3143
3918
4720
5539
6321
7306
8127
9001
9705
10523
11265
11939
12751
13527
14367
15243
16201
16857
0
TO:V,FS:1,FT:1,PC:21
0
612
1430
2216
3189
3954
4822
5623
6421
7355
8176
9049
9755
10541
11306
12089
12855
13639
14515
15400
16346
16857
0
TO:V,FS:1,FT:2,PC:25
0
568
1209
1863
2537
3346
3954
4654
5353
5928
6731
7417
8164
8948
9627
10286
11028
11627
12310
12909
13629
14385
15052
15864
16711
16857
0
TO:V,FS:1,FT:3,PC:21
0
612
1430
2169
3154
3954
4855
5662
6427
7355
8176
9104
9812
10598
11360
12137
12855
13694
14566
15512
16514
16857
0
TO:V,FS:1,FT:4,PC:23
0
568
1281
1989
2805
3554
4283
4983
5726
6439
7296
7998
8738
9455
10149
10868
11517
12216
12909
13677
14445
15181
16005
16857
0
TO:V,FS:1,FT:5,PC:22
0
568
1367
2035
2905
3751
4477
5322
5928
6901
7700
8530
9360
10124
10898
11517
12369
13022
13933
14673
15624
16565
16857
0
TO:V,FS:2,FT:0,PC:27
0
486
1102
1658
2227
2973
3635
4266
4855
5494
6015
6757
7417
8127
8815
9455
10082
10598
11278
11806
12405
12972
13629
14308
14933
15679
16398
16857
0
TO:V,FS:2,FT:1,PC:27
0
486
1124
1696
2242
2986
3635
4283
4894
5560
6140
6893
7500
8164
8848
9455
10124
10683
11327
11882
12548
13110
13850
14522
15181
15939
16653
16857
0
TO:V,FS:2,FT:2,PC:32
0
394
894
1388
1873
2384
3011
3496
4033
4572
5129
5692
6158
6766
7355
7915
8431
9053
9604
10124
10598
11216
11657
12172
12699
13147
13754
14292
14829
15439
16041
16638
16857
0
TO:V,FS:2,FT:3,PC:27
0
486
1081
1678
2242
2944
3598
4209
4839
5442
5928
6630
7355
7998
8618
9205
9833
10445
11061
11555
12153
12732
13355
14014
14673
15405
16136
16857
0
TO:V,FS:2,FT:4,PC:31
0
447
934
1430
1932
2473
3087
3605
4140
4709
5249
5726
6221
6863
7417
8060
8592
9175
9705
10286
10832
11360
11838
12405
12896
13396
13964
14566
15200
15842
16467
16857
0
TO:V,FS:2,FT:5,PC:28
0
528
1102
1658
2193
2896
3496
4155
4793
5431
5909
6546
7296
7915
8530
9205
9833
10475
11099
11586
12172
12769
13339
14014
14673
15369
16086
16813
16857
0
