The Social Skills Guidebook
LH:418124,BH:7609,MH:592950
TO:V,FS:0,FT:0,PC:8
0
835
2127
3127
4091
5223
6142
7221
7609
0
TO:V,FS:0,FT:1,PC:8
0
779
2064
3127
4143
5246
6187
7270
7609
0
TO:V,FS:0,FT:2,PC:9
0
601
1635
2566
3452
4381
5293
6142
7000
7609
0
TO:V,FS:0,FT:3,PC:8
0
851
2064
3022
3931
5070
5973
6866
7609
0
TO:V,FS:0,FT:4,PC:9
0
755
1871
2747
3615
4573
5498
6233
7270
7609
0
TO:V,FS:0,FT:5,PC:8
0
718
1942
2941
3858
4912
5820
6571
7609
0
TO:V,FS:1,FT:0,PC:11
0
601
1408
2211
2983
3713
4483
5246
5973
6615
7470
7609
0
TO:V,FS:1,FT:1,PC:11
0
601
1408
2211
2983
3713
4483
5246
5973
6615
7475
7609
0
TO:V,FS:1,FT:2,PC:12
0
574
1296
2048
2659
3388
3964
4666
5293
5931
6543
7270
7609
0
TO:V,FS:1,FT:3,PC:10
0
601
1516
2358
3107
3805
4620
5343
6061
6718
7609
0
TO:V,FS:1,FT:4,PC:12
0
574
1309
2144
2810
3425
4091
4781
5427
6079
6703
7488
7609
0
TO:V,FS:1,FT:5,PC:11
0
601
1408
2211
2936
3694
4391
5093
5718
6370
7188
7609
0
TO:V,FS:2,FT:0,PC:14
0
474
1097
1711
2327
2929
3452
4034
4656
5223
5749
6233
6866
7521
7609
0
TO:V,FS:2,FT:1,PC:13
0
474
1105
1722
2358
3004
3534
4129
4739
5293
5890
6399
7033
7609
0
TO:V,FS:2,FT:2,PC:16
0
387
906
1418
2042
2465
3000
3452
3991
4511
5048
5510
5973
6432
6968
7512
7609
0
TO:V,FS:2,FT:3,PC:13
0
474
1073
1711
2293
2892
3452
4072
4666
5246
5820
6323
6954
7609
0
TO:V,FS:2,FT:4,PC:15
0
426
971
1523
2173
2659
3205
3681
4160
4691
5202
5661
6128
6571
7221
7609
0
TO:V,FS:2,FT:5,PC:14
0
513
1135
1750
2358
2929
3452
4022
4656
5223
5718
6187
6782
7433
7609
0
