The Social Skills Guidebook
LH:425733,BH:17222,MH:592950
TO:V,FS:0,FT:0,PC:17
0
780
1828
2884
3952
4821
5969
7072
7999
8994
10089
11160
12330
13495
14636
15495
16611
17222
0
TO:V,FS:0,FT:1,PC:17
0
790
1945
3020
4155
4973
6271
7268
8134
9223
10321
11335
12475
13738
14814
15726
16853
17222
0
TO:V,FS:0,FT:2,PC:20
0
667
1471
2482
3379
4399
5167
6247
7072
7882
8771
9663
10498
11269
12312
13265
14274
15058
15940
16980
17222
0
TO:V,FS:0,FT:3,PC:17
0
783
1770
2884
3969
4874
6061
7072
8083
9135
10144
11160
12330
13495
14636
15495
16551
17222
0
TO:V,FS:0,FT:4,PC:19
0
713
1521
2633
3484
4494
5265
6337
7296
8134
9144
10089
11001
11992
13046
14185
14971
15910
16896
17222
0
TO:V,FS:0,FT:5,PC:18
0
728
1646
2791
3769
4661
5618
6654
7644
8503
9497
10498
11499
12531
13738
14756
15614
16668
17222
0
TO:V,FS:1,FT:0,PC:23
0
618
1322
2227
2966
3738
4581
5161
6054
6796
7533
8286
9020
9857
10646
11360
12219
13041
13904
14669
15277
15989
16886
17222
0
TO:V,FS:1,FT:1,PC:23
0
624
1364
2269
3008
3790
4590
5265
6250
7000
7715
8493
9223
10053
10770
11513
12330
13237
14112
14805
15434
16190
17069
17222
0
TO:V,FS:1,FT:2,PC:26
0
510
1098
1798
2509
3211
3901
4571
5120
5876
6543
7275
7853
8503
9207
9857
10549
11160
11804
12493
13324
14065
14706
15226
15903
16570
17222
0
TO:V,FS:1,FT:3,PC:23
0
578
1282
2200
2884
3592
4442
5112
5969
6702
7476
8193
8931
9804
10589
11317
12165
12993
13904
14673
15318
16090
16997
17222
0
TO:V,FS:1,FT:4,PC:25
0
532
1173
1910
2633
3281
4055
4701
5265
6107
6767
7476
8083
8778
9493
10194
10839
11559
12330
13075
13839
14577
15108
15831
16470
17222
0
TO:V,FS:1,FT:5,PC:23
0
575
1239
2101
2868
3538
4399
5027
5856
6590
7417
8083
8832
9672
10444
11126
11826
12648
13495
14369
15015
15741
16475
17222
0
TO:V,FS:2,FT:0,PC:29
0
430
992
1511
2303
2832
3379
4136
4661
5157
5856
6479
7106
7670
8223
8824
9446
10089
10716
11214
11831
12486
13195
13839
14481
14995
15495
16138
16820
17222
0
TO:V,FS:2,FT:1,PC:29
0
430
1014
1603
2318
2868
3418
4175
4661
5194
5895
6519
7143
7743
8311
8918
9585
10194
10770
11375
12005
12652
13359
14015
14622
15097
15707
16361
16989
17222
0
TO:V,FS:2,FT:2,PC:33
0
394
891
1385
1945
2453
2966
3454
4091
4590
5027
5548
6173
6585
7139
7623
8134
8719
9223
9804
10335
10812
11284
11826
12359
12985
13495
14117
14648
15058
15535
16097
16627
17222
0
TO:V,FS:2,FT:3,PC:29
0
463
1014
1557
2303
2832
3379
4096
4632
5097
5728
6380
6985
7526
8083
8688
9312
9994
10589
11160
11755
12359
13075
13712
14365
14884
15390
15940
16606
17222
0
TO:V,FS:2,FT:4,PC:32
0
430
949
1443
2080
2598
3063
3529
4170
4590
5059
5607
6250
6693
7251
7743
8249
8821
9428
10046
10542
11071
11580
12253
12838
13450
14108
14577
15058
15535
16072
16611
17222
0
TO:V,FS:2,FT:5,PC:29
0
430
984
1511
2284
2832
3379
4136
4661
5120
5796
6411
7042
7560
8134
8778
9403
10066
10635
11198
11746
12403
13104
13751
14402
14919
15467
16058
16724
17222
0
