The Social Skills Guidebook
LH:443247,BH:9151,MH:592950
TO:V,FS:0,FT:0,PC:9
0
956
2066
3171
4370
5528
6656
7694
8818
9151
0
TO:V,FS:0,FT:1,PC:9
0
956
2066
3108
4301
5512
6596
7694
8818
9151
0
TO:V,FS:0,FT:2,PC:11
0
777
1675
2483
3474
4517
5508
6404
7150
8089
9137
9151
0
TO:V,FS:0,FT:3,PC:9
0
956
2030
3059
4209
5451
6527
7578
8694
9151
0
TO:V,FS:0,FT:4,PC:10
0
868
1857
2677
3772
4852
5955
6817
7813
8793
9151
0
TO:V,FS:0,FT:5,PC:9
0
936
1975
2870
4018
5238
6313
7210
8327
9151
0
TO:V,FS:1,FT:0,PC:12
0
713
1624
2296
3120
3968
4835
5722
6527
7268
8069
8943
9151
0
TO:V,FS:1,FT:1,PC:12
0
667
1578
2250
3073
3918
4786
5678
6527
7268
8069
8950
9151
0
TO:V,FS:1,FT:2,PC:14
0
514
1339
1924
2511
3249
3915
4634
5451
6113
6766
7391
8106
8823
9151
0
TO:V,FS:1,FT:3,PC:12
0
667
1578
2250
3083
3923
4794
5678
6527
7232
8017
8895
9151
0
TO:V,FS:1,FT:4,PC:13
0
591
1440
2030
2612
3434
4218
4968
5754
6490
7103
7844
8592
9151
0
TO:V,FS:1,FT:5,PC:12
0
709
1624
2296
3104
3968
4786
5628
6454
7103
7922
8785
9151
0
TO:V,FS:2,FT:0,PC:15
0
503
1265
1790
2323
2946
3679
4330
4962
5620
6268
6835
7429
8089
8763
9151
0
TO:V,FS:2,FT:1,PC:15
0
503
1265
1795
2293
2861
3599
4284
4918
5578
6226
6830
7429
8089
8766
9151
0
TO:V,FS:2,FT:2,PC:18
0
390
992
1578
1992
2483
2997
3633
4172
4706
5338
5897
6401
6830
7341
7908
8451
8999
9151
0
TO:V,FS:2,FT:3,PC:15
0
503
1218
1795
2323
2915
3599
4262
4892
5528
6156
6727
7323
7922
8592
9151
0
TO:V,FS:2,FT:4,PC:17
0
449
1107
1675
2180
2605
3267
3850
4517
5155
5714
6263
6727
7225
7825
8404
8999
9151
0
TO:V,FS:2,FT:5,PC:15
0
485
1194
1756
2293
2861
3595
4241
4877
5528
6192
6727
7311
7922
8592
9151
0
