The Social Skills Guidebook
LH:452398,BH:9280,MH:592950
TO:V,FS:0,FT:0,PC:10
0
878
1783
2986
3997
4851
5821
6767
7834
8864
9280
0
TO:V,FS:0,FT:1,PC:10
0
897
1841
3038
4050
4904
6011
7004
8033
9217
9280
0
TO:V,FS:0,FT:2,PC:11
0
640
1502
2499
3478
4251
4904
5764
6480
7458
8321
9280
0
TO:V,FS:0,FT:3,PC:10
0
843
1738
2886
3930
4763
5681
6538
7596
8554
9280
0
TO:V,FS:0,FT:4,PC:11
0
796
1502
2489
3505
4325
5061
5945
6784
7765
8554
9280
0
TO:V,FS:0,FT:5,PC:11
0
822
1672
2711
3728
4626
5387
6312
7288
8111
9132
9280
0
TO:V,FS:1,FT:0,PC:13
0
619
1371
2080
2872
3608
4325
4929
5623
6307
7068
7775
8482
9280
0
TO:V,FS:1,FT:1,PC:13
0
568
1340
2039
2829
3608
4325
4973
5667
6324
7119
7851
8554
9280
0
TO:V,FS:1,FT:2,PC:15
0
473
1154
1783
2499
3194
3769
4359
4929
5520
6132
6754
7486
8111
8727
9280
0
TO:V,FS:1,FT:3,PC:13
0
568
1296
1964
2781
3608
4325
4929
5623
6307
7035
7760
8447
9280
0
TO:V,FS:1,FT:4,PC:14
0
518
1270
1900
2639
3375
3997
4626
5205
5860
6432
7268
7889
8554
9280
0
TO:V,FS:1,FT:5,PC:14
0
619
1296
1948
2763
3559
4242
4824
5387
6044
6671
7486
8151
8838
9280
0
TO:V,FS:2,FT:0,PC:17
0
431
1051
1502
2142
2776
3375
3911
4442
4904
5415
5960
6477
7225
7775
8321
8874
9280
0
TO:V,FS:2,FT:1,PC:16
0
473
1115
1623
2237
2867
3505
4030
4540
5041
5582
6170
6723
7399
7999
8554
9280
0
TO:V,FS:2,FT:2,PC:20
0
419
919
1371
1821
2323
2829
3359
3789
4287
4693
5190
5681
6164
6666
7259
7699
8179
8588
9217
9280
0
TO:V,FS:2,FT:3,PC:17
0
473
1115
1593
2191
2811
3412
3911
4451
4904
5459
6031
6569
7268
7775
8357
8994
9280
0
TO:V,FS:2,FT:4,PC:20
0
431
981
1407
1845
2349
2896
3436
3853
4316
4721
5205
5644
6095
6545
7217
7646
8111
8554
9212
9280
0
TO:V,FS:2,FT:5,PC:17
0
431
1015
1469
2057
2651
3229
3762
4325
4795
5271
5800
6324
6964
7564
8069
8554
9280
0
