The Social Skills Guidebook
LH:461678,BH:27000,MH:592950
TO:V,FS:0,FT:0,PC:28
0
992
2132
3151
4236
5453
6533
7166
7586
8112
8853
9959
10840
11573
12754
13518
14410
15460
16651
17842
18902
20124
21229
22284
23240
24213
25448
26531
27000
0
TO:V,FS:0,FT:1,PC:27
0
992
2074
3089
4180
5453
6533
7180
7750
8234
9276
10261
11039
11925
13108
13892
14875
16093
17333
18215
19555
20647
21793
22833
23831
24939
26192
27000
0
TO:V,FS:0,FT:2,PC:32
0
875
1927
2730
3756
4607
5605
6581
7101
7518
8064
8547
9662
10428
11088
11874
12881
13518
14289
15040
16053
17037
17981
18953
19976
20972
21837
22631
23465
24326
25336
26365
27000
0
TO:V,FS:0,FT:3,PC:28
0
992
2132
3154
4243
5461
6473
7119
7549
8112
8791
9850
10788
11510
12585
13340
14236
15296
16503
17646
18628
19762
21022
22010
23055
24038
25134
26312
27000
0
TO:V,FS:0,FT:4,PC:31
0
928
1957
2871
3902
4712
5809
6806
7215
7739
8184
9018
9947
10688
11386
12189
13143
13713
14541
15538
16651
17726
18683
19700
20801
21736
22618
23479
24379
25427
26473
27000
0
TO:V,FS:0,FT:5,PC:29
0
931
2074
3019
4126
5215
6235
7027
7379
7853
8321
9319
10261
10940
11704
12851
13518
14356
15398
16598
17646
18554
19700
20878
21890
22833
23726
24683
25892
27000
0
TO:V,FS:1,FT:0,PC:37
0
738
1673
2344
3057
3962
4655
5552
6391
7027
7364
7823
8222
8833
9702
10393
10940
11497
12268
13056
13552
14279
14940
15784
16651
17637
18265
19222
20090
20983
21732
22464
23167
23918
24611
25625
26441
27000
0
TO:V,FS:1,FT:1,PC:37
0
738
1685
2394
3122
4009
4700
5552
6391
7027
7379
7853
8266
9041
9850
10542
11088
11704
12564
13191
13713
14475
15233
16085
16899
17777
18516
19484
20337
21162
21902
22661
23375
24065
24818
25709
26569
27000
0
TO:V,FS:1,FT:2,PC:43
0
508
1329
1996
2622
3283
4009
4607
5453
6087
6806
7166
7518
8003
8333
9011
9749
10342
10868
11293
11874
12645
13191
13652
14279
14923
15538
16374
17057
17773
18351
19124
19845
20585
21311
21976
22562
23113
23759
24441
25204
25892
26606
27000
0
TO:V,FS:1,FT:3,PC:37
0
709
1703
2408
3122
4016
4815
5702
6568
7085
7430
7853
8234
8894
9809
10491
11039
11615
12431
13143
13595
14340
14988
15844
16697
17646
18321
19272
20169
21037
21821
22565
23336
24008
24720
25664
26473
27000
0
TO:V,FS:1,FT:4,PC:41
0
590
1413
2121
2824
3561
4225
4951
5729
6502
7054
7379
7853
8234
8841
9662
10298
10899
11364
11925
12770
13291
13836
14475
15148
15940
16694
17559
18215
19049
19789
20585
21304
22014
22684
23303
23908
24556
25412
26197
26955
27000
0
TO:V,FS:1,FT:5,PC:38
0
738
1660
2344
3057
3962
4655
5552
6367
7002
7286
7728
8112
8547
9526
10231
10770
11244
11925
12851
13340
13959
14589
15411
16243
17094
17911
18652
19627
20528
21234
21946
22708
23417
24106
24859
25709
26569
27000
0
TO:V,FS:2,FT:0,PC:46
0
470
1212
1927
2526
3046
3808
4386
5009
5680
6312
6908
7180
7482
7920
8234
8674
9443
10013
10575
10984
11455
12005
12770
13226
13619
14236
14837
15460
16193
16864
17631
18149
18786
19548
20206
20887
21472
22112
22754
23293
23818
24425
25086
25709
26438
27000
0
TO:V,FS:2,FT:1,PC:46
0
478
1170
1910
2455
2966
3730
4309
4947
5593
6288
6870
7180
7549
8024
8400
8970
9702
10298
10788
11197
11704
12402
12982
13424
13966
14510
15099
15748
16538
17203
17812
18351
19089
19743
20520
21098
21725
22368
22892
23479
24054
24598
25316
25969
26630
27000
0
TO:V,FS:2,FT:2,PC:54
0
369
992
1628
2114
2622
3175
3794
4263
4800
5403
5857
6412
6908
7180
7482
7853
8130
8495
9059
9662
10148
10602
10940
11357
11788
12340
12881
13291
13677
14192
14625
15127
15662
16279
16804
17431
17948
18423
19018
19627
20190
20750
21256
21725
22228
22764
23159
23664
24160
24629
25277
25825
26390
27000
0
TO:V,FS:2,FT:3,PC:48
0
478
1215
1927
2504
3003
3740
4313
4909
5552
6209
6870
7166
7468
7853
8160
8547
9278
9850
10428
10908
11326
11793
12444
13017
13424
13929
14437
14979
15630
16365
16997
17686
18215
18875
19600
20219
20847
21419
22014
22551
23100
23649
24171
24735
25448
26119
26735
27000
0
TO:V,FS:2,FT:4,PC:52
0
439
1045
1699
2155
2721
3270
3917
4394
4971
5552
6096
6743
7085
7364
7694
8024
8333
8768
9449
9918
10428
10847
11197
11667
12156
12830
13191
13586
14109
14530
15045
15648
16309
16876
17536
17981
18562
19240
19808
20466
21037
21536
22061
22578
23055
23538
24033
24512
25194
25749
26390
27000
0
TO:V,FS:2,FT:5,PC:47
0
465
1212
1910
2440
2966
3712
4263
4899
5552
6186
6850
7153
7401
7804
8112
8465
9089
9741
10298
10788
11179
11682
12308
12949
13370
13836
14428
14940
15581
16317
16950
17646
18215
18913
19627
20330
21016
21547
22154
22793
23340
23853
24441
25146
25754
26473
27000
0
