The Social Skills Guidebook
LH:488678,BH:14132,MH:592950
TO:V,FS:0,FT:0,PC:13
0
853
2031
3042
4180
5254
6373
7590
9015
10163
11259
12060
13180
14132
0
TO:V,FS:0,FT:1,PC:13
0
853
2031
3042
4180
5254
6373
7598
9015
10170
11259
12183
13301
14132
0
TO:V,FS:0,FT:2,PC:16
0
771
1820
2716
3506
4448
5414
6323
7232
8393
9419
10272
11298
12056
13068
14121
14132
0
TO:V,FS:0,FT:3,PC:14
0
797
2035
3002
4025
5021
6155
7178
8544
9788
10870
11697
12777
14052
14132
0
TO:V,FS:0,FT:4,PC:15
0
797
1913
2761
3587
4483
5594
6423
7550
8695
9788
10851
11677
12639
13723
14132
0
TO:V,FS:0,FT:5,PC:14
0
797
1976
3002
3943
5002
6000
7041
8179
9310
10342
11428
12281
13345
14132
0
TO:V,FS:1,FT:0,PC:18
0
717
1578
2332
3042
3777
4529
5425
6183
7009
7867
8836
9700
10407
11265
11914
12722
13594
14132
0
TO:V,FS:1,FT:1,PC:18
0
717
1578
2332
3042
3777
4529
5425
6183
7014
7867
8836
9706
10407
11265
11957
12770
13672
14132
0
TO:V,FS:1,FT:2,PC:21
0
581
1302
1976
2620
3173
3788
4448
5117
5840
6423
7178
7996
8815
9541
10187
10948
11519
12094
12791
13532
14132
0
TO:V,FS:1,FT:3,PC:18
0
689
1544
2287
3002
3634
4448
5286
6099
6915
7769
8745
9615
10379
11277
11914
12736
13628
14132
0
TO:V,FS:1,FT:4,PC:20
0
597
1340
2051
2731
3342
4084
4699
5425
6138
6797
7564
8413
9245
9872
10608
11345
11902
12563
13327
14132
0
TO:V,FS:1,FT:5,PC:18
0
689
1480
2287
3002
3587
4420
5117
5939
6692
7568
8532
9353
10187
11028
11667
12423
13258
14132
0
TO:V,FS:2,FT:0,PC:23
0
510
1178
1868
2450
3002
3535
4225
4855
5492
6099
6669
7345
8105
8836
9472
10114
10776
11382
11862
12478
13164
13885
14132
0
TO:V,FS:2,FT:1,PC:23
0
510
1178
1868
2450
3042
3613
4270
4898
5536
6138
6708
7387
8149
8836
9485
10151
10818
11416
11933
12522
13206
13966
14132
0
TO:V,FS:2,FT:2,PC:27
0
396
917
1542
2051
2569
3042
3535
4163
4584
5117
5746
6196
6692
7214
7853
8469
9075
9591
10143
10700
11254
11660
12122
12636
13125
13755
14132
0
TO:V,FS:2,FT:3,PC:24
0
513
1143
1851
2339
2938
3450
4129
4613
5199
5853
6373
7058
7708
8413
9116
9700
10219
10948
11467
11941
12478
13125
13839
14132
0
TO:V,FS:2,FT:4,PC:26
0
438
1023
1664
2228
2679
3137
3646
4225
4802
5374
5917
6411
7014
7580
8197
8805
9348
9910
10473
11067
11552
11999
12545
13125
13772
14132
0
TO:V,FS:2,FT:5,PC:24
0
535
1178
1868
2450
2974
3450
4153
4682
5280
5921
6461
7127
7811
8544
9256
9872
10520
11155
11628
12169
12767
13361
14091
14132
0
