The Social Skills Guidebook
LH:502810,BH:14008,MH:592950
TO:V,FS:0,FT:0,PC:13
0
956
2284
3326
4320
5470
6485
7492
8571
9705
10770
11994
13039
14008
0
TO:V,FS:0,FT:1,PC:13
0
934
2166
3204
4225
5351
6359
7371
8449
9624
10716
11933
12981
14008
0
TO:V,FS:0,FT:2,PC:16
0
797
1838
2840
3853
4696
5594
6493
7324
8079
9124
10038
10911
11952
12865
13820
14008
0
TO:V,FS:0,FT:3,PC:14
0
943
2171
3204
4233
5291
6242
7294
8276
9420
10440
11548
12783
13849
14008
0
TO:V,FS:0,FT:4,PC:15
0
889
1895
2959
3969
4890
5700
6636
7557
8610
9572
10544
11441
12540
13548
14008
0
TO:V,FS:0,FT:5,PC:14
0
919
2082
3140
4173
5252
6062
7030
7977
9193
10254
11201
12293
13440
14008
0
TO:V,FS:1,FT:0,PC:18
0
684
1564
2386
3293
4121
4965
5610
6406
7116
7901
8769
9561
10282
11079
11952
12783
13548
14008
0
TO:V,FS:1,FT:1,PC:18
0
684
1564
2386
3293
4121
4965
5655
6457
7155
7901
8769
9561
10282
11079
11952
12783
13548
14008
0
TO:V,FS:1,FT:2,PC:21
0
602
1325
2104
2802
3556
4160
4883
5533
6062
6752
7419
8020
8769
9454
10088
10716
11376
12117
12865
13548
14008
0
TO:V,FS:1,FT:3,PC:18
0
684
1569
2386
3293
4121
4965
5655
6463
7162
7901
8786
9689
10380
11204
12078
12917
13804
14008
0
TO:V,FS:1,FT:4,PC:20
0
607
1314
2152
2928
3710
4389
5163
5711
6450
7069
7658
8387
9137
9839
10561
11241
12024
12783
13517
14008
0
TO:V,FS:1,FT:5,PC:18
0
684
1540
2386
3239
4086
4847
5594
6305
7030
7756
8620
9384
10163
10922
11754
12581
13400
14008
0
TO:V,FS:2,FT:0,PC:23
0
502
1098
1848
2519
3213
3969
4458
5199
5645
6274
6828
7412
7977
8722
9362
9975
10554
11157
11822
12505
13155
13793
14008
0
TO:V,FS:2,FT:1,PC:23
0
519
1098
1848
2472
3167
3930
4419
5159
5610
6237
6788
7371
7945
8646
9258
9866
10423
11047
11691
12375
13034
13670
14008
0
TO:V,FS:2,FT:2,PC:27
0
384
956
1524
2161
2702
3204
3814
4248
4791
5291
5700
6182
6674
7162
7637
8092
8722
9258
9775
10270
10716
11241
11878
12410
12944
13517
14008
0
TO:V,FS:2,FT:3,PC:24
0
513
1145
1859
2476
3128
3842
4351
5021
5579
6062
6726
7287
7779
8387
8999
9624
10195
10751
11328
12024
12730
13335
13925
14008
0
TO:V,FS:2,FT:4,PC:26
0
462
1011
1671
2302
2881
3373
3969
4419
5091
5594
6062
6636
7121
7630
8162
8786
9343
9861
10380
10929
11427
12024
12625
13192
13768
14008
0
TO:V,FS:2,FT:5,PC:23
0
535
1140
1892
2519
3167
3904
4351
5027
5579
6062
6679
7275
7818
8476
9124
9740
10326
10916
11524
12157
12826
13477
14008
0
