The Social Skills Guidebook
LH:516818,BH:10423,MH:592950
TO:V,FS:0,FT:0,PC:10
0
829
1882
3022
4166
5286
6400
7642
8890
10109
10423
0
TO:V,FS:0,FT:1,PC:10
0
829
1882
3073
4268
5405
6462
7758
9026
10233
10423
0
TO:V,FS:0,FT:2,PC:11
0
657
1619
2497
3435
4349
5337
6341
7266
8415
9478
10423
0
TO:V,FS:0,FT:3,PC:10
0
776
1826
2932
4006
5104
6341
7464
8676
9878
10423
0
TO:V,FS:0,FT:4,PC:11
0
776
1697
2658
3626
4581
5575
6515
7615
8701
9751
10423
0
TO:V,FS:0,FT:5,PC:10
0
776
1817
2825
3924
4904
6019
7097
8395
9503
10423
0
TO:V,FS:1,FT:0,PC:13
0
572
1361
2082
2893
3705
4503
5353
6213
7028
7852
8692
9629
10423
0
TO:V,FS:1,FT:1,PC:13
0
572
1361
2082
2893
3705
4503
5353
6213
7043
7956
8789
9681
10423
0
TO:V,FS:1,FT:2,PC:16
0
436
1062
1784
2418
3141
3814
4497
5205
5921
6593
7324
8133
8864
9629
10374
10423
0
TO:V,FS:1,FT:3,PC:13
0
591
1378
2113
2901
3667
4478
5299
6121
6957
7860
8743
9681
10423
0
TO:V,FS:1,FT:4,PC:15
0
482
1191
1882
2594
3311
3986
4671
5477
6255
6953
7709
8491
9350
10072
10423
0
TO:V,FS:1,FT:5,PC:14
0
527
1308
2042
2766
3558
4280
5057
5909
6702
7550
8415
9281
10080
10423
0
TO:V,FS:2,FT:0,PC:17
0
436
1062
1722
2328
2945
3570
4125
4712
5454
6072
6712
7311
8040
8697
9451
10067
10423
0
TO:V,FS:2,FT:1,PC:17
0
436
1062
1727
2328
2945
3605
4204
4805
5477
6116
6760
7398
8129
8802
9541
10191
10423
0
TO:V,FS:2,FT:2,PC:20
0
379
847
1378
1882
2381
2893
3385
3879
4368
4865
5464
5928
6462
7043
7615
8234
8772
9386
9918
10423
0
TO:V,FS:2,FT:3,PC:17
0
436
1062
1685
2257
2843
3460
4015
4581
5281
5865
6462
7097
7803
8491
9216
9822
10423
0
TO:V,FS:2,FT:4,PC:19
0
398
902
1505
1974
2490
3022
3535
4046
4537
5073
5611
6273
6828
7398
8065
8641
9299
9885
10423
0
TO:V,FS:2,FT:5,PC:17
0
436
1050
1643
2257
2878
3460
4015
4581
5277
5902
6542
7137
7874
8533
9249
9854
10423
0
