The Social Skills Guidebook
LH:527241,BH:33016,MH:592950
TO:V,FS:0,FT:0,PC:31
0
849
1999
3140
4202
5148
6196
7375
8463
9539
10532
11474
12453
13350
14319
15158
16171
17148
18238
19445
20856
22158
23144
24292
25292
26318
27302
28342
29488
30890
32075
33016
0
TO:V,FS:0,FT:1,PC:31
0
789
1942
3077
4085
5083
6074
7336
8296
9416
10382
11406
12453
13402
14416
15302
16284
17331
18357
19616
21034
22209
23250
24440
25439
26554
27581
28639
30021
31232
32627
33016
0
TO:V,FS:0,FT:2,PC:37
0
658
1591
2449
3437
4338
5193
6002
7019
7917
8866
9678
10631
11526
12374
13140
13942
14799
15601
16458
17265
18138
19091
20242
21384
22257
23144
24158
25025
25956
26889
27727
28623
29647
30811
31796
32947
33016
0
TO:V,FS:0,FT:3,PC:31
0
789
1882
3011
4085
5087
6134
7375
8517
9591
10602
11530
12510
13350
14278
15047
16119
17148
18238
19450
20808
22050
23089
24239
25280
26203
27149
28264
29418
30730
31928
33016
0
TO:V,FS:0,FT:4,PC:35
0
674
1734
2789
3773
4716
5567
6630
7714
8682
9622
10562
11474
12404
13203
14063
14827
15751
16611
17499
18357
19429
20618
21675
22672
23562
24566
25380
26348
27179
28153
29076
30303
31327
32527
33016
0
TO:V,FS:0,FT:5,PC:33
0
780
1817
2956
3904
4838
5745
6852
7974
8980
10035
10865
11832
12680
13504
14467
15249
16171
17077
18040
19129
20449
21624
22672
23618
24690
25566
26503
27409
28445
29550
30831
31965
33016
0
TO:V,FS:1,FT:0,PC:43
0
658
1399
2277
3011
3803
4628
5234
5940
6838
7699
8439
9204
9979
10671
11466
12124
12785
13489
14172
14827
15542
16341
17132
17864
18527
19517
20515
21510
22328
23089
23814
24634
25292
25956
26734
27451
28235
28980
29931
30898
31732
32710
33016
0
TO:V,FS:1,FT:1,PC:42
0
614
1359
2215
3011
3803
4621
5259
5985
6886
7748
8517
9401
10102
10819
11646
12316
12986
13724
14498
15093
15878
16611
17394
18118
18870
19859
20864
21724
22564
23278
24108
24883
25548
26264
26996
27794
28568
29460
30416
31232
32210
33016
0
TO:V,FS:1,FT:2,PC:50
0
525
1182
1817
2551
3250
3904
4611
5148
5793
6592
7331
7955
8618
9325
9957
10576
11157
11832
12443
12972
13504
14131
14768
15379
16074
16691
17336
17981
18573
19366
20153
20967
21668
22390
23046
23633
24330
24953
25548
26189
26839
27409
28078
28688
29535
30359
31161
31910
32710
33016
0
TO:V,FS:1,FT:3,PC:43
0
614
1454
2335
3068
3860
4683
5300
6044
6941
7800
8517
9407
10102
10810
11609
12274
12935
13598
14361
14957
15645
16387
17132
17864
18480
19478
20481
21473
22203
22966
23697
24559
25292
26003
26778
27456
28282
29032
30050
31034
31887
32883
33016
0
TO:V,FS:1,FT:4,PC:48
0
572
1196
1956
2763
3428
4115
4765
5372
6065
6859
7623
8341
9052
9712
10451
11108
11832
12453
13026
13637
14353
14927
15574
16289
16945
17607
18238
18982
19817
20607
21448
22158
22851
23451
24158
24835
25462
26145
26875
27479
28177
28862
29713
30531
31270
32103
32952
33016
0
TO:V,FS:1,FT:5,PC:44
0
614
1346
2156
2987
3745
4463
5138
5793
6680
7499
8296
9052
9818
10537
11157
11832
12453
13072
13724
14447
15008
15742
16451
17148
17864
18480
19464
20387
21354
22158
22904
23562
24370
25015
25713
26422
27092
27794
28568
29460
30365
31232
32173
33016
0
TO:V,FS:2,FT:0,PC:55
0
494
1085
1734
2398
3011
3671
4285
4838
5334
5883
6630
7354
7950
8517
9174
9749
10331
10882
11474
12028
12535
13021
13504
14088
14606
15120
15660
16289
16850
17441
17974
18516
19263
19998
20735
21494
22140
22672
23214
23808
24431
24969
25527
26097
26660
27198
27794
28401
29018
29746
30492
31199
31898
32627
33016
0
TO:V,FS:2,FT:1,PC:54
0
494
1085
1734
2398
3011
3633
4279
4838
5372
5976
6728
7422
8040
8641
9251
9841
10431
10995
11619
12139
12697
13229
13724
14353
14864
15379
16036
16566
17148
17789
18357
19021
19767
20515
21230
21841
22468
23062
23562
24203
24835
25380
25994
26591
27133
27763
28361
28971
29703
30449
31161
31856
32589
33016
0
TO:V,FS:2,FT:2,PC:64
0
386
887
1399
1942
2449
3011
3548
4066
4637
5096
5567
6090
6713
7303
7834
8341
8927
9455
9928
10361
10819
11296
11813
12238
12697
13140
13570
14074
14549
14896
15379
15972
16405
16940
17466
17932
18399
18989
19624
20226
20848
21488
22023
22520
22997
23451
23950
24488
24948
25444
25918
26434
26927
27367
27829
28323
28854
29460
30079
30699
31232
31848
32448
33016
0
TO:V,FS:2,FT:3,PC:55
0
494
1085
1734
2398
3011
3639
4258
4806
5334
5883
6630
7336
7905
8517
9142
9712
10321
10819
11441
11960
12490
12986
13504
14092
14646
15168
15746
16298
16893
17452
18012
18516
19244
19911
20607
21326
21943
22552
23089
23598
24226
24835
25369
25933
26560
27092
27688
28293
28862
29577
30303
31012
31599
32332
33016
0
TO:V,FS:2,FT:4,PC:63
0
439
944
1546
2111
2720
3301
3803
4379
4871
5356
5862
6500
7067
7632
8180
8747
9273
9814
10312
10770
11278
11788
12238
12690
13140
13568
14038
14509
14893
15379
15972
16435
16937
17487
17924
18357
18954
19586
20250
20885
21510
22065
22552
23038
23479
23982
24502
24969
25495
25956
26478
26944
27441
27953
28445
29032
29671
30351
31012
31609
32290
32936
33016
0
TO:V,FS:2,FT:5,PC:56
0
494
1085
1734
2398
3011
3671
4279
4838
5334
5883
6630
7349
7947
8517
9142
9707
10321
10819
11363
11857
12421
12882
13426
13915
14467
14864
15379
16074
16606
17148
17752
18282
18934
19681
20418
21136
21751
22399
22941
23451
24024
24613
25140
25673
26223
26795
27335
27862
28469
29090
29817
30531
31199
31898
32622
33016
0
