The Social Skills Guidebook
LH:560257,BH:7964,MH:592950
TO:V,FS:0,FT:0,PC:7
0
859
2146
3365
4699
5931
7002
7964
0
TO:V,FS:0,FT:1,PC:7
0
859
2146
3379
4770
5931
7062
7964
0
TO:V,FS:0,FT:2,PC:8
0
737
1750
2881
3917
5022
5931
6820
7964
0
TO:V,FS:0,FT:3,PC:7
0
803
2028
3198
4597
5848
6895
7964
0
TO:V,FS:0,FT:4,PC:8
0
737
1835
3037
4074
5153
6150
7193
7964
0
TO:V,FS:0,FT:5,PC:7
0
803
2019
3198
4510
5658
6741
7964
0
TO:V,FS:1,FT:0,PC:10
0
675
1435
2417
3298
4261
5186
6047
6871
7826
7964
0
TO:V,FS:1,FT:1,PC:10
0
639
1346
2317
3198
4166
5153
5995
6817
7826
7964
0
TO:V,FS:1,FT:2,PC:11
0
535
1205
1998
2811
3508
4322
5097
5836
6544
7223
7964
0
TO:V,FS:1,FT:3,PC:10
0
661
1294
2328
3198
4217
5153
5981
6764
7781
7964
0
TO:V,FS:1,FT:4,PC:11
0
602
1243
2119
2938
3719
4574
5313
6081
6803
7667
7964
0
TO:V,FS:1,FT:5,PC:10
0
675
1430
2412
3249
4211
5153
5978
6764
7727
7964
0
TO:V,FS:2,FT:0,PC:12
0
481
1109
1772
2529
3198
3949
4687
5338
5995
6741
7437
7964
0
TO:V,FS:2,FT:1,PC:12
0
510
1114
1772
2529
3198
3949
4687
5352
5995
6741
7456
7964
0
TO:V,FS:2,FT:2,PC:15
0
394
936
1472
2109
2719
3280
3894
4529
5107
5658
6183
6741
7309
7927
7964
0
TO:V,FS:2,FT:3,PC:13
0
505
1114
1742
2455
3156
3856
4614
5231
5931
6593
7209
7936
7964
0
TO:V,FS:2,FT:4,PC:14
0
435
1002
1535
2208
2872
3434
4083
4728
5287
5931
6510
7033
7654
7964
0
TO:V,FS:2,FT:5,PC:12
0
481
1109
1759
2485
3198
3943
4687
5302
5966
6648
7265
7964
0
