The Social Skills Guidebook
LH:568221,BH:21714,MH:592950
TO:V,FS:0,FT:0,PC:20
0
826
2133
3144
4195
5402
6486
7518
8427
9446
10435
11547
12405
13647
14938
16176
17317
18580
19827
21076
21714
0
TO:V,FS:0,FT:1,PC:20
0
881
2185
3245
4249
5475
6486
7576
8525
9551
10616
11730
12710
13817
15017
16255
17499
18755
19997
21256
21714
0
TO:V,FS:0,FT:2,PC:24
0
751
1769
2656
3560
4473
5508
6452
7267
8093
8943
9813
10710
11547
12335
13287
14287
15297
16255
17248
18338
19425
20504
21568
21714
0
TO:V,FS:0,FT:3,PC:20
0
826
2133
3144
4135
5360
6452
7427
8275
9288
10372
11527
12393
13520
14720
15912
16964
18287
19455
20865
21714
0
TO:V,FS:0,FT:4,PC:22
0
768
1970
2868
3797
4670
5778
6810
7688
8536
9392
10352
11297
12063
13054
14126
15167
16255
17386
18486
19560
20786
21714
0
TO:V,FS:0,FT:5,PC:21
0
768
2013
2962
3997
5077
6160
7138
8000
8943
9878
10906
11730
12587
13704
14917
15998
16964
18287
19425
20649
21714
0
TO:V,FS:1,FT:0,PC:28
0
696
1606
2354
3097
3817
4554
5456
6308
7075
7855
8536
9180
9998
10774
11547
12208
12946
13759
14713
15513
16360
17203
18167
18991
19860
20804
21689
21714
0
TO:V,FS:1,FT:1,PC:27
0
696
1606
2354
3097
3832
4554
5456
6308
7075
7855
8536
9180
9998
10774
11547
12212
12946
13759
14713
15513
16360
17203
18167
18991
19860
20851
21714
0
TO:V,FS:1,FT:2,PC:33
0
595
1318
2118
2665
3245
3844
4516
5210
5864
6530
7168
7811
8311
8943
9572
10225
10888
11547
12048
12729
13456
14160
14938
15690
16398
17095
17900
18624
19376
20146
20959
21706
21714
0
TO:V,FS:1,FT:3,PC:27
0
696
1606
2354
3144
3888
4615
5580
6410
7129
7864
8536
9180
9965
10733
11520
12055
12847
13697
14577
15476
16360
17270
18228
19091
19979
20959
21714
0
TO:V,FS:1,FT:4,PC:31
0
620
1351
2133
2731
3330
3988
4656
5508
6204
6943
7556
8112
8805
9422
10142
10854
11547
12087
12847
13647
14436
15201
16063
16833
17563
18338
19167
19940
20786
21531
21714
0
TO:V,FS:1,FT:5,PC:28
0
696
1559
2317
3059
3772
4542
5301
6062
6903
7599
8196
8943
9617
10372
11183
11828
12500
13382
14177
15017
15941
16788
17635
18486
19376
20256
21114
21714
0
TO:V,FS:2,FT:0,PC:35
0
478
1148
1836
2409
2915
3433
3988
4615
5356
5989
6569
7214
7771
8275
8859
9384
9998
10590
11215
11750
12296
12898
13647
14301
15017
15745
16389
17049
17795
18446
19207
19894
20645
21265
21714
0
TO:V,FS:2,FT:1,PC:35
0
524
1151
1850
2437
2950
3456
3988
4615
5356
5989
6611
7214
7806
8311
8888
9422
10029
10640
11302
11828
12382
13032
13733
14385
15054
15787
16389
17049
17795
18446
19207
19894
20645
21270
21714
0
TO:V,FS:2,FT:2,PC:42
0
368
881
1503
2092
2508
2945
3330
3832
4321
4862
5471
5971
6486
7050
7506
7939
8431
8943
9403
9878
10352
10925
11441
11846
12378
12898
13532
14077
14681
15201
15801
16336
16927
17512
18152
18686
19311
19860
20482
21018
21638
21714
0
TO:V,FS:2,FT:3,PC:36
0
540
1161
1850
2378
2853
3366
3912
4530
5116
5760
6410
7013
7518
7982
8565
9057
9617
10252
10850
11468
11910
12533
13195
13805
14521
15152
15832
16435
17095
17795
18409
19123
19764
20476
21102
21714
0
TO:V,FS:2,FT:4,PC:40
0
434
995
1647
2185
2678
3133
3612
4085
4646
5292
5814
6452
7050
7518
7939
8431
8922
9323
9832
10352
10932
11468
11910
12480
13050
13647
14255
14927
15485
16159
16739
17333
17965
18518
19158
19751
20425
21018
21656
21714
0
TO:V,FS:2,FT:5,PC:36
0
455
1107
1795
2346
2853
3366
3942
4554
5199
5818
6452
7075
7641
8112
8660
9180
9764
10352
11023
11627
12082
12704
13362
14000
14706
15345
16079
16726
17372
18124
18779
19420
20087
20835
21459
21714
0
