The 7 Habits of Highly Effective People
LH:0,BH:66053,MH:679346
TO:V,FS:0,FT:0,PC:73
0
597
1386
2305
3195
4038
5043
6032
6798
7687
8599
9210
10238
11258
12274
13283
14221
15286
16270
17327
18306
19193
20144
21119
21919
22372
23328
23952
24756
25676
26663
27725
28760
29773
30770
31743
32619
33162
33936
34827
35671
36513
37508
38396
39131
39737
40787
41817
42888
43933
44891
45835
46774
47531
48605
49558
50567
51475
52460
53383
54431
55366
56527
57495
58384
59264
60141
60905
61798
62635
63679
64693
65693
66053
0
TO:V,FS:0,FT:1,PC:72
0
608
1397
2305
3195
4056
5047
6045
6821
7901
8730
9536
10560
11563
12575
13533
14544
15565
16588
17652
18655
19555
20555
21448
22106
22797
23590
24361
25245
26295
27268
28338
29385
30380
31344
32349
32990
33784
34502
35484
36281
37258
38230
38989
39645
40689
41722
42760
43827
44845
45780
46717
47495
48551
49507
50532
51366
52356
53270
54331
55263
56245
57399
58281
59168
60038
60807
61798
62635
63683
64693
65693
66053
0
TO:V,FS:0,FT:2,PC:86
0
418
1152
1861
2630
3360
4106
4938
5784
6668
7369
8210
8854
9580
10393
11237
12177
12972
13816
14656
15505
16316
17139
18039
18863
19656
20526
21334
21984
22372
23223
23842
24495
25245
26109
26959
27854
28755
29621
30471
31274
32036
32651
33107
33913
34502
35318
35934
36784
37609
38388
39032
39517
40335
41146
42021
42824
43702
44538
45328
46102
46943
47654
48492
49319
50149
50993
51759
52548
53368
54164
54967
55847
56775
57601
58324
59118
59855
60525
61272
61863
62714
63563
64373
65211
65950
66053
0
TO:V,FS:0,FT:3,PC:73
0
558
1339
2254
3146
4065
5047
6096
6821
7854
8622
9427
10454
11509
12562
13547
14544
15550
16477
17550
18548
19413
20397
21359
22083
22559
23508
24032
24965
25888
26890
27915
28929
29948
30989
32036
32674
33486
34305
35124
35861
36883
37785
38632
39329
40073
41095
42144
43213
44212
45275
46221
46966
48011
48985
49973
50967
51854
52781
53747
54707
55655
56685
57655
58462
59395
60237
61073
61821
62830
63791
64744
65693
66053
0
TO:V,FS:0,FT:4,PC:81
0
460
1231
1991
2705
3493
4318
5221
6092
6821
7805
8599
9168
10059
10990
11942
12797
13671
14572
15441
16355
17255
18153
18987
19872
20711
21448
22083
22595
23439
23952
24690
25502
26353
27268
28148
29070
29933
30818
31658
32413
33064
33766
34484
35257
35915
36823
37785
38580
39222
39782
40657
41563
42481
43393
44295
45155
46028
46814
47547
48439
49344
50200
51113
51887
52739
53609
54508
55395
56245
57239
58053
58832
59676
60441
61201
61821
62706
63582
64488
65354
66053
0
TO:V,FS:0,FT:5,PC:75
0
540
1339
2197
3080
3890
4886
5864
6798
7687
8599
9210
10190
11210
12226
13172
14168
15101
16089
17101
18094
18987
19938
20902
21570
22322
23030
23742
24495
25350
26303
27315
28338
29328
30329
31285
32236
32815
33581
34396
35228
35943
36934
37892
38690
39367
40020
40994
41981
42986
44035
45003
45891
46827
47563
48492
49403
50353
51258
52266
53148
54075
54967
55956
57057
57972
58832
59676
60500
61272
62019
63070
63978
64948
65831
66053
0
TO:V,FS:1,FT:0,PC:93
0
369
1043
1747
2418
3053
3729
4493
5221
5992
6706
7369
8108
8714
9319
10099
10900
11701
12461
13226
14048
14831
15611
16393
17187
17977
18758
19501
20280
21054
21658
22249
22775
23453
23952
24567
25281
26067
26816
27602
28397
29163
29933
30693
31432
32159
32651
33107
33913
34502
35244
35825
36616
37370
38108
38690
39262
39737
40504
41272
42102
42919
43736
44567
45320
46051
46814
47403
48145
48892
49612
50362
51171
51842
52593
53383
54164
54845
55613
56484
57190
57856
58555
59216
59887
60543
61272
61863
62657
63453
64197
64948
65714
66053
0
TO:V,FS:1,FT:1,PC:95
0
374
992
1697
2289
2919
3575
4271
5024
5766
6520
7151
7869
8599
9068
9853
10593
11345
12125
12872
13628
14392
15125
15878
16608
17381
18114
18850
19549
20329
21054
21658
22246
22775
23453
23952
24573
25281
26026
26743
27559
28311
29055
29757
30509
31251
31959
32537
33084
33766
34356
35002
35671
36312
37035
37785
38443
39061
39504
40250
40956
41765
42607
43393
44156
44985
45689
46367
46966
47736
48488
49158
49927
50641
51306
52066
52781
53525
54331
55021
55795
56662
57334
58080
58781
59391
60033
60674
61384
61949
62699
63453
64162
64914
65620
66053
0
TO:V,FS:1,FT:2,PC:111
0
275
869
1464
2029
2606
3175
3675
4339
5024
5664
6328
6798
7376
8002
8599
8920
9580
10216
10879
11509
12164
12779
13385
14027
14666
15328
15988
16597
17249
17867
18503
19099
19708
20359
20963
21448
21977
22349
22843
23453
23900
24384
25005
25664
26303
26936
27595
28303
28940
29621
30269
30854
31468
32080
32608
33084
33627
34128
34665
35270
35736
36423
36992
37642
38300
38849
39367
39782
40438
41085
41748
42334
42995
43725
44362
44976
45609
46175
46806
47249
47896
48527
49150
49744
50392
51033
51595
52243
52862
53480
54161
54763
55429
56082
56852
57486
58061
58622
59168
59803
60399
60947
61572
62019
62662
63311
63909
64560
65223
65810
66053
0
TO:V,FS:1,FT:3,PC:95
0
374
1043
1747
2421
3020
3634
4410
5172
5900
6661
7248
8039
8622
9252
9980
10753
11553
12341
13058
13811
14572
15317
16078
16835
17631
18368
19099
19826
20555
21275
21892
22349
22886
23548
23952
24599
25281
26026
26748
27510
28260
29021
29757
30518
31251
31959
32592
33084
33766
34436
35024
35671
36325
37098
37879
38544
39131
39554
40279
41041
41814
42627
43393
44156
44942
45654
46320
46943
47590
48303
49072
49793
50554
51258
52026
52739
53480
54259
54982
55753
56616
57294
57999
58690
59391
60076
60682
61384
61907
62662
63421
64128
64869
65576
66053
0
TO:V,FS:1,FT:4,PC:110
0
348
903
1453
2016
2603
3170
3718
4363
4976
5624
6276
6798
7426
8080
8622
9165
9772
10385
11055
11720
12395
13015
13641
14286
14949
15600
16219
16875
17540
18153
18797
19432
20053
20699
21307
21854
22349
22878
23535
23952
24479
25078
25743
26376
27033
27719
28397
29021
29662
30316
30897
31535
32150
32651
33084
33662
34218
34783
35392
35934
36547
37184
37856
38403
38889
39382
39854
40481
41129
41804
42456
43154
43824
44461
45066
45713
46276
46909
47416
48041
48677
49305
49937
50548
51163
51735
52345
52960
53586
54252
54869
55545
56163
56932
57590
58130
58769
59319
59869
60476
60965
61568
62064
62746
63404
64034
64680
65267
65882
66053
0
TO:V,FS:1,FT:5,PC:95
0
369
992
1747
2409
3015
3675
4432
5202
5944
6661
7269
8028
8622
9192
9973
10778
11500
12247
12994
13741
14518
15260
15988
16788
17597
18333
19099
19797
20584
21275
21892
22349
22931
23567
24020
24748
25408
26187
26902
27686
28476
29163
29922
30648
31389
32118
32651
33107
33913
34502
35244
35825
36616
37370
38064
38657
39207
39629
40376
41129
41917
42682
43478
44237
45025
45724
46442
47018
47775
48535
49196
49955
50719
51393
52202
52960
53691
54460
55109
55835
56706
57421
58130
58832
59529
60192
60826
61530
62066
62835
63625
64369
65057
65765
66053
0
TO:V,FS:2,FT:0,PC:119
0
275
789
1339
1861
2432
2919
3493
4047
4643
5221
5804
6417
6821
7462
8076
8599
8953
9568
10123
10692
11279
11900
12491
13054
13641
14243
14872
15505
16045
16633
17239
17825
18412
18987
19578
20168
20758
21343
21811
22226
22656
23254
23667
24090
24663
25233
25854
26415
26997
27634
28225
28832
29420
30043
30608
31192
31759
32345
32674
33107
33743
34218
34733
35270
35736
36325
36928
37523
38064
38552
38989
39382
39818
40400
40994
41607
42229
42875
43506
44113
44669
45275
45845
46393
46943
47416
48008
48597
49190
49784
50353
50929
51454
52066
52618
53202
53808
54403
54941
55572
56163
56892
57525
58076
58536
59100
59624
60127
60577
61144
61710
62107
62699
63324
63923
64519
65100
65673
66053
0
TO:V,FS:2,FT:1,PC:121
0
275
789
1323
1786
2319
2827
3351
3866
4439
4976
5582
6193
6770
7285
7884
8468
8854
9359
9930
10533
11163
11743
12341
12942
13483
14048
14670
15272
15826
16380
16939
17573
18131
18716
19255
19809
20393
20954
21448
21937
22349
22797
23406
23802
24214
24823
25350
25932
26538
27107
27755
28319
28871
29420
30005
30590
31164
31724
32305
32651
33084
33581
34013
34535
35144
35671
36161
36770
37301
37892
38364
38844
39288
39661
40253
40800
41456
42093
42696
43333
43921
44522
45101
45638
46162
46757
47197
47772
48380
48933
49526
50088
50595
51205
51724
52274
52820
53353
53954
54547
55100
55730
56484
57057
57639
58130
58690
59208
59735
60210
60655
61182
61760
62183
62794
63364
63923
64519
65057
65600
66053
0
TO:V,FS:2,FT:2,PC:143
0
237
705
1190
1656
2072
2518
2961
3423
3890
4355
4834
5320
5795
6297
6798
7235
7720
8185
8599
8877
9386
9870
10313
10822
11340
11853
12314
12779
13226
13692
14201
14712
15210
15710
16183
16646
17139
17618
18094
18598
19099
19537
20011
20477
20966
21423
21811
22176
22546
23030
23490
23865
24243
24737
25162
25621
26100
26597
27063
27588
28085
28584
29073
29480
30043
30549
30989
31457
31924
32383
32674
33084
33537
33913
34378
34783
35270
35671
36087
36595
37059
37546
38064
38484
38889
39253
39574
40059
40532
41007
41514
41995
42496
43010
43506
43992
44476
44947
45461
45946
46375
46834
47214
47718
48202
48677
49141
49622
50098
50595
51078
51485
51979
52448
52892
53386
53832
54352
54790
55263
55753
56245
56912
57394
57792
58234
58731
59168
59658
60090
60525
60950
61418
61821
62300
62848
63324
63791
64260
64744
65232
65723
66053
0
TO:V,FS:2,FT:3,PC:122
0
275
749
1339
1861
2432
2919
3474
3992
4558
5144
5694
6276
6798
7325
7922
8515
8854
9363
9930
10505
11093
11680
12274
12828
13425
13994
14533
15101
15685
16219
16788
17376
17955
18540
19099
19656
20234
20791
21354
21816
22270
22694
23254
23687
24175
24745
25315
25907
26502
27084
27678
28288
28880
29437
30043
30590
31137
31686
32236
32651
33084
33581
34060
34575
35144
35671
36172
36770
37310
37914
38403
38844
39288
39629
40212
40769
41372
41975
42548
43173
43784
44356
44910
45482
46028
46554
46966
47563
48098
48677
49227
49784
50372
50952
51428
52037
52580
53158
53691
54308
54841
55423
55999
56685
57262
57769
58281
58832
59387
59881
60438
60938
61497
61936
62536
63132
63695
64260
64821
65339
65899
66053
0
TO:V,FS:2,FT:4,PC:137
0
237
705
1152
1642
2096
2508
2955
3441
3904
4404
4928
5419
5940
6471
6927
7393
7890
8378
8758
9155
9650
10190
10708
11223
11724
12226
12739
13215
13697
14236
14725
15210
15739
16252
16745
17259
17742
18217
18750
19255
19742
20234
20747
21212
21625
22083
22372
22836
23376
23754
24132
24646
25074
25566
26067
26581
27054
27585
28102
28610
29073
29621
30141
30642
31144
31598
32101
32511
32889
33279
33822
34254
34711
35220
35671
36087
36635
37123
37642
38198
38580
38977
39329
39685
40182
40657
41184
41732
42258
42774
43351
43874
44389
44910
45413
45895
46367
46862
47249
47794
48315
48806
49332
49878
50362
50867
51294
51835
52305
52808
53270
53791
54343
54819
55329
55851
56457
56945
57425
57886
58364
58870
59329
59758
60237
60674
61172
61627
62019
62545
63120
63615
64101
64625
65125
65600
66053
0
TO:V,FS:2,FT:5,PC:120
0
311
818
1339
1861
2432
2919
3493
4038
4636
5202
5766
6339
6821
7426
8028
8599
8991
9580
10150
10737
11302
11938
12499
13092
13667
14282
14881
15476
16012
16597
17201
17786
18368
18966
19501
20088
20636
21221
21722
22186
22619
23214
23667
24096
24690
25233
25843
26415
26997
27624
28225
28832
29420
30005
30590
31161
31721
32301
32674
33107
33743
34236
34722
35270
35736
36325
36928
37517
38098
38580
39021
39406
39893
40473
41041
41649
42229
42824
43478
44079
44626
45155
45724
46267
46834
47292
47878
48481
49072
49675
50250
50808
51294
51908
52460
53038
53586
54175
54714
55263
55856
56565
57136
57680
58199
58769
59279
59797
60343
60773
61384
61821
62391
63015
63582
64182
64784
65339
65899
66053
0
