The 7 Habits Of Highly Effective People
LH:66053,BH:33315,MH:679346
TO:V,FS:0,FT:0,PC:32
0
544
1710
2634
3781
4670
5838
6983
8103
9188
10350
11529
12406
13462
14381
15495
16673
17805
18954
20106
21060
22046
23134
24285
25204
26154
27293
28407
29558
30698
31875
32890
33315
0
TO:V,FS:0,FT:1,PC:32
0
635
1816
2691
3840
4716
5838
6986
8103
9188
10350
11532
12406
13462
14381
15385
16560
17701
18746
19866
20841
21857
22856
23934
24917
25816
26927
27967
29090
30210
31389
32471
33315
0
TO:V,FS:0,FT:2,PC:39
0
437
1389
2314
3025
3950
4657
5561
6587
7488
8348
9289
10215
11102
11992
12723
13500
14423
15368
16219
17154
18086
19037
19993
20782
21636
22463
23403
24330
25115
25816
26800
27711
28626
29558
30488
31402
32299
33141
33315
0
TO:V,FS:0,FT:3,PC:32
0
548
1676
2596
3643
4568
5741
6889
7988
9071
10198
11317
12190
13312
14234
15333
16408
17505
18687
19816
20760
21736
22699
23776
24848
25752
26770
27913
29005
30159
31300
32360
33315
0
TO:V,FS:0,FT:4,PC:36
0
429
1455
2474
3359
4342
5111
6044
7005
8002
8889
9878
10884
11849
12636
13462
14306
15244
16159
17196
18223
19209
20176
21031
21981
22856
23833
24806
25649
26480
27508
28570
29558
30570
31526
32492
33315
0
TO:V,FS:0,FT:5,PC:34
0
544
1657
2596
3589
4519
5586
6696
7761
8739
9747
10849
11900
12723
13664
14708
15762
16761
17839
18902
19996
20935
21857
22833
23930
24866
25770
26850
27781
28886
29982
31072
32142
33211
33315
0
TO:V,FS:1,FT:0,PC:43
0
321
1164
2010
2680
3562
4382
5111
5951
6808
7619
8416
9231
10109
10948
11775
12478
13268
13948
14754
15608
16418
17243
18086
18856
19683
20370
21177
22006
22762
23557
24312
25040
25752
26480
27369
28201
29052
29917
30768
31600
32360
33220
33315
0
TO:V,FS:1,FT:1,PC:44
0
321
1117
1913
2596
3359
4131
4786
5597
6409
7236
8081
8839
9643
10474
11261
12063
12723
13462
14163
14964
15791
16557
17394
18269
19104
19885
20593
21376
22106
22881
23653
24484
25157
25770
26620
27468
28286
29090
29872
30686
31526
32360
33174
33315
0
TO:V,FS:1,FT:2,PC:52
0
228
920
1616
2294
2783
3502
4210
4744
5404
6104
6857
7533
8172
8801
9466
10143
10813
11464
12143
12636
13302
13820
14499
15180
15863
16509
17207
17889
18560
19218
19866
20454
21130
21786
22394
23024
23687
24388
24902
25513
26029
26728
27401
28083
28698
29394
30090
30790
31468
32158
32785
33315
0
TO:V,FS:1,FT:3,PC:43
0
321
1130
2010
2680
3562
4382
5111
5918
6770
7598
8332
9145
9979
10796
11592
12251
13079
13745
14558
15385
16159
17009
17848
18707
19563
20245
21031
21803
22557
23398
24228
24951
25688
26398
27240
28105
28922
29742
30570
31379
32252
33038
33315
0
TO:V,FS:1,FT:4,PC:49
0
305
1021
1724
2474
3074
3827
4408
5147
5852
6638
7313
7976
8649
9341
9979
10672
11382
12104
12723
13446
14016
14732
15495
16219
16911
17622
18321
19008
19749
20355
21046
21721
22412
23148
23833
24558
25157
25752
26423
27132
27781
28550
29246
29940
30675
31402
32116
32785
33315
0
TO:V,FS:1,FT:5,PC:44
0
321
1158
2010
2634
3513
4359
5031
5829
6686
7455
8252
9090
9878
10691
11426
12188
12895
13548
14423
15295
16064
16855
17659
18475
19252
20024
20701
21534
22287
23068
23813
24652
25290
25903
26746
27508
28329
29176
30002
30845
31668
32455
33305
33315
0
TO:V,FS:2,FT:0,PC:55
0
225
854
1495
2117
2634
3328
3959
4519
5147
5774
6454
7108
7703
8288
8906
9528
10088
10707
11304
11888
12447
13069
13585
14230
14829
15495
16139
16781
17394
18019
18663
19276
19943
20472
21060
21644
22265
22908
23539
24179
24826
25327
25770
26415
27047
27711
28362
28989
29632
30210
30924
31560
32196
32785
33315
0
TO:V,FS:2,FT:1,PC:55
0
228
854
1495
2158
2634
3328
3959
4519
5147
5774
6409
7073
7662
8252
8870
9493
10088
10707
11342
11963
12486
13119
13620
14270
14908
15574
16219
16855
17471
18102
18731
19356
20020
20540
21130
21762
22386
23024
23648
24299
24866
25424
25906
26543
27198
27913
28550
29167
29813
30408
31061
31704
32338
32944
33315
0
TO:V,FS:2,FT:2,PC:67
0
184
691
1224
1764
2327
2760
3321
3827
4359
4778
5319
5789
6372
6892
7417
7925
8427
8906
9386
9878
10409
10948
11475
12000
12419
12938
13462
13920
14423
14940
15495
16021
16509
17056
17573
18086
18620
19134
19639
20172
20576
21060
21572
22046
22563
23061
23570
24090
24586
25004
25474
25872
26382
26885
27381
27913
28411
28936
29454
29971
30515
31019
31529
32034
32529
33031
33315
0
TO:V,FS:2,FT:3,PC:55
0
228
918
1571
2250
2731
3404
4040
4597
5265
5895
6562
7190
7776
8362
9000
9648
10241
10849
11505
12168
12636
13302
13778
14423
15071
15685
16289
16952
17580
18236
18812
19475
20149
20686
21285
21924
22524
23189
23798
24438
24971
25513
26029
26713
27343
28029
28664
29287
29906
30573
31210
31866
32435
33074
33315
0
TO:V,FS:2,FT:4,PC:63
0
215
790
1341
1913
2474
2936
3511
4025
4519
5111
5659
6253
6833
7376
7895
8416
8960
9523
10080
10620
11195
11750
12188
12636
13197
13597
14171
14724
15244
15818
16345
16911
17460
18019
18584
19137
19703
20212
20645
21195
21736
22243
22794
23347
23860
24421
24866
25410
25836
26398
26946
27508
28105
28623
29124
29697
30341
30904
31452
32020
32558
33134
33315
0
TO:V,FS:2,FT:5,PC:55
0
264
895
1495
2154
2666
3404
4003
4556
5180
5765
6454
7069
7703
8288
8870
9459
10012
10672
11304
11927
12419
13057
13573
14226
14806
15385
16061
16699
17361
17990
18663
19276
19857
20388
21046
21644
22225
22843
23509
24117
24749
25279
25770
26391
26970
27590
28275
28895
29598
30210
30958
31582
32220
32825
33315
0
