The 7 Habits of Highly Effective People
LH:99464,BH:54877,MH:679346
TO:V,FS:0,FT:0,PC:61
0
492
1448
2381
3308
4347
5066
6038
7011
8013
9023
9985
11010
11832
12807
13677
14625
15453
16435
17236
18122
19134
20075
20968
21871
22765
23649
24637
25507
26434
27166
28070
28799
29685
30581
31356
31967
32772
33656
34364
35348
36278
37134
38095
39106
40047
40995
41862
42796
43778
44834
45868
46872
47783
48802
49779
50811
51860
52900
53739
54531
54877
0
TO:V,FS:0,FT:1,PC:60
0
503
1448
2381
3308
4347
5066
6045
7011
8013
9023
9985
11014
11832
12807
13677
14662
15509
16482
17343
18223
19248
20188
21129
22041
22933
23893
24842
25773
26664
27405
28307
29062
29844
30777
31483
32248
33055
33806
34763
35798
36621
37565
38573
39520
40489
41332
42225
43263
44300
45349
46372
47356
48341
49346
50390
51498
52533
53570
54315
54877
0
TO:V,FS:0,FT:2,PC:71
0
384
1203
2053
2783
3566
4442
5066
5840
6687
7588
8441
9327
10072
10940
11560
12410
13295
14039
14837
15580
16381
17072
17848
18615
19389
20226
21006
21871
22659
23375
24248
24859
25691
26486
27080
27875
28523
29215
29844
30703
31356
31863
32582
33285
33885
34760
35622
36399
37083
37905
38697
39520
40320
41041
41908
42655
43560
44402
45231
46152
46969
47783
48673
49517
50334
51207
52059
52874
53689
54338
54877
0
TO:V,FS:0,FT:3,PC:60
0
448
1448
2381
3262
4298
5066
6053
7044
8013
8999
9928
10844
11685
12652
13530
14522
15348
16341
17236
18122
19086
20045
20968
21871
22765
23699
24748
25620
26537
27212
28133
28907
29799
30715
31383
32158
33001
33806
34715
35705
36621
37623
38573
39520
40540
41389
42225
43263
44300
45305
46372
47362
48399
49399
50441
51498
52538
53570
54283
54877
0
TO:V,FS:0,FT:4,PC:68
0
418
1203
2076
2890
3756
4654
5323
6243
7144
8035
8903
9775
10636
11326
12252
13093
13853
14710
15472
16372
17154
17912
18775
19595
20400
21249
22041
22829
23690
24517
25239
26115
26901
27563
28363
29079
29827
30696
31356
31863
32584
33459
34115
35062
35984
36715
37598
38450
39300
40191
41024
41888
42599
43543
44481
45358
46235
47190
48044
48945
49779
50711
51640
52499
53395
54048
54781
54877
0
TO:V,FS:0,FT:5,PC:62
0
489
1444
2381
3259
4298
5066
6038
7011
7961
8939
9881
10791
11573
12556
13412
14398
15235
16192
16981
17865
18834
19755
20649
21630
22520
23344
24376
25204
26183
26901
27632
28380
29268
30010
30963
31736
32497
33235
33940
34892
35875
36726
37674
38623
39573
40527
41332
42170
43134
44196
45147
46187
47156
48096
49058
50033
51011
51958
52951
53741
54668
54877
0
TO:V,FS:1,FT:0,PC:78
0
333
1065
1811
2575
3204
4015
4777
5323
6144
6943
7655
8423
9193
9940
10680
11230
12012
12737
13397
14164
14928
15588
16315
16961
17711
18359
19096
19789
20526
21249
21871
22633
23272
24044
24752
25350
26018
26746
27279
27987
28594
29215
29827
30535
31266
31836
32431
33043
33725
34391
35198
35964
36621
37391
38140
38886
39661
40410
41077
41858
42522
43309
44095
44848
45608
46421
47190
47920
48701
49399
50201
50951
51751
52533
53303
53907
54531
54877
0
TO:V,FS:1,FT:1,PC:79
0
333
1065
1769
2529
3149
3875
4646
5206
5972
6711
7423
8155
8899
9644
10316
11049
11629
12334
13090
13740
14457
15169
15825
16547
17267
17905
18645
19335
20063
20725
21424
22087
22782
23537
24308
24859
25635
26331
26928
27632
28349
28842
29500
30110
30777
31383
31955
32582
33235
33796
34570
35344
36018
36664
37391
38095
38796
39569
40320
41041
41828
42470
43289
44051
44760
45537
46235
47028
47736
48518
49229
49992
50748
51539
52316
53130
53739
54346
54877
0
TO:V,FS:1,FT:2,PC:93
0
286
922
1552
2164
2783
3329
3965
4596
5066
5661
6262
6887
7488
8155
8796
9415
9985
10660
11141
11806
12446
13085
13607
14229
14873
15401
16046
16564
17179
17848
18403
19015
19590
20208
20793
21414
21873
22611
23111
23710
24364
24859
25490
26140
26746
27196
27726
28349
28799
29404
29844
30468
31087
31551
31998
32582
33128
33725
34258
34924
35565
36187
36664
37276
37889
38501
39134
39724
40363
40974
41496
41996
42701
43438
44091
44740
45382
46068
46730
47343
48002
48652
49310
49907
50538
51190
51872
52522
53154
53739
54262
54823
54877
0
TO:V,FS:1,FT:3,PC:80
0
286
966
1686
2381
3066
3851
4601
5110
5840
6574
7353
8126
8851
9600
10294
11004
11590
12378
13093
13717
14457
15218
15919
16564
17313
17953
18709
19383
20086
20778
21518
22135
22782
23498
24232
24842
25544
26261
26901
27468
28220
28782
29416
29977
30745
31356
31836
32460
33089
33725
34349
35108
35892
36604
37271
38000
38746
39520
40238
40984
41647
42315
43023
43835
44612
45316
46107
46872
47559
48296
49041
49779
50562
51332
52196
52947
53683
54204
54826
54877
0
TO:V,FS:1,FT:4,PC:91
0
328
922
1568
2199
2821
3387
4043
4679
5182
5820
6425
7044
7684
8327
8991
9644
10268
10910
11474
12152
12807
13351
13972
14599
15218
15813
16468
17022
17700
18236
18876
19484
20113
20702
21361
21873
22636
23144
23747
24416
24937
25564
26205
26767
27268
27770
28363
28877
29433
29967
30611
31158
31653
32175
32727
33354
33874
34534
35189
35864
36515
37037
37659
38303
38918
39520
40162
40768
41282
41940
42522
43193
43875
44481
45125
45782
46453
47061
47687
48296
48941
49555
50219
50863
51539
52196
52859
53486
53992
54531
54877
0
TO:V,FS:1,FT:5,PC:79
0
333
1051
1800
2529
3197
3910
4646
5199
5972
6750
7423
8155
8934
9675
10316
11049
11623
12378
13124
13763
14545
15235
15992
16609
17404
18032
18771
19469
20166
20863
21612
22305
22945
23670
24462
25036
25713
26434
26964
27632
28349
28799
29479
30016
30777
31383
31955
32582
33235
33796
34617
35414
36158
36741
37508
38265
39005
39732
40493
41119
41869
42522
43309
44095
44848
45608
46421
47190
47920
48701
49399
50159
50863
51669
52446
53203
53741
54453
54877
0
TO:V,FS:2,FT:0,PC:99
0
286
834
1412
1986
2567
3090
3712
4310
4876
5323
5948
6516
7124
7732
8306
8908
9493
10072
10717
11141
11763
12347
12913
13384
13972
14561
15142
15652
16243
16752
17382
17865
18453
19015
19590
20147
20698
21323
21871
22477
22969
23527
24109
24716
25204
25787
26373
26901
27363
27849
28363
28799
29331
29827
30383
30919
31356
31836
32324
32791
33392
33830
34441
35031
35635
36211
36696
37276
37889
38464
39024
39595
40191
40748
41237
41825
42348
42932
43524
44122
44695
45314
45919
46567
47134
47709
48296
48901
49517
50151
50668
51279
51910
52490
53065
53616
54048
54531
54877
0
TO:V,FS:2,FT:1,PC:100
0
286
834
1412
1998
2567
3049
3627
4235
4786
5222
5820
6408
6988
7527
8141
8680
9294
9881
10450
10993
11474
12075
12652
13273
13763
14313
14832
15308
15926
16468
16981
17621
18128
18665
19215
19723
20306
20863
21441
21873
22558
23026
23588
24220
24821
25322
25861
26434
26901
27363
27849
28363
28799
29359
29827
30383
30963
31383
31863
32486
32938
33551
33961
34558
35108
35713
36278
36774
37319
37920
38464
39061
39595
40191
40768
41242
41862
42407
42964
43539
44166
44695
45273
45868
46490
47022
47567
48152
48755
49298
49907
50485
51085
51720
52313
52939
53526
53963
54463
54877
0
TO:V,FS:2,FT:2,PC:119
0
181
667
1137
1617
2076
2551
2974
3450
3965
4442
4904
5275
5750
6243
6725
7216
7714
8191
8680
9165
9652
10113
10598
11080
11458
11980
12446
12940
13342
13837
14313
14789
15218
15679
16125
16547
16970
17471
17865
18337
18788
19248
19760
20243
20698
21178
21639
22078
22588
22991
23478
23964
24446
24859
25377
25820
26296
26767
27152
27611
28065
28447
28835
29290
29663
30061
30564
30998
31383
31836
32248
32678
33167
33656
34036
34586
35078
35594
36090
36567
36981
37465
37955
38434
38910
39384
39866
40320
40804
41195
41680
42170
42644
43096
43628
44132
44619
45125
45604
46137
46672
47134
47640
48118
48597
49125
49627
50097
50587
51077
51640
52139
52617
53122
53593
53957
54371
54781
54877
0
TO:V,FS:2,FT:3,PC:102
0
286
834
1422
2011
2567
3049
3627
4200
4786
5222
5775
6343
6929
7488
8065
8680
9256
9807
10360
10910
11388
11992
12578
13161
13632
14171
14705
15235
15813
16404
16868
17467
17941
18508
19092
19629
20188
20702
21281
21837
22397
22898
23455
24026
24602
25048
25607
26164
26664
27095
27589
28065
28496
29005
29500
29967
30535
31042
31463
31906
32486
32949
33510
33927
34534
35119
35713
36278
36737
37276
37852
38420
39005
39555
40120
40671
41119
41705
42312
42848
43438
44044
44619
45204
45821
46417
46948
47542
48118
48689
49229
49779
50377
50933
51539
52117
52708
53286
53739
54219
54705
54877
0
TO:V,FS:2,FT:4,PC:113
0
286
782
1306
1790
2301
2783
3269
3752
4269
4721
5066
5574
6053
6542
7044
7515
8026
8538
9023
9507
9985
10495
10963
11350
11905
12395
12890
13342
13870
14402
14861
15303
15825
16357
16792
17313
17810
18230
18709
19183
19629
20113
20587
21141
21630
22108
22611
23026
23537
24044
24553
24953
25490
25974
26504
26928
27433
27864
28363
28782
29215
29632
30040
30581
31068
31454
31863
32400
32825
33326
33752
34294
34833
35358
35849
36399
36824
37314
37812
38250
38733
39215
39746
40256
40796
41195
41728
42231
42734
43263
43824
44369
44859
45349
45901
46445
46941
47452
47994
48498
49041
49517
50052
50551
51065
51633
52166
52685
53203
53683
54077
54496
54877
0
TO:V,FS:2,FT:5,PC:100
0
286
834
1381
1952
2486
3014
3590
4200
4786
5261
5840
6425
7011
7602
8191
8785
9368
9915
10512
11080
11560
12134
12690
13258
13754
14283
14832
15348
15953
16547
17096
17690
18207
18762
19335
19925
20470
21013
21609
22160
22765
23268
23839
24446
24937
25490
26093
26634
27080
27611
28133
28594
29111
29584
30078
30651
31146
31615
32087
32582
33106
33663
34115
34774
35369
35967
36546
37024
37620
38223
38784
39345
39926
40514
41024
41540
42170
42697
43349
43921
44512
45125
45751
46372
46948
47529
48118
48711
49298
49900
50485
51046
51683
52269
52854
53410
53898
54387
54864
54877
0
