The 7 Habits of Highly Effective People
LH:154395,BH:103049,MH:679346
TO:V,FS:0,FT:0,PC:111
0
473
1528
2468
3194
4203
5236
6263
7293
8328
9303
10247
11225
12233
13181
14146
14969
16002
16690
17670
18543
19548
20513
21421
22448
23459
24175
24951
25593
26355
27221
28178
29169
30160
31086
32095
32827
33838
34786
35688
36689
37665
38771
39706
40678
41677
42711
43778
44752
45656
46595
47491
48462
49323
50326
51340
52338
53172
54138
54703
55690
56656
57645
58655
59239
60250
61242
62257
63148
64160
65123
66080
67080
68050
69030
70036
71084
72078
72948
73870
74781
75725
76515
77523
78409
79301
80315
81311
82247
83241
84220
84842
85615
86581
87589
88531
89548
90521
91512
92383
93285
94261
95217
96172
96808
97812
98816
99667
100639
101681
102312
103049
0
TO:V,FS:0,FT:1,PC:110
0
488
1528
2468
3246
4257
5290
6320
7346
8383
9416
10423
11450
12487
13448
14370
15223
16228
16984
17996
18989
19979
20857
21828
22862
23853
24579
25263
25998
26866
27755
28745
29713
30623
31612
32411
33443
34489
35363
36350
37349
38399
39436
40390
41344
42390
43454
44503
45425
46376
47221
48199
49057
50069
51117
52151
52973
53923
54592
55419
56395
57412
58384
59212
60033
61015
62041
62966
63985
64908
65881
66920
67892
68847
69873
70924
71911
72836
73707
74642
75597
76403
77401
78247
79151
80166
81154
82090
83083
84060
84709
85521
86482
87528
88486
89494
90500
91461
92325
93268
94153
95118
96124
96758
97758
98767
99610
100614
101633
102264
103049
0
TO:V,FS:0,FT:2,PC:130
0
366
1201
2046
2856
3484
4312
5179
6061
6945
7753
8601
9437
10241
11110
11946
12743
13508
14352
15055
15914
16665
17405
18112
18976
19774
20530
21421
22248
23120
23951
24518
25147
25722
26459
27171
27977
28873
29733
30522
31354
32155
32778
33616
34522
35264
36118
36927
37665
38586
39421
40214
41033
41920
42802
43662
44503
45307
46112
46986
47681
48516
49208
50095
50934
51792
52587
53327
54151
54619
55485
56332
57151
57993
58836
59341
60225
61070
61982
62672
63511
64292
65102
65969
66828
67680
68528
69376
70213
71031
71901
72674
73481
74279
75122
75944
76655
77466
78178
78894
79765
80593
81499
82326
83131
83999
84538
85180
85881
86744
87589
88375
89219
90054
90872
91728
92413
93235
93954
94707
95577
96334
96953
97841
98685
99487
100249
101055
101886
102434
103049
0
TO:V,FS:0,FT:3,PC:110
0
432
1492
2468
3138
4208
5179
6263
7302
8337
9369
10372
11272
12285
13293
14275
15125
16171
16887
17838
18775
19774
20636
21634
22648
23711
24367
25108
25722
26573
27373
28379
29363
30384
31354
32198
33181
34281
35195
36187
37186
38232
39286
40298
41344
42347
43397
44415
45387
46385
47288
48256
49121
50132
51127
52227
53060
54092
54619
55591
56612
57596
58599
59212
60093
61130
62155
63108
64110
65132
66110
67137
68090
69087
70049
71084
72190
73119
74104
75109
75944
76895
77754
78775
79613
80696
81697
82685
83651
84402
85083
85897
86980
87989
88938
89965
90957
91851
92733
93629
94591
95651
96595
97425
98456
99460
100316
101277
102066
102804
103049
0
TO:V,FS:0,FT:4,PC:124
0
456
1364
2248
2986
3865
4710
5586
6475
7398
8254
9189
10082
10963
11844
12689
13554
14395
15129
16011
16690
17585
18333
19229
20095
20857
21719
22586
23459
24175
24917
25586
26241
26970
27766
28639
29479
30331
31154
31974
32648
33534
34478
35264
36187
37076
37990
38891
39745
40607
41485
42359
43246
44222
45048
45921
46811
47560
48381
49129
50018
50888
51779
52604
53416
54325
54833
55698
56543
57437
58352
59185
59762
60666
61565
62388
63299
64141
64992
65908
66821
67715
68557
69471
70388
71307
72227
73020
73895
74734
75570
76268
77214
77928
78842
79605
80478
81370
82224
83075
83970
84538
85180
85905
86827
87773
88606
89430
90321
91144
92066
92825
93613
94494
95376
96201
96738
97567
98462
99277
99996
100908
101797
102379
103049
0
TO:V,FS:0,FT:5,PC:114
0
468
1474
2415
3138
4142
5117
6017
6996
8019
8966
9938
10936
11812
12802
13657
14620
15477
16340
17190
18013
18989
19967
20848
21774
22810
23804
24523
25178
25772
26590
27420
28379
29352
30368
31292
32155
32971
34001
34923
35834
36790
37665
38717
39655
40610
41596
42607
43599
44503
45421
46309
47121
48103
48919
49910
50945
51927
52758
53705
54565
55202
56132
57103
58112
59100
59669
60666
61631
62543
63517
64419
65376
66348
67306
68300
69286
70298
71307
72279
73166
74085
74985
75928
76724
77682
78614
79471
80452
81460
82390
83303
84263
84842
85564
86477
87470
88366
89326
90287
91195
92202
93093
93945
94861
95828
96625
97396
98398
99403
100215
101166
102015
102701
103049
0
TO:V,FS:1,FT:0,PC:143
0
345
1187
1942
2709
3263
4020
4788
5521
6343
7156
7934
8720
9515
10300
11050
11786
12558
13266
14008
14748
15379
16161
16690
17442
18059
18821
19624
20386
21069
21851
22629
23395
24116
24636
25147
25722
26311
26914
27571
28379
29130
29897
30609
31354
32107
32636
33439
34219
34917
35696
36464
37172
37948
38706
39449
40162
40917
41677
42462
43246
44054
44865
45544
46336
47104
47781
48552
49208
50002
50775
51502
52264
52905
53604
54373
54797
55574
56324
57119
57838
58572
59212
59845
60612
61378
62189
62874
63627
64393
65128
65898
66712
67473
68233
68981
69716
70518
71307
72134
72843
73653
74363
75122
75892
76515
77293
77928
78724
79367
80111
80901
81667
82402
83204
83950
84499
84988
85609
86340
87139
87856
88568
89296
90054
90814
91526
92202
92911
93519
94261
95000
95759
96397
96928
97693
98415
99145
99789
100587
101402
102066
102565
103049
0
TO:V,FS:1,FT:1,PC:145
0
345
1187
1898
2668
3170
3884
4643
5358
6123
6935
7732
8472
9276
10028
10815
11543
12259
12957
13687
14427
15047
15836
16476
17190
17861
18517
19321
20095
20760
21506
22299
23025
23804
24367
25019
25608
26188
26809
27453
28257
29008
29771
30522
31306
32063
32604
33347
34177
34917
35696
36418
37213
37990
38745
39545
40206
40964
41677
42437
43223
43920
44674
45369
46140
46900
47557
48293
48927
49699
50482
51216
51968
52604
53320
54110
54592
55226
56012
56767
57533
58244
59008
59441
60250
60952
61681
62388
63172
63877
64638
65376
66174
66920
67701
68425
69159
69908
70654
71450
72270
72929
73707
74476
75201
75944
76604
77384
78016
78815
79461
80199
80996
81744
82518
83244
83994
84499
84988
85609
86340
87139
87869
88568
89296
90054
90814
91526
92202
92911
93569
94353
95046
95808
96443
96975
97693
98415
99128
99697
100448
101268
101928
102379
103036
103049
0
TO:V,FS:1,FT:2,PC:170
0
269
914
1555
2169
2832
3286
3884
4549
5179
5827
6475
7145
7753
8403
9061
9681
10308
10936
11577
12212
12798
13428
14070
14697
15235
15893
16422
17014
17652
18176
18821
19449
20106
20615
21277
21896
22538
23196
23853
24250
24860
25375
25849
26417
26975
27484
28147
28771
29402
30046
30646
31292
31876
32329
32930
33569
34226
34871
35480
36069
36679
37296
37969
38599
39183
39892
40521
41190
41843
42484
43137
43796
44445
45048
45667
46366
47011
47527
48116
48657
49295
49944
50556
51165
51824
52532
53045
53643
54293
54619
55299
55882
56499
57136
57782
58384
59030
59375
60014
60663
61279
61917
62476
63119
63714
64378
64988
65654
66333
67012
67680
68300
68981
69605
70246
70891
71499
72190
72762
73383
73984
74649
75288
75944
76515
77192
77699
78315
78894
79487
80156
80790
81410
82077
82722
83330
83980
84443
84923
85425
85944
86611
87244
87856
88494
89120
89754
90339
90932
91585
92202
92769
93285
93941
94581
95244
95842
96387
96798
97438
98086
98759
99403
99952
100567
101209
101797
102202
102701
103049
0
TO:V,FS:1,FT:3,PC:147
0
318
1091
1852
2638
3122
3884
4662
5405
6147
6935
7689
8429
9186
9938
10688
11450
12169
12862
13598
14305
14913
15654
16323
16930
17704
18333
19092
19817
20513
21211
21946
22648
23408
24173
24762
25237
25764
26355
26948
27582
28354
29047
29771
30443
31191
31876
32460
33217
33994
34767
35439
36187
36961
37665
38480
39183
39946
40703
41437
42168
42975
43765
44539
45230
45956
46715
47330
48047
48657
49386
50155
50841
51550
52308
52905
53604
54373
54800
55529
56245
56994
57712
58475
59185
59666
60415
61175
61917
62567
63311
64048
64780
65512
66295
67059
67791
68470
69253
70006
70750
71489
72279
72978
73707
74436
75122
75855
76515
77293
77921
78651
79274
80039
80764
81534
82268
82979
83738
84363
84800
85374
85991
86789
87589
88313
88966
89707
90463
91144
91894
92535
93268
93976
94707
95422
96124
96662
97212
98007
98802
99487
100131
100917
101657
102093
102688
103049
0
TO:V,FS:1,FT:4,PC:169
0
345
1000
1635
2280
2947
3496
4116
4775
5413
6068
6672
7419
8073
8723
9362
10021
10630
11253
11891
12502
13142
13767
14382
14936
15577
16219
16690
17413
17996
18592
19249
19879
20491
21027
21686
22345
22982
23653
24175
24815
25263
25757
26276
26806
27335
27977
28622
29237
29885
30522
31151
31764
32286
32925
33587
34292
34909
35530
36175
36802
37449
38108
38785
39436
40082
40734
41344
42025
42734
43381
44037
44683
45281
45928
46561
47121
47735
48317
48856
49472
50103
50743
51348
51997
52587
53172
53835
54471
54833
55485
56122
56775
57437
58071
58696
59212
59772
60399
61015
61631
62287
62863
63487
64072
64685
65300
65947
66578
67211
67854
68502
69166
69837
70483
71137
71856
72457
73066
73707
74307
74921
75555
76020
76710
77384
77917
78503
79048
79688
80339
80938
81576
82186
82827
83449
84081
84538
85027
85541
86143
86799
87477
88112
88766
89394
90054
90681
91295
91931
92480
93111
93640
94273
94866
95492
96113
96625
97143
97762
98362
98955
99504
100136
100791
101433
102019
102452
102984
103049
0
TO:V,FS:1,FT:5,PC:146
0
345
1086
1852
2506
3122
3884
4662
5391
6147
6935
7721
8452
9216
9986
10766
11496
12214
12862
13590
14331
14949
15738
16386
17056
17784
18445
19225
19979
20615
21372
22163
22912
23665
24175
24860
25300
25849
26459
27066
27755
28505
29246
30002
30688
31439
32155
32728
33480
34243
34959
35696
36409
37121
37881
38615
39365
40082
40828
41605
42336
43119
43837
44575
45263
46034
46787
47459
48199
48825
49591
50305
51070
51792
52562
53172
53903
54565
55083
55848
56588
57368
58083
58824
59333
60111
60876
61631
62371
63085
63835
64595
65376
66155
66920
67693
68425
69187
69857
70651
71447
72264
72929
73707
74436
75160
75930
76515
77278
77928
78724
79367
80111
80901
81667
82402
83151
83871
84447
84923
85469
86118
86903
87659
88375
89097
89833
90609
91306
92066
92686
93285
94022
94753
95512
96216
96707
97383
98150
98893
99504
100263
100954
101681
102165
102784
103049
0
TO:V,FS:2,FT:0,PC:182
0
269
897
1483
2083
2709
3069
3697
4264
4849
5426
6022
6629
7299
7906
8491
9090
9721
10308
10877
11487
12074
12641
13219
13788
14382
14867
15460
16065
16557
17114
17693
18197
18813
19434
20021
20530
21138
21719
22335
22954
23574
24163
24600
25048
25444
25812
26311
26772
27258
27866
28456
29031
29603
30195
30727
31338
31916
32358
32936
33543
34169
34786
35394
35984
36574
37149
37754
38385
38988
39570
40158
40741
41344
41981
42576
43196
43778
44375
44979
45544
46166
46787
47259
47860
48391
48883
49472
50062
50665
51238
51824
52461
52942
53559
54141
54592
55039
55623
56239
56837
57437
58028
58619
59185
59556
60182
60764
61323
61952
62468
63071
63672
64224
64774
65376
65982
66578
67188
67781
68414
69018
69597
70238
70803
71377
72056
72614
73176
73707
74265
74849
75423
75944
76489
77108
77682
78192
78775
79270
79890
80491
81053
81614
82186
82790
83373
83950
84402
84815
85224
85664
86297
86916
87556
88150
88766
89357
89953
90521
91022
91669
92219
92806
93327
93897
94484
95035
95641
96216
96674
97165
97762
98321
98910
99469
99947
100551
101115
101710
102093
102596
103049
0
TO:V,FS:2,FT:1,PC:183
0
269
897
1445
2050
2638
3069
3633
4195
4775
5342
5902
6515
7180
7789
8379
8961
9555
10167
10720
11272
11891
12422
12985
13536
14136
14729
15245
15836
16340
16930
17566
18013
18592
19209
19810
20368
20887
21433
22038
22607
23216
23839
24250
24860
25300
25722
26182
26660
27152
27714
28327
28888
29464
30075
30639
31230
31801
32246
32808
33429
34092
34704
35264
35912
36501
37076
37665
38346
38977
39603
40162
40741
41344
41981
42576
43196
43778
44348
44906
45438
46039
46633
47121
47713
48243
48736
49325
49910
50523
51111
51690
52326
52796
53401
54002
54565
54962
55560
56161
56775
57407
57993
58540
59158
59509
60103
60657
61197
61787
62371
62938
63487
64033
64606
65169
65742
66359
66920
67502
68130
68734
69328
69918
70483
71100
71690
72345
72912
73536
74090
74676
75201
75774
76241
76871
77492
78000
78622
79123
79688
80305
80886
81410
81980
82562
83126
83685
84246
84582
84988
85459
85944
86572
87206
87815
88375
88995
89595
90188
90771
91336
91931
92442
92989
93504
94087
94656
95197
95800
96334
96738
97291
97862
98438
98996
99487
100024
100587
101154
101710
102093
102604
103049
0
TO:V,FS:2,FT:2,PC:221
0
162
649
1147
1621
2099
2638
2986
3431
3884
4388
4873
5377
5881
6405
6955
7449
7934
8379
8881
9378
9829
10372
10838
11272
11816
12308
12754
13219
13708
14159
14664
15036
15531
16040
16412
16930
17425
17913
18302
18775
19273
19774
20252
20672
21170
21643
22152
22638
23092
23595
24067
24436
24860
25237
25593
25969
26385
26772
27171
27625
28128
28626
29068
29534
30002
30443
30939
31390
31876
32241
32720
33159
33652
34141
34650
35111
35606
36080
36578
37046
37523
37990
38489
38977
39474
39956
40435
40912
41430
41930
42411
42889
43397
43872
44362
44855
45301
45808
46277
46770
47156
47633
48103
48572
48948
49449
49938
50433
50909
51410
51824
52377
52782
53275
53778
54264
54592
54980
55476
55945
56440
56927
57419
57909
58384
58878
59212
59643
60171
60657
61144
61631
62134
62525
63032
63522
63990
64462
64933
65446
65973
66441
66920
67413
67892
68374
68847
69413
69903
70388
70876
71377
71927
72372
72843
73312
73781
74225
74721
75160
75664
76020
76555
77064
77561
77928
78409
78877
79304
79796
80300
80757
81261
81744
82212
82704
83190
83685
84184
84499
84876
85224
85624
86118
86623
87128
87589
88077
88554
89016
89511
89965
90431
90914
91428
91931
92329
92806
93268
93712
94199
94649
95125
95622
96113
96541
96893
97383
97862
98321
98821
99282
99689
100153
100639
101086
101537
102003
102307
102688
103049
0
TO:V,FS:2,FT:3,PC:189
0
162
741
1307
1888
2441
2986
3543
4075
4662
5262
5827
6436
7063
7662
8232
8806
9373
9938
10550
11089
11693
12241
12788
13380
13912
14464
14936
15495
16065
16518
17088
17652
18133
18711
19273
19851
20406
20887
21433
22054
22613
23188
23778
24175
24745
25147
25571
25998
26455
26904
27373
27965
28542
29112
29662
30232
30727
31329
31876
32329
32884
33466
34092
34704
35255
35810
36350
36917
37491
38070
38667
39183
39841
40390
40977
41546
42113
42699
43246
43861
44445
44979
45528
46082
46668
47121
47676
48243
48698
49244
49801
50369
50909
51479
52079
52587
53060
53680
54248
54619
55206
55770
56357
56932
57489
58071
58619
59185
59544
60103
60657
61197
61800
62371
62902
63449
64001
64536
65095
65698
66333
66920
67458
68046
68624
69205
69797
70410
71003
71540
72190
72717
73257
73781
74343
74899
75433
75944
76489
77069
77656
78115
78711
79200
79775
80339
80901
81479
82021
82603
83170
83723
84301
84630
85056
85510
86025
86640
87244
87815
88375
88962
89563
90131
90681
91184
91756
92219
92769
93285
93879
94407
94955
95524
96113
96572
97000
97600
98154
98716
99272
99726
100299
100874
101462
101985
102342
102838
103049
0
TO:V,FS:2,FT:4,PC:209
0
269
824
1370
1852
2361
2915
3263
3774
4231
4723
5211
5706
6251
6835
7368
7894
8379
8842
9397
9829
10385
10859
11378
11871
12357
12862
13356
13818
14316
14826
15273
15792
16323
16690
17242
17775
18176
18691
19213
19732
20217
20660
21187
21681
22214
22718
23252
23774
24173
24636
25008
25357
25722
26138
26528
26940
27330
27866
28379
28908
29402
29913
30418
30898
31428
31950
32340
32827
33360
33883
34419
34906
35439
35936
36429
36932
37405
37919
38412
38941
39465
39983
40465
41011
41571
42025
42568
43126
43662
44158
44644
45142
45652
46198
46712
47156
47704
48199
48657
49167
49723
50221
50737
51263
51766
52308
52730
53207
53766
54283
54619
55148
55690
56186
56704
57277
57804
58343
58842
59212
59595
60148
60689
61210
61772
62269
62742
63227
63730
64246
64774
65300
65823
66355
66887
67413
67927
68463
69015
69512
70027
70567
71100
71648
72190
72674
73198
73696
74177
74676
75160
75673
76078
76652
77196
77682
78167
78667
79120
79613
80141
80635
81154
81639
82175
82693
83172
83685
84184
84499
84876
85260
85660
86218
86736
87272
87773
88260
88739
89206
89731
90222
90760
91250
91735
92219
92733
93254
93690
94222
94742
95289
95813
96276
96695
97131
97635
98154
98670
99183
99610
100092
100601
101115
101604
102052
102342
102794
103049
0
TO:V,FS:2,FT:5,PC:185
0
269
841
1418
2000
2506
3031
3633
4195
4775
5358
5936
6549
7180
7753
8337
8920
9515
10094
10651
11253
11778
12345
12849
13408
13938
14492
14977
15531
16103
16591
17186
17730
18233
18850
19472
20066
20530
21132
21711
22293
22870
23463
24053
24518
24984
25357
25722
26206
26683
27178
27707
28316
28886
29452
30002
30562
31137
31720
32198
32792
33380
33987
34583
35165
35755
36342
36927
37526
38108
38695
39272
39852
40449
41033
41650
42255
42883
43471
44070
44665
45188
45776
46350
46933
47412
47952
48535
49028
49603
50221
50820
51386
51997
52562
53045
53630
54212
54619
55191
55770
56345
56891
57479
58017
58619
59185
59595
60209
60804
61363
61982
62498
63113
63672
64224
64774
65376
65982
66578
67149
67715
68275
68847
69481
70113
70708
71295
71896
72420
72991
73555
74090
74670
75201
75774
76236
76871
77492
77965
78546
79048
79613
80189
80764
81339
81892
82518
83083
83651
84246
84582
84988
85459
85944
86559
87185
87773
88375
88995
89588
90126
90706
91295
91855
92332
92928
93399
93976
94536
95093
95660
96216
96674
97165
97762
98321
98907
99445
99947
100514
101075
101657
102093
102596
103049
0
