The 7 Habits of Highly Effective People
LH:257494,BH:66088,MH:679346
TO:V,FS:0,FT:0,PC:74
0
374
1221
2202
3164
4192
5013
5951
6856
7919
8910
9944
10809
11591
12649
13436
13978
14767
15566
16582
17540
18406
19416
20234
21066
22065
22925
23995
24998
25904
26871
27944
28937
29566
30531
31495
32505
33489
34501
35492
36098
37059
38027
38781
39548
40460
41406
42376
43313
44351
45405
46207
47146
48151
49073
49529
50329
51269
52136
53174
54091
54942
55886
56823
57512
58127
58952
59913
60795
61571
62590
63555
64561
65397
66088
0
TO:V,FS:0,FT:1,PC:74
0
374
1221
2263
3227
4240
5075
6057
7049
8068
9071
10061
11023
11817
12825
13635
14233
14981
15768
16761
17754
18620
19451
20365
21280
22187
23133
24204
25188
26180
27195
28247
29238
29824
30744
31789
32823
33815
34786
35634
36331
37393
38363
38810
39893
40884
41780
42650
43698
44686
45627
46510
47463
48472
49169
49882
50677
51614
52552
53625
54452
55401
56303
57181
57828
58421
59418
60354
61226
62085
63081
64034
64932
65761
66088
0
TO:V,FS:0,FT:2,PC:88
0
337
890
1761
2571
3447
4268
4974
5671
6507
7384
8214
9071
9878
10690
11532
12210
13078
13635
14074
14675
15483
16188
16980
17784
18526
19405
20109
20732
21472
22204
23133
24024
24877
25680
26487
27304
28129
28937
29383
30106
30945
31830
32599
33481
34340
35169
35855
36499
37386
38173
38781
39355
40238
40973
41809
42537
43434
44303
45166
45768
46652
47512
48374
49089
49474
50166
51050
51798
52631
53524
54206
54982
55832
56575
57258
57828
58344
59115
59908
60669
61473
62210
63067
63910
64616
65351
66032
66088
0
TO:V,FS:0,FT:3,PC:74
0
357
1132
2159
3179
4138
5013
6117
7059
8074
9071
10126
11023
11821
12825
13635
14194
14981
15822
16761
17763
18678
19498
20421
21328
22204
23246
24323
25242
26296
27248
28301
29318
29888
30856
31903
32992
33966
34941
35761
36579
37598
38631
39100
40095
40973
41912
42739
43812
44794
45666
46703
47627
48645
49257
50006
50801
51702
52688
53676
54553
55521
56516
57271
57921
58589
59617
60562
61488
62356
63371
64291
65117
66001
66088
0
TO:V,FS:0,FT:4,PC:83
0
357
1040
1953
2847
3762
4653
5385
6284
7191
8103
8987
9868
10638
11514
12210
13056
13635
14170
14836
15566
16446
17328
18082
19014
19805
20558
21314
22176
22925
23820
24736
25555
26441
27298
28213
29129
29661
30477
31284
32231
33142
34035
34919
35636
36331
37263
38147
38781
39423
40256
41087
41970
42684
43616
44473
45391
46039
46922
47798
48641
49257
49942
50651
51532
52378
53254
54131
54928
55846
56570
57321
57921
58541
59411
60238
61080
61811
62676
63529
64348
65093
65855
66088
0
TO:V,FS:0,FT:5,PC:76
0
357
1124
2052
3004
4029
4974
5788
6736
7718
8693
9673
10526
11489
12271
13256
13770
14397
15319
16156
17101
18018
18921
19760
20613
21429
22255
23292
24362
25242
26180
27192
28193
29189
29824
30739
31735
32753
33697
34618
35556
36185
37160
38125
38781
39536
40445
41255
42246
43055
44111
45090
45887
46888
47885
48778
49284
50127
50952
51798
52737
53676
54503
55451
56354
57181
57828
58421
59366
60298
61135
61973
62925
63879
64753
65608
66088
0
TO:V,FS:1,FT:0,PC:94
0
286
808
1647
2400
3212
4034
4745
5341
6107
6856
7683
8432
9207
9996
10676
11463
12037
12789
13371
13797
14397
15131
15782
16567
17328
18018
18708
19451
20210
20854
21501
22204
23020
23808
24622
25283
26071
26818
27574
28338
29120
29612
30342
31121
31912
32599
33429
34193
35004
35634
36164
36952
37713
38468
38810
39625
40382
41048
41824
42482
43249
44057
44823
45627
46236
46934
47739
48505
49089
49474
50127
50745
51484
52229
53028
53781
54494
55185
55930
56609
57258
57794
58310
59019
59801
60515
61211
61848
62624
63400
64122
64818
65462
66088
0
TO:V,FS:1,FT:1,PC:96
0
286
808
1602
2389
3122
3902
4608
5194
5930
6687
7507
8239
8926
9682
10341
11062
11686
12468
13230
13662
14246
14830
15549
16212
16930
17713
18359
19148
19753
20434
21046
21805
22446
23224
24031
24821
25511
26267
26975
27723
28490
29294
29789
30525
31284
32128
32934
33692
34464
35178
35843
36402
37211
37961
38688
39056
39811
40561
41224
41991
42668
43480
44240
44954
45627
46236
46934
47694
48464
49089
49474
50127
50745
51442
52136
52987
53711
54452
55107
55853
56511
57166
57665
58140
58799
59580
60230
60893
61514
62292
63055
63804
64538
65167
65804
66088
0
TO:V,FS:1,FT:2,PC:113
0
196
698
1270
1924
2527
3185
3829
4497
5013
5677
6322
7003
7622
8257
8869
9504
10159
10747
11326
11804
12500
13165
13623
13886
14370
14874
15483
15995
16644
17273
17916
18448
19157
19697
20251
20926
21405
22055
22572
23262
23891
24541
25099
25743
26379
26975
27652
28290
28937
29345
29877
30464
31062
31712
32361
33052
33621
34340
34981
35599
35984
36602
37285
37911
38534
38808
39403
40069
40638
41255
41892
42393
43045
43742
44351
45039
45627
46164
46785
47431
48080
48675
49116
49510
50127
50677
51289
51864
52499
53116
53711
54329
54878
55502
56137
56784
57271
57745
58202
58791
59433
60036
60616
61207
61712
62330
62967
63555
64246
64851
65361
65894
66088
0
TO:V,FS:1,FT:3,PC:97
0
196
746
1467
2216
2984
3762
4518
5157
5930
6689
7427
8152
8897
9648
10341
11062
11698
12446
13144
13635
14074
14625
15357
15951
16685
17472
18082
18868
19537
20234
20898
21509
22204
22974
23722
24497
25188
25939
26677
27447
28213
28985
29421
30178
30941
31712
32459
33219
33948
34618
35379
35910
36540
37312
38050
38754
39158
39904
40606
41314
42036
42668
43434
44193
44921
45627
46236
46934
47743
48464
49089
49474
50127
50789
51490
52136
52948
53711
54429
55119
55886
56525
57210
57689
58166
58811
59533
60238
60940
61613
62338
63063
63759
64450
65086
65693
66088
0
TO:V,FS:1,FT:4,PC:111
0
275
746
1355
1996
2607
3282
3955
4595
5100
5753
6365
7003
7665
8300
8926
9532
10150
10727
11326
11894
12537
13186
13635
14019
14508
15120
15646
16259
16917
17540
18068
18708
19434
20028
20572
21112
21746
22280
22917
23576
24204
24877
25481
26123
26794
27447
28118
28782
29343
29816
30405
31054
31735
32394
33093
33688
34340
35004
35634
36137
36785
37393
38017
38678
39042
39687
40295
40931
41510
42152
42684
43349
44012
44671
45327
45858
46481
47132
47798
48457
49053
49392
50029
50573
51202
51815
52486
53111
53711
54325
54915
55502
56130
56728
57271
57785
58266
58820
59426
60002
60609
61201
61753
62366
62967
63555
64241
64845
65385
65913
66088
0
TO:V,FS:1,FT:5,PC:96
0
286
763
1551
2342
3072
3853
4590
5157
5930
6727
7507
8269
9012
9733
10389
11155
11733
12508
13256
13745
14328
14880
15549
16251
16969
17713
18354
19176
19798
20434
21092
21849
22490
23310
24080
24861
25546
26339
27020
27814
28574
29343
29902
30604
31423
32219
32975
33722
34508
35253
35910
36531
37298
38001
38754
39200
39985
40695
41337
42078
42725
43515
44276
45048
45666
46389
47094
47872
48597
49160
49688
50254
50997
51702
52464
53245
53910
54578
55267
56021
56698
57321
57854
58368
59108
59856
60536
61226
61848
62624
63400
64089
64749
65400
66032
66088
0
TO:V,FS:2,FT:0,PC:119
0
196
655
1168
1757
2355
2922
3535
4163
4745
5208
5798
6394
7003
7622
8227
8802
9410
9956
10489
11062
11564
12089
12658
13256
13662
14090
14508
15088
15566
16174
16761
17309
17877
18379
19017
19527
20124
20627
21153
21746
22242
22860
23464
24080
24642
25233
25824
26441
27056
27677
28275
28897
29345
29877
30442
31054
31712
32312
32975
33536
34135
34677
35333
35867
36331
36952
37551
38125
38693
39042
39659
40256
40813
41348
41932
42433
43002
43621
44244
44864
45480
45929
46524
47132
47743
48344
48919
49257
49688
50166
50781
51382
51936
52552
53184
53781
54325
54878
55451
56046
56596
57110
57567
58052
58472
59045
59601
60128
60730
61265
61762
62366
62925
63516
64122
64706
65208
65693
66088
0
TO:V,FS:2,FT:1,PC:121
0
196
655
1168
1712
2326
2885
3476
4068
4639
5100
5671
6193
6761
7404
8003
8566
9184
9733
10287
10809
11365
11845
12464
13067
13521
13839
14370
14836
15413
15908
16458
16996
17540
18035
18620
19202
19707
20251
20825
21328
21926
22398
22998
23614
24204
24845
25371
25933
26553
27139
27714
28357
28975
29383
29939
30525
31128
31776
32394
33055
33613
34193
34892
35449
35910
36397
36994
37588
38178
38739
39042
39659
40256
40813
41314
41892
42393
43002
43646
44202
44785
45405
45858
46434
47054
47678
48305
48888
49257
49688
50166
50781
51356
51936
52527
53111
53691
54206
54723
55296
55853
56377
56921
57393
57828
58266
58782
59347
59856
60375
60893
61464
61956
62524
63081
63668
64283
64776
65256
65749
66088
0
TO:V,FS:2,FT:2,PC:144
0
150
487
879
1400
1898
2362
2847
3345
3868
4357
4856
5239
5726
6227
6739
7215
7683
8152
8638
9138
9588
10106
10526
11023
11508
11862
12357
12825
13256
13635
13902
14370
14780
15253
15641
16132
16604
17101
17578
18035
18515
19089
19451
19959
20354
20845
21226
21705
22187
22612
23128
23614
24147
24634
25099
25581
26079
26539
26975
27481
27948
28414
28908
29343
29703
30178
30711
31207
31735
32231
32728
33247
33740
34193
34677
35225
35634
35976
36467
36952
37428
37902
38381
38781
39155
39644
40137
40561
41048
41546
42036
42426
42930
43456
43933
44351
44888
45400
45768
46272
46767
47294
47814
48305
48768
49153
49474
49965
50348
50818
51304
51779
52263
52794
53279
53778
54206
54704
55163
55658
56130
56596
57056
57440
57828
58166
58572
59062
59537
59998
60491
60893
61406
61800
62285
62783
63270
63748
64233
64706
65136
65548
65913
66088
0
TO:V,FS:2,FT:3,PC:124
0
196
636
1129
1712
2297
2847
3437
4034
4608
5057
5631
6184
6725
7322
7898
8458
9047
9584
10205
10727
11305
11756
12357
12904
13360
13770
14246
14668
15197
15688
16251
16800
17399
17957
18430
19061
19527
20109
20572
21031
21614
22163
22603
23217
23808
24370
24956
25485
26060
26629
27214
27798
28396
28980
29345
29847
30364
30930
31531
32128
32728
33290
33838
34424
35004
35556
35937
36511
37115
37713
38293
38781
39194
39781
40295
40869
41395
42000
42473
43040
43679
44251
44785
45405
45858
46389
46934
47552
48151
48716
49153
49545
50127
50658
51209
51742
52318
52882
53480
53972
54494
55023
55545
56098
56650
57191
57609
58065
58487
59053
59580
60128
60691
61201
61673
62228
62767
63347
63910
64485
64964
65414
65885
66088
0
TO:V,FS:2,FT:4,PC:137
0
150
548
946
1463
2022
2509
2970
3521
4026
4506
4974
5410
5930
6415
6957
7427
7938
8404
8897
9397
9855
10341
10881
11420
11825
12354
12861
13283
13662
14043
14429
14932
15465
15899
16362
16832
17337
17863
18306
18868
19405
19845
20282
20803
21256
21775
22235
22785
23304
23833
24378
24877
25348
25855
26414
26926
27416
27913
28436
28929
29343
29774
30306
30843
31372
31903
32427
33005
33489
34001
34508
35004
35500
35910
36331
36912
37428
37961
38468
38808
39313
39858
40349
40826
41284
41795
42307
42749
43249
43833
44351
44853
45400
45815
46348
46855
47363
47895
48374
48898
49257
49680
50127
50553
51062
51597
52043
52618
53141
53673
54174
54619
55085
55614
56098
56591
57072
57512
57921
58344
58845
59366
59889
60375
60860
61323
61748
62246
62767
63299
63804
64286
64740
65144
65594
66012
66088
0
TO:V,FS:2,FT:5,PC:121
0
196
655
1168
1757
2348
2922
3517
4082
4639
5142
5738
6311
6856
7490
8038
8601
9184
9733
10287
10809
11406
11875
12459
13022
13521
13869
14370
14836
15413
15895
16458
17027
17578
18068
18668
19320
19820
20327
20898
21399
22004
22481
23109
23690
24288
24861
25361
25933
26515
27139
27714
28285
28879
29345
29877
30438
31054
31702
32306
32934
33497
34102
34658
35265
35822
36286
36861
37435
38014
38559
38810
39457
40061
40596
41113
41712
42303
42791
43385
44012
44579
45166
45666
46236
46865
47482
48072
48636
49116
49545
50127
50645
51202
51742
52306
52917
53524
54049
54598
55170
55736
56303
56881
57350
57820
58202
58693
59270
59842
60375
60930
61497
62032
62616
63180
63748
64351
64872
65351
65821
66088
0
