The 7 Habits of Highly Effective People
LH:323639,BH:44099,MH:679346
TO:V,FS:0,FT:0,PC:48
0
432
1276
2279
3106
4107
5117
6108
7113
8106
9096
10115
11080
12106
13040
13964
14766
15652
16502
17297
18167
19095
19872
20860
21719
22554
23573
24498
25576
26522
27531
28397
29239
30145
30969
31925
32775
33789
34623
35644
36683
37562
38398
39440
40477
41274
42280
43210
44099
0
TO:V,FS:0,FT:1,PC:48
0
432
1328
2332
3157
4160
5179
6163
7169
8160
9161
10225
11184
12206
13147
14068
14838
15838
16673
17496
18362
19177
20120
21034
21925
22791
23813
24783
25799
26803
27742
28734
29612
30447
31346
32144
33164
34114
34980
36015
37063
37895
38764
39810
40715
41667
42651
43649
44099
0
TO:V,FS:0,FT:2,PC:57
0
321
1146
1836
2586
3312
4188
5005
5853
6731
7562
8434
9289
10104
10922
11739
12574
13361
14209
14838
15732
16429
17230
17991
18710
19375
20152
21002
21807
22498
23357
24202
24979
25842
26689
27569
28311
29041
29795
30464
31287
32075
32804
33632
34300
35110
35935
36778
37496
38332
39074
39863
40616
41470
42332
43151
43901
44099
0
TO:V,FS:0,FT:3,PC:48
0
385
1276
2285
3106
4116
5091
6070
7071
8060
9111
10173
11209
12206
13147
14028
14838
15891
16784
17607
18465
19233
20171
21091
21975
22847
23869
24838
25842
26849
27742
28734
29647
30464
31453
32238
33212
34114
34990
36021
37068
37837
38774
39813
40724
41717
42724
43721
44099
0
TO:V,FS:0,FT:4,PC:54
0
409
1176
2044
2899
3682
4580
5478
6330
7161
8019
8895
9846
10742
11633
12478
13226
14129
14821
15676
16390
17230
18026
18744
19434
20232
21083
21874
22610
23476
24317
25258
26130
26983
27787
28660
29399
30145
30861
31706
32431
33306
34162
34914
35792
36718
37530
38381
39182
40070
40853
41746
42641
43509
44099
0
TO:V,FS:0,FT:5,PC:49
0
426
1276
2279
3106
4103
5052
6054
6988
7898
8930
9895
10864
11783
12732
13622
14479
15311
16128
17067
17942
18798
19508
20499
21413
22231
23187
24149
24979
25944
26895
27742
28734
29612
30447
31292
32092
33027
33970
34776
35803
36789
37657
38499
39494
40477
41274
42250
43210
44099
0
TO:V,FS:1,FT:0,PC:63
0
305
1041
1643
2398
3051
3837
4604
5281
6039
6777
7554
8320
9092
9880
10652
11417
12150
12915
13567
14341
14838
15620
16256
16981
17629
18302
18988
19589
20363
21127
21825
22435
23202
23964
24713
25449
26185
26938
27725
28444
29105
29785
30431
31040
31742
32376
33164
33910
34545
35303
36106
36856
37524
38275
38912
39640
40418
40996
41792
42589
43328
44072
44099
0
TO:V,FS:1,FT:1,PC:64
0
305
1041
1643
2409
3006
3792
4529
5195
5960
6645
7465
8230
8999
9794
10597
11317
12046
12732
13404
14129
14766
15420
16086
16871
17410
18099
18741
19307
19986
20762
21454
22069
22694
23467
24274
24960
25703
26432
27210
27866
28609
29229
29962
30464
31136
31875
32466
33206
33910
34511
35272
36015
36765
37384
38143
38779
39538
40277
40935
41629
42390
43139
43889
44099
0
TO:V,FS:1,FT:2,PC:74
0
224
857
1398
2037
2629
3133
3781
4407
5074
5728
6352
7007
7659
8284
8907
9577
10221
10876
11471
12106
12732
13303
13934
14453
14963
15609
16128
16813
17323
17923
18472
19081
19550
20188
20827
21404
21971
22498
23149
23776
24352
24979
25641
26243
26877
27535
28059
28734
29239
29898
30426
30942
31560
32092
32694
33366
33970
34463
35106
35735
36379
37011
37559
38193
38723
39388
40014
40599
41158
41783
42451
43091
43747
44099
0
TO:V,FS:1,FT:3,PC:64
0
271
993
1643
2409
3006
3747
4529
5243
5960
6645
7327
8106
8843
9607
10384
11159
11915
12615
13226
13993
14648
15268
16015
16607
17247
17977
18607
19177
19866
20589
21261
21975
22573
23288
24048
24775
25530
26253
26983
27725
28406
29029
29647
30285
30861
31610
32223
32944
33709
34300
35052
35792
36585
37243
38017
38667
39411
40157
40810
41552
42344
43048
43759
44099
0
TO:V,FS:1,FT:4,PC:73
0
295
910
1433
2070
2709
3237
3853
4485
5132
5760
6406
7044
7696
8333
8948
9596
10248
10876
11471
12106
12776
13338
13964
14529
15071
15714
16278
16912
17427
18073
18607
19177
19782
20422
21034
21626
22177
22778
23407
24020
24606
25270
25881
26519
27149
27742
28371
28984
29557
30145
30690
31327
31953
32513
33110
33732
34257
34849
35496
36163
36789
37331
37917
38469
39137
39784
40426
40970
41591
42205
42840
43487
44099
0
TO:V,FS:1,FT:5,PC:64
0
305
1041
1643
2398
3051
3834
4594
5281
6039
6777
7554
8307
9078
9835
10609
11383
12096
12776
13435
14209
14811
15438
16086
16853
17446
18136
18798
19434
20115
20852
21539
22139
22823
23547
24274
24949
25699
26432
27166
27822
28572
29187
29913
30464
31177
31875
32509
33193
33910
34545
35303
36087
36844
37471
38198
38857
39594
40364
40996
41717
42495
43210
44023
44099
0
TO:V,FS:2,FT:0,PC:79
0
224
796
1282
1892
2477
2962
3561
4146
4743
5306
5916
6509
7110
7738
8320
8882
9466
10053
10647
11247
11823
12422
13014
13570
14166
14639
15113
15714
16238
16871
17323
17917
18413
19031
19480
20061
20656
21230
21756
22264
22847
23437
24008
24520
25103
25728
26286
26860
27438
27923
28532
29096
29624
30145
30660
31253
31860
32355
32912
33515
34099
34539
35119
35735
36322
36950
37425
37993
38494
39137
39744
40329
40802
41413
41976
42573
43165
43731
44099
0
TO:V,FS:2,FT:1,PC:80
0
224
754
1212
1823
2409
2945
3481
4083
4664
5234
5839
6406
7003
7617
8218
8811
9386
9946
10555
11101
11621
12220
12815
13338
13887
14409
14914
15513
16086
16665
17219
17647
18203
18724
19177
19708
20306
20938
21454
21961
22459
23032
23629
24206
24766
25352
25923
26519
27067
27701
28176
28808
29278
29890
30417
30854
31485
32075
32567
33148
33709
34217
34686
35265
35842
36454
37068
37496
38030
38547
39175
39784
40386
40886
41488
42016
42573
43165
43771
44099
0
TO:V,FS:2,FT:2,PC:96
0
224
685
1159
1598
2054
2549
2962
3437
3940
4419
4905
5375
5876
6339
6809
7327
7857
8333
8843
9340
9831
10328
10817
11294
11766
12248
12717
13184
13612
14094
14484
14871
15365
15860
16268
16759
17230
17666
18124
18544
19025
19415
19857
20363
20860
21300
21743
22177
22668
23133
23622
24048
24481
24988
25483
25955
26451
26938
27375
27771
28254
28757
29155
29615
30112
30447
30854
31346
31780
32159
32613
33110
33583
34083
34463
34962
35426
35876
36360
36844
37243
37736
38224
38627
39105
39594
40070
40574
40978
41465
41929
42412
42907
43403
43875
44099
0
TO:V,FS:2,FT:3,PC:82
0
224
777
1212
1797
2377
2926
3401
3967
4522
5091
5652
6205
6770
7327
7951
8538
9096
9679
10248
10810
11383
11934
12502
13040
13612
14172
14648
15120
15714
16200
16790
17247
17815
18289
18838
19287
19834
20389
20982
21454
21968
22459
23010
23595
24125
24650
25237
25786
26362
26899
27524
28017
28609
29125
29647
30145
30628
31177
31742
32210
32757
33351
33888
34335
34885
35470
36041
36611
37107
37707
38267
38723
39331
39900
40468
40932
41523
42053
42656
43210
43814
44099
0
TO:V,FS:2,FT:4,PC:90
0
224
744
1176
1700
2211
2764
3192
3701
4195
4691
5195
5720
6205
6731
7236
7780
8278
8821
9362
9880
10424
10944
11471
11964
12502
13040
13534
13993
14426
14838
15378
15891
16354
16886
17316
17790
18213
18680
19106
19508
20034
20538
21034
21547
22027
22519
23037
23568
24048
24547
25066
25609
26143
26666
27177
27725
28214
28705
29155
29687
30145
30603
31115
31612
32075
32545
33027
33515
33983
34389
34912
35413
35909
36454
37000
37414
37907
38381
38861
39371
39894
40411
40862
41356
41849
42384
42907
43388
43889
44099
0
TO:V,FS:2,FT:5,PC:81
0
224
796
1282
1857
2437
2962
3561
4132
4703
5270
5878
6479
7071
7683
8267
8843
9427
10012
10609
11209
11780
12339
12925
13454
14033
14523
14975
15553
16069
16587
17136
17599
18124
18607
19160
19646
20228
20823
21340
21865
22380
22959
23551
24085
24636
25232
25786
26362
26920
27520
27995
28572
29088
29624
30145
30642
31212
31780
32238
32796
33403
33970
34446
35000
35586
36184
36736
37206
37775
38381
38904
39452
40048
40599
41150
41732
42280
42867
43403
43978
44099
0
