The 7 Habits of Highly Effective People
LH:367781,BH:67401,MH:679346
TO:V,FS:0,FT:0,PC:74
0
411
1292
2273
3210
3866
4762
5725
6701
7663
8638
9431
10415
11351
12334
13147
14197
15188
16016
16875
17678
18554
19544
20431
21375
22159
23114
24068
25019
25907
26612
27610
28637
29420
30405
31472
32413
33462
34493
35387
36390
37414
38430
39484
40378
41204
42116
43044
44042
45049
46002
47006
48043
48962
49960
50949
51948
52844
53851
54722
55578
56585
57598
58443
59245
60222
61060
61846
62831
63707
64605
65400
66289
67153
67401
0
TO:V,FS:0,FT:1,PC:73
0
463
1338
2331
3356
4025
4921
5884
6859
7845
8840
9671
10668
11575
12580
13458
14514
15461
16325
17142
17953
18868
19810
20695
21559
22363
23247
24287
25233
25994
26921
27937
28925
29719
30721
31739
32681
33712
34631
35613
36653
37682
38701
39757
40673
41499
42533
43458
44443
45444
46445
47465
48486
49403
50414
51386
52441
53299
54318
55092
55978
56985
57858
58674
59607
60542
61465
62305
63325
64158
64955
65850
66734
67401
0
TO:V,FS:0,FT:2,PC:88
0
268
1055
1858
2634
3452
3958
4715
5524
6288
7115
7942
8786
9417
10254
11032
11773
12580
13296
14146
14959
15762
16461
17193
17856
18656
19524
20212
21034
21757
22456
23181
24017
24819
25657
26173
27035
27871
28678
29360
30187
31022
31846
32670
33539
34335
35080
35965
36737
37596
38413
39237
39981
40831
41499
42318
43105
43936
44744
45579
46385
47232
48071
48799
49622
50432
51258
52051
52827
53568
54409
54985
55677
56515
57360
58045
58725
59506
60351
61060
61779
62576
63390
64121
64848
65593
66289
67016
67401
0
TO:V,FS:0,FT:3,PC:74
0
353
1241
2273
3210
3881
4812
5781
6733
7681
8741
9541
10458
11369
12369
13147
14200
15191
16016
16875
17752
18568
19617
20465
21375
22159
23114
24090
25019
25907
26668
27683
28733
29524
30505
31472
32471
33551
34549
35440
36445
37464
38440
39484
40435
41254
42125
43072
44073
45069
46056
47063
48098
49020
50014
51015
52061
52999
53953
54799
55635
56599
57647
58448
59300
60222
61060
61838
62831
63755
64605
65370
66256
67111
67401
0
TO:V,FS:0,FT:4,PC:83
0
353
1163
2003
2897
3614
4362
5144
5980
6805
7681
8558
9270
10146
11032
11815
12592
13375
14232
15133
15999
16700
17432
18215
19133
19921
20736
21535
22267
23114
23895
24775
25654
26253
27125
28057
28960
29616
30405
31328
32185
33050
33934
34766
35613
36473
37388
38273
39184
40028
40874
41593
42449
43265
44144
45020
45896
46735
47622
48517
49348
50217
51054
51896
52780
53564
54435
55032
55817
56677
57533
58289
59050
59916
60633
61461
62185
63105
63855
64644
65400
66198
66961
67401
0
TO:V,FS:0,FT:5,PC:76
0
458
1292
2273
3210
3763
4661
5577
6557
7458
8429
9224
10153
11091
11984
12841
13710
14632
15619
16445
17289
18111
18960
19827
20799
21655
22416
23247
24182
25122
25907
26612
27591
28622
29415
30405
31418
32306
33301
34300
35125
36131
37116
38093
39027
39883
40843
41550
42569
43512
44443
45409
46337
47318
48336
49255
50217
51216
52206
53037
53946
54799
55578
56585
57598
58395
59193
60117
60826
61661
62532
63500
64357
65028
65940
66806
67401
0
TO:V,FS:1,FT:0,PC:95
0
224
951
1693
2490
3210
3718
4515
5181
5928
6701
7447
8196
8944
9574
10304
11069
11675
12412
13026
13761
14559
15340
16016
16700
17339
18017
18656
19392
20024
20724
21392
22008
22728
23393
24153
24848
25654
26173
26935
27696
28485
29104
29852
30592
31360
32065
32815
33599
34379
35059
35822
36597
37339
38151
38909
39685
40412
41037
41704
42483
43192
43954
44744
45528
46299
47094
47860
48608
49294
50089
50823
51523
52321
52974
53729
54488
55073
55720
56462
57227
57858
58509
59271
60034
60673
61411
62026
62794
63535
64294
64913
65626
66276
66944
67401
0
TO:V,FS:1,FT:1,PC:97
0
224
951
1693
2490
3210
3718
4460
5101
5838
6601
7283
8038
8830
9384
10039
10803
11440
12158
12828
13491
14279
15085
15851
16491
17184
17759
18454
19222
19912
20631
21361
21930
22543
23171
23939
24680
25393
25994
26649
27360
28125
28862
29458
30167
30921
31636
32351
33148
33886
34581
35348
36131
36869
37591
38369
39137
39864
40610
41285
41976
42684
43447
44185
44967
45756
46459
47264
47997
48717
49469
50258
50997
51647
52473
53152
53866
54505
55147
55759
56503
57227
57858
58509
59276
59990
60587
61279
61846
62625
63387
64080
64725
65384
66056
66725
67371
67401
0
TO:V,FS:1,FT:2,PC:114
0
224
809
1442
2078
2710
3356
3713
4346
4917
5517
6143
6733
7345
7942
8584
9121
9734
10331
10942
11475
12110
12635
13212
13841
14464
15153
15757
16274
16827
17339
17926
18493
19158
19796
20294
20941
21425
21961
22571
23131
23767
24427
25083
25704
26135
26758
27380
28057
28678
29144
29782
30405
31134
31758
32351
32940
33539
34104
34705
35338
35981
36622
37275
37872
38518
39155
39810
40361
40959
41499
42101
42720
43359
44024
44628
45276
45914
46504
47163
47792
48422
49000
49647
50258
50862
51499
52144
52766
53282
53895
54488
54985
55578
56209
56820
57440
57959
58509
59090
59707
60303
60826
61362
61890
62507
63157
63720
64315
64876
65443
66046
66573
67111
67401
0
TO:V,FS:1,FT:3,PC:98
0
224
907
1647
2395
3137
3634
4318
4968
5703
6415
7109
7866
8603
9214
9906
10668
11351
12070
12728
13371
14134
14864
15609
16252
16875
17432
18158
18856
19642
20257
20957
21616
22221
23009
23596
24317
25065
25824
26344
27050
27880
28626
29195
29900
30615
31377
32098
32815
33551
34324
34972
35701
36427
37203
37975
38741
39524
40221
40922
41545
42266
42951
43722
44443
45188
45934
46645
47403
48179
48847
49609
50353
51054
51742
52514
53163
53899
54505
55147
55770
56503
57227
57858
58509
59276
59990
60590
61279
61846
62611
63340
64001
64644
65300
65978
66618
67220
67401
0
TO:V,FS:1,FT:4,PC:113
0
224
809
1417
2071
2699
3356
3753
4411
4994
5622
6227
6847
7488
8145
8783
9327
9947
10585
11244
11827
12450
13008
13594
14186
14805
15450
16016
16594
17193
17745
18335
18987
19644
20204
20836
21392
21961
22591
23131
23767
24415
25083
25692
26118
26744
27342
28013
28600
29104
29740
30379
31048
31686
32306
32931
33551
34182
34778
35427
36055
36653
37334
37987
38621
39260
39864
40505
41037
41532
42173
42755
43397
44042
44688
45303
45917
46526
47163
47792
48415
49007
49643
50247
50876
51485
52179
52800
53338
53961
54505
55057
55578
56206
56862
57519
58042
58543
59139
59778
60413
60875
61465
61955
62607
63238
63804
64446
64955
65516
66093
66648
67164
67401
0
TO:V,FS:1,FT:5,PC:98
0
268
951
1693
2471
3210
3657
4411
5093
5838
6557
7270
8038
8786
9344
9990
10753
11369
12070
12770
13411
14146
14903
15704
16318
16959
17512
18215
18908
19660
20253
20990
21648
22221
22944
23584
24305
25002
25806
26295
27016
27778
28558
29104
29811
30543
31275
31973
32730
33496
34235
34884
35655
36381
37130
37831
38582
39355
40062
40803
41375
42108
42806
43573
44330
45104
45849
46547
47308
48076
48756
49500
50258
50997
51673
52427
53095
53820
54505
55147
55801
56503
57246
57858
58509
59271
59986
60542
61272
61808
62563
63328
63984
64644
65256
65940
66618
67257
67401
0
TO:V,FS:2,FT:0,PC:122
0
224
771
1338
1955
2563
3141
3614
4052
4620
5208
5793
6351
6899
7530
8148
8741
9224
9807
10402
10942
11475
12060
12580
13056
13663
14267
14835
15450
15999
16491
17067
17544
18150
18667
19289
19827
20413
20990
21465
21961
22561
23114
23646
24210
24819
25393
25907
26309
26880
27461
28081
28649
29104
29686
30305
30921
31538
32089
32626
33227
33792
34407
34965
35544
36131
36690
37294
37914
38506
39099
39641
40173
40740
41155
41610
42211
42755
43359
43968
44532
45104
45695
46283
46851
47397
47985
48567
49120
49695
50283
50837
51408
52009
52613
53107
53676
54264
54749
55257
55732
56334
56929
57519
58000
58509
59086
59660
60194
60653
61176
61661
62174
62779
63353
63882
64446
64876
65352
65940
66413
66915
67401
0
TO:V,FS:2,FT:1,PC:124
0
224
771
1338
1955
2563
3141
3614
4093
4620
5181
5763
6311
6866
7488
8104
8731
9167
9694
10254
10868
11369
11908
12488
12971
13481
14061
14676
15254
15851
16364
16865
17360
17917
18443
19064
19688
20204
20795
21375
21885
22363
22922
23459
24032
24680
25209
25776
26118
26668
27203
27815
28378
28978
29411
29994
30615
31184
31748
32282
32852
33462
34015
34559
35125
35722
36322
36885
37451
38063
38621
39184
39792
40310
40874
41320
41790
42375
42906
43512
44077
44688
45261
45849
46377
46964
47546
48098
48690
49235
49796
50391
50993
51560
52214
52800
53299
53847
54449
54944
55460
55924
56481
57054
57635
58079
58509
59086
59660
60194
60653
61141
61649
62097
62702
63274
63804
64390
64864
65352
65850
66383
66889
67381
67401
0
TO:V,FS:2,FT:2,PC:148
0
148
593
1071
1537
2003
2508
2988
3472
3742
4255
4701
5172
5656
6100
6593
7051
7547
8054
8543
8961
9357
9845
10331
10803
11276
11711
12178
12592
13026
13514
14007
14501
14980
15475
15970
16364
16814
17272
17692
18180
18583
19079
19576
19957
20413
20898
21375
21809
22212
22668
23114
23560
24051
24527
25002
25458
25907
26271
26738
27227
27728
28190
28678
29104
29616
30072
30558
31025
31527
31996
32437
32957
33418
33886
34372
34827
35310
35796
36280
36763
37271
37762
38251
38736
39224
39711
40165
40647
41037
41430
41843
42335
42787
43265
43739
44216
44699
45177
45652
46126
46588
47072
47583
48068
48567
49005
49497
49967
50460
50899
51361
51844
52343
52811
53204
53676
54138
54505
54969
55436
55828
56289
56777
57259
57722
58079
58509
58994
59434
59931
60388
60788
61206
61646
62030
62544
63039
63508
63940
64446
64835
65203
65673
66077
66466
66874
67249
67401
0
TO:V,FS:2,FT:3,PC:126
0
224
733
1265
1833
2413
2992
3563
3873
4447
4953
5513
6041
6633
7178
7759
8338
8906
9374
9947
10499
11097
11589
12146
12632
13132
13710
14313
14835
15407
15970
16416
16914
17381
17917
18443
19026
19606
20098
20642
21223
21697
22146
22728
23210
23797
24375
24965
25493
25994
26539
27050
27668
28227
28790
29227
29767
30339
30921
31498
32080
32592
33148
33697
34273
34778
35364
35965
36496
37088
37689
38243
38825
39427
39963
40538
41029
41479
41976
42530
43054
43636
44201
44785
45343
45884
46417
47006
47583
48172
48717
49294
49852
50402
50960
51523
52138
52684
53156
53690
54295
54784
55273
55779
56334
56901
57480
57926
58467
58904
59434
60028
60525
60966
61513
61921
62489
63083
63590
64158
64674
65153
65666
66159
66648
67098
67401
0
TO:V,FS:2,FT:4,PC:140
0
148
653
1171
1671
2212
2714
3198
3602
3989
4524
4940
5449
5954
6470
6973
7509
8045
8534
8991
9384
9861
10356
10833
11301
11745
12272
12728
13180
13710
14247
14770
15288
15816
16259
16729
17220
17663
18142
18571
19104
19652
20079
20605
21135
21569
21961
22460
22959
23409
23895
24354
24872
25393
25907
26306
26786
27311
27815
28333
28814
29210
29754
30258
30826
31310
31826
32306
32848
33381
33872
34386
34847
35359
35875
36373
36869
37403
37898
38374
38893
39416
39864
40367
40847
41218
41597
42116
42600
43115
43626
44120
44641
45165
45683
46206
46735
47241
47745
48271
48788
49287
49796
50296
50795
51309
51777
52325
52827
53299
53787
54260
54708
55177
55612
56087
56548
57074
57607
57994
58467
58917
59434
59944
60413
60826
61258
61661
62134
62660
63157
63612
64146
64605
65015
65468
65940
66349
66757
67196
67401
0
TO:V,FS:2,FT:5,PC:124
0
224
771
1302
1870
2446
3020
3590
3979
4532
5093
5665
6227
6774
7345
7906
8529
9017
9574
10175
10736
11297
11787
12369
12866
13399
13980
14540
15091
15674
16170
16700
17272
17759
18296
18868
19424
19938
20465
21060
21540
21999
22588
23131
23720
24284
24848
25424
25907
26347
26880
27450
28051
28600
29104
29686
30305
30888
31498
32046
32585
33188
33751
34335
34884
35463
36044
36600
37182
37803
38385
38942
39511
40013
40595
41037
41483
42013
42584
43105
43701
44293
44855
45444
46022
46603
47152
47708
48287
48823
49403
49985
50538
51087
51669
52284
52827
53338
53914
54488
54969
55517
55963
56557
57130
57747
58217
58674
59245
59839
60388
60866
61362
61787
62365
62932
63481
63995
64556
64932
65432
65998
66444
66944
67401
0
