The 7 Habits of Highly Effective People
LH:435257,BH:55064,MH:679346
TO:V,FS:0,FT:0,PC:62
0
414
1250
2133
2857
3836
4800
5741
6678
7492
8364
9477
10403
11386
12404
13283
14198
14976
15987
16848
17653
18404
19384
20355
21223
22149
22972
23808
24577
25535
26460
27478
28313
29361
30293
31145
32060
32907
33706
34505
35305
36287
37291
38200
39046
39993
40879
41717
42734
43656
44696
45457
46328
47156
47964
48852
49803
50789
51729
52763
53699
54540
55064
0
TO:V,FS:0,FT:1,PC:62
0
414
1250
2133
2911
3889
4852
5795
6726
7545
8423
9477
10403
11386
12404
13283
14214
15021
16063
16904
17722
18570
19541
20458
21277
22254
23081
23911
24621
25591
26533
27580
28427
29463
30395
31224
32145
32924
33809
34623
35412
36437
37420
38298
39136
40074
40984
41879
42867
43815
44864
45585
46473
47272
48168
49075
50092
51079
52048
53077
53973
54784
55064
0
TO:V,FS:0,FT:2,PC:73
0
321
1008
1595
2263
3028
3836
4633
5442
6226
6884
7697
8402
9296
10094
10930
11768
12562
13321
14142
14783
15600
16270
17064
17752
18452
19279
20115
20969
21680
22524
23211
23995
24621
25407
26216
27008
27737
28579
29463
30293
31057
31833
32543
33142
33906
34546
35143
35934
36766
37670
38379
39136
39932
40724
41438
42318
43180
43987
44892
45543
46328
47040
47806
48514
49256
50074
50920
51727
52536
53387
54073
54822
55064
0
TO:V,FS:0,FT:3,PC:61
0
362
1250
2133
2916
3889
4800
5741
6678
7442
8309
9438
10462
11490
12479
13346
14271
15074
16063
16910
17752
18639
19604
20531
21346
22377
23158
24070
24699
25758
26723
27691
28693
29691
30666
31511
32455
33142
34140
34850
35752
36724
37782
38585
39437
40325
41275
42225
43197
44221
45055
45921
46673
47641
48487
49379
50364
51343
52357
53406
54303
55064
0
TO:V,FS:0,FT:4,PC:69
0
411
1137
1793
2528
3373
4280
5115
5995
6851
7569
8337
9274
10191
11063
11925
12720
13611
14467
15231
16135
16884
17697
18427
19279
20147
21033
21777
22541
23379
24193
24812
25703
26612
27514
28263
29097
29911
30794
31579
32433
33086
33849
34546
35237
36123
36999
37870
38610
39368
40145
41004
41755
42598
43469
44362
45134
45939
46604
47463
48203
49016
49934
50818
51674
52562
53421
54161
54916
55064
0
TO:V,FS:0,FT:5,PC:63
0
414
1250
2118
2842
3836
4800
5688
6540
7227
8075
9132
10073
11049
11980
12787
13719
14564
15341
16270
17200
17959
18806
19802
20688
21498
22477
23263
24127
24799
25758
26694
27674
28599
29561
30487
31321
32196
32924
33809
34560
35357
36333
37341
38200
39034
39981
40828
41655
42630
43589
44540
45303
46242
47000
47823
48711
49685
50623
51523
52550
53453
54294
55064
0
TO:V,FS:1,FT:0,PC:79
0
301
926
1544
2196
2888
3679
4407
5157
5903
6611
7216
7837
8654
9499
10275
11049
11800
12562
13246
14022
14715
15358
16135
16764
17465
18099
18880
19628
20323
21069
21680
22459
23094
23808
24391
25031
25840
26612
27373
28003
28831
29463
30197
30931
31627
32377
32924
33546
34238
34933
35562
36365
37155
37961
38610
39262
39993
40714
41333
42068
42807
43569
44352
45048
45741
46424
47099
47806
48498
49232
49934
50633
51382
52153
52899
53677
54314
54944
55064
0
TO:V,FS:1,FT:1,PC:80
0
301
880
1455
2140
2754
3543
4272
5028
5718
6405
6973
7648
8322
9163
9980
10739
11490
12232
12872
13611
14348
14970
15725
16395
17144
17836
18462
19222
19842
20618
21277
22036
22635
23326
24011
24590
25215
25966
26723
27462
28050
28852
29463
30152
30931
31579
32284
32907
33471
34221
34792
35430
36176
36999
37782
38414
39059
39776
40461
41141
41779
42512
43267
43965
44765
45396
46113
46695
47463
48036
48753
49509
50222
50915
51662
52409
53167
53832
54478
55064
0
TO:V,FS:1,FT:2,PC:94
0
210
776
1267
1867
2424
3047
3670
4308
4962
5580
6210
6838
7319
7837
8484
9163
9768
10373
11019
11622
12266
12779
13417
14065
14659
15160
15748
16350
16975
17526
18099
18713
19355
20006
20695
21260
21809
22450
22952
23558
24077
24590
25121
25780
26438
27092
27674
28263
28897
29451
30051
30666
31194
31780
32423
32907
33379
34034
34560
35092
35713
36333
37013
37633
38200
38823
39391
39981
40582
41219
41710
42303
42931
43602
44208
44872
45345
45962
46494
47089
47655
48185
48740
49379
50016
50633
51269
51879
52514
53128
53699
54235
54729
55064
0
TO:V,FS:1,FT:3,PC:81
0
215
835
1412
2127
2661
3415
4187
4913
5626
6362
6930
7648
8280
9075
9860
10656
11391
12178
12787
13563
14305
14920
15629
16270
17024
17697
18288
19047
19739
20450
21164
21824
22524
23158
23860
24421
25037
25794
26569
27271
27922
28693
29361
30051
30770
31414
32107
32778
33254
34004
34560
35143
35876
36634
37404
38142
38751
39368
40064
40774
41376
42120
42807
43517
44260
44956
45627
46311
46930
47628
48243
48931
49706
50459
51203
51930
52685
53421
54063
54629
55064
0
TO:V,FS:1,FT:4,PC:93
0
210
814
1355
1972
2450
3100
3775
4391
5069
5646
6279
6867
7386
7914
8592
9271
9914
10540
11179
11830
12445
12985
13649
14287
14811
15432
16058
16605
17213
17794
18317
18974
19587
20250
20874
21389
22036
22583
23198
23793
24304
24856
25535
26171
26849
27449
27968
28616
29200
29776
30409
30948
31579
32187
32701
33159
33786
34298
34917
35443
36102
36744
37420
38097
38630
39179
39776
40361
40991
41509
42153
42767
43469
44100
44728
45274
45892
46462
46988
47600
48103
48697
49350
49975
50583
51185
51838
52486
53128
53699
54262
54747
55064
0
TO:V,FS:1,FT:5,PC:81
0
296
926
1544
2196
2877
3640
4364
5115
5804
6488
7055
7772
8452
9209
10021
10785
11536
12298
12962
13690
14441
15040
15748
16433
17144
17836
18496
19265
19962
20720
21325
22073
22699
23454
24060
24621
25347
26139
26900
27674
28337
29050
29766
30457
31101
31827
32526
33086
33706
34321
35039
35651
36446
37202
38006
38605
39220
39938
40674
41275
41930
42671
43426
44158
44939
45585
46259
46833
47531
48111
48789
49509
50222
50915
51617
52357
53091
53789
54406
54979
55064
0
TO:V,FS:2,FT:0,PC:100
0
170
765
1267
1814
2252
2833
3458
4063
4633
5238
5807
6391
6884
7421
7914
8551
9178
9797
10388
10987
11610
12217
12656
13262
13848
14394
14888
15464
16058
16559
17103
17653
18135
18751
19318
19962
20571
21151
21624
22222
22679
23270
23808
24304
24812
25472
26035
26640
27246
27691
28263
28852
29416
29966
30524
31034
31620
32180
32666
33133
33608
34190
34644
35138
35746
36369
36986
37625
38183
38742
39247
39818
40361
40957
41429
42047
42607
43164
43777
44400
44956
45529
46091
46546
47134
47683
48146
48697
49272
49852
50444
51023
51592
52224
52790
53387
53911
54366
54850
55064
0
TO:V,FS:2,FT:1,PC:102
0
210
765
1250
1738
2213
2795
3422
3982
4518
5140
5646
6236
6757
7209
7728
8210
8861
9499
10068
10660
11256
11830
12370
12868
13450
14013
14615
15091
15618
16253
16732
17333
17872
18317
18938
19472
20043
20612
21164
21666
22273
22679
23237
23793
24287
24724
25308
25880
26431
27047
27580
28083
28693
29200
29721
30276
30869
31321
31902
32412
32889
33271
33864
34321
34878
35371
35943
36555
37186
37782
38274
38823
39364
39938
40449
40984
41470
42087
42654
43244
43815
44400
44939
45412
45998
46494
47023
47600
48051
48578
49159
49744
50329
50870
51401
52036
52640
53238
53789
54290
54710
55064
0
TO:V,FS:2,FT:2,PC:122
0
170
624
1038
1388
1839
2213
2661
3168
3649
4125
4622
5062
5533
5995
6488
6884
7355
7820
8280
8811
9310
9789
10275
10766
11242
11710
12232
12617
13105
13603
14086
14541
14920
15376
15889
16303
16767
17213
17688
18099
18606
19076
19569
20091
20601
21069
21418
21875
22364
22741
23198
23629
24077
24421
24812
25354
25880
26346
26881
27354
27727
28221
28732
29189
29632
30092
30537
30948
31434
31912
32399
32778
33142
33598
34066
34433
34945
35278
35767
36250
36744
37256
37758
38183
38613
38983
39500
39959
40437
40901
41292
41779
42225
42697
43184
43705
44244
44753
45164
45624
46091
46511
47000
47492
47859
48315
48756
49243
49740
50214
50672
51142
51592
52056
52514
52963
53453
53881
54286
54646
55051
55064
0
TO:V,FS:2,FT:3,PC:104
0
170
720
1250
1738
2213
2754
3342
3945
4561
5140
5657
6203
6726
7209
7728
8164
8785
9402
9954
10511
11063
11648
12229
12700
13275
13848
14394
14858
15392
15971
16450
16982
17526
18082
18596
19159
19730
20331
20883
21346
21932
22524
23016
23554
24055
24498
24985
25579
26127
26723
27315
27730
28304
28893
29416
29935
30487
30948
31511
32032
32526
32924
33405
33957
34401
34954
35416
35981
36570
37142
37758
38241
38823
39334
39855
40408
40957
41390
41967
42540
43128
43705
44293
44899
45342
45901
46410
46872
47438
47901
48438
48968
49541
50114
50676
51269
51838
52409
52995
53569
54057
54490
54941
55064
0
TO:V,FS:2,FT:4,PC:114
0
170
680
1125
1509
2026
2415
2928
3463
3956
4457
4962
5442
5916
6380
6786
7159
7684
8115
8685
9213
9754
10267
10799
11303
11834
12333
12740
13275
13767
14282
14732
15212
15748
16270
16724
17200
17653
18099
18651
19172
19642
20147
20634
21151
21577
22098
22541
23012
23512
23985
24400
24812
25358
25875
26424
26934
27478
27922
28440
28964
29451
29952
30465
30948
31431
31950
32462
32907
33254
33773
34221
34678
35092
35613
36123
36634
37209
37742
38200
38670
39097
39627
40092
40567
41047
41456
42000
42523
43033
43581
44106
44605
45055
45538
46017
46511
47023
47512
47892
48347
48822
49346
49873
50364
50903
51385
51908
52404
52918
53406
53851
54306
54690
55064
0
TO:V,FS:2,FT:5,PC:102
0
170
765
1267
1771
2213
2795
3395
3982
4559
5140
5646
6191
6757
7227
7798
8285
8895
9499
10094
10691
11295
11901
12479
12944
13563
14128
14688
15160
15731
16270
16834
17389
17944
18427
19002
19587
20161
20758
21277
21767
22364
22819
23353
23860
24345
24812
25452
26035
26602
27188
27691
28263
28852
29402
29927
30487
30990
31579
32145
32618
33098
33572
34149
34605
35092
35702
36250
36872
37500
38085
38548
39059
39647
40207
40764
41292
41883
42420
42981
43602
44208
44814
45303
45885
46424
46908
47468
47940
48510
49040
49648
50176
50743
51290
51922
52514
53073
53643
54117
54565
55036
55064
0
