The 7 Habits of Highly Effective People
LH:490358,BH:51046,MH:679346
TO:V,FS:0,FT:0,PC:43
0
719
2008
3344
4553
5805
7094
8246
9553
10693
12016
13239
14371
15717
16880
17994
18846
20110
21409
22520
23821
25102
26397
27590
28950
30170
31441
32604
33667
35003
36245
37508
38785
39823
41239
42504
43542
44871
46217
47342
48747
49977
50713
51046
0
TO:V,FS:0,FT:1,PC:43
0
742
2061
3395
4615
5932
7208
8369
9646
10804
12137
13351
14495
15886
16993
18162
19024
20337
21551
22710
24062
25285
26626
27762
29131
30346
31609
32686
33724
35003
36187
37508
38800
39823
41239
42504
43542
44928
46273
47342
48747
49977
50713
51046
0
TO:V,FS:0,FT:2,PC:51
0
574
1592
2690
3801
4917
5970
6968
7937
9057
10173
11119
12253
13292
14298
15339
16296
17141
18217
18958
20074
21097
22136
23072
24183
25209
26276
27246
28292
29398
30364
31441
32457
33387
34369
35480
36509
37508
38587
39419
40469
41582
42583
43525
44536
45610
46695
47642
48685
49769
50329
51046
0
TO:V,FS:0,FT:3,PC:44
0
719
2076
3344
4615
5869
7127
8309
9562
10705
12085
13302
14371
15717
16789
17878
18758
19825
21053
22264
23411
24694
25993
27177
28438
29810
30938
32128
33158
34311
35646
36790
38150
39179
40240
41548
42723
43902
45201
46497
47540
48928
49977
50662
51046
0
TO:V,FS:0,FT:4,PC:48
0
646
1802
2936
4048
5149
6320
7407
8505
9587
10640
11876
12905
14053
15126
16187
17141
18307
19092
20209
21280
22338
23441
24581
25694
26830
27881
29066
30101
31235
32339
33276
34299
35476
36601
37776
38874
39703
40831
41934
42982
44057
45225
46383
47342
48500
49606
50230
51046
0
TO:V,FS:0,FT:5,PC:45
0
655
1885
3164
4341
5556
6693
7822
9057
10270
11461
12613
13837
14940
16170
17141
18385
19205
20458
21581
22710
23990
25152
26394
27454
28642
29988
31064
32229
33234
34311
35563
36656
37976
39179
40171
41428
42648
43601
44809
46059
47136
48376
49498
50230
51046
0
TO:V,FS:1,FT:0,PC:59
0
507
1436
2430
3417
4332
5243
6168
7086
7822
8739
9634
10434
11338
12291
13161
14030
14843
15767
16553
17340
18243
18836
19799
20672
21622
22510
23387
24331
25240
26115
26966
27873
28799
29728
30548
31483
32335
33147
33857
34825
35728
36601
37551
38477
39206
40098
41045
41980
42772
43542
44497
45402
46332
47067
48041
48978
49902
50438
51046
0
TO:V,FS:1,FT:1,PC:59
0
499
1436
2430
3417
4332
5243
6168
7086
7875
8835
9739
10529
11436
12393
13274
14108
14940
15865
16647
17415
18345
18935
19901
20794
21722
22581
23493
24425
25340
26214
27048
27969
28903
29834
30677
31601
32509
33276
34168
35127
36051
36900
37832
38717
39453
40402
41347
42244
43033
43823
44746
45709
46584
47342
48356
49301
49979
50662
51046
0
TO:V,FS:1,FT:2,PC:70
0
349
1070
1860
2626
3395
4157
4932
5727
6456
7279
7922
8725
9496
10270
11009
11798
12613
13394
14105
14814
15594
16230
16976
17618
18457
18914
19684
20458
21227
22012
22761
23527
24297
25085
25889
26660
27417
28186
29000
29766
30465
31282
31990
32686
33325
34007
34805
35584
36413
37127
37917
38709
39295
40098
40889
41628
42425
43124
43750
44536
45340
46117
46895
47572
48394
49162
49935
50379
51028
51046
0
TO:V,FS:1,FT:3,PC:58
0
507
1436
2430
3432
4300
5243
6168
7115
7980
8932
9853
10693
11669
12613
13563
14315
15272
16170
16980
17781
18653
19363
20308
21227
22127
23022
23970
24857
25808
26766
27643
28592
29571
30459
31378
32282
33147
33912
34870
35859
36756
37729
38616
39358
40312
41255
42151
43033
43841
44799
45762
46671
47479
48458
49402
49979
50705
51046
0
TO:V,FS:1,FT:4,PC:67
0
435
1190
2061
2873
3751
4534
5369
6196
6998
7733
8593
9359
10160
10860
11669
12471
13239
14009
14749
15579
16272
17093
17784
18623
19115
19884
20672
21535
22338
23110
23918
24694
25481
26304
27048
27814
28642
29458
30179
31001
31779
32498
33158
33889
34738
35584
36401
37172
37960
38793
39460
40226
41085
41884
42706
43405
44093
44916
45745
46542
47273
48088
48928
49712
50255
50934
51046
0
TO:V,FS:1,FT:5,PC:60
0
449
1283
2227
3078
3941
4855
5779
6693
7473
8388
9271
10212
10982
11906
12751
13662
14364
15298
16170
16976
17755
18636
19288
20209
21131
22028
22912
23799
24726
25643
26505
27327
28238
29163
30050
30965
31833
32686
33466
34252
35164
36051
36900
37832
38717
39408
40305
41227
42109
42893
43676
44634
45543
46472
47228
48176
49121
49977
50579
51046
0
TO:V,FS:2,FT:0,PC:76
0
349
1022
1715
2482
3184
3892
4662
5402
6130
6825
7424
8148
8825
9562
10262
10848
11593
12317
12984
13693
14315
15061
15805
16442
17124
17726
18426
18822
19538
20240
20929
21665
22325
22951
23677
24370
25041
25750
26467
27129
27814
28552
29237
29995
30579
31321
31979
32604
33175
33837
34572
35312
35987
36643
37406
38130
38822
39378
40055
40812
41530
42232
42843
43525
44181
44913
45594
46304
46988
47586
48336
49054
49728
50218
50837
51046
0
TO:V,FS:2,FT:1,PC:76
0
349
1012
1715
2482
3184
3892
4662
5402
6148
6870
7473
8191
8884
9587
10270
10951
11669
12397
13066
13826
14403
15139
15886
16528
17141
17831
18563
18987
19684
20373
21063
21749
22416
23066
23793
24491
25132
25871
26569
27191
27888
28592
29283
30000
30579
31321
31979
32604
33175
33793
34483
35270
35903
36583
37282
38002
38750
39332
40043
40768
41485
42192
42801
43487
44093
44830
45525
46228
46913
47516
48250
48928
49614
50017
50637
51046
0
TO:V,FS:2,FT:2,PC:90
0
275
818
1399
2028
2663
3256
3892
4492
5085
5673
6236
6810
7407
7945
8563
9108
9671
10270
10830
11428
12020
12613
13211
13816
14315
14940
15557
16152
16635
17141
17726
18332
18758
19242
19836
20458
21045
21619
22162
22689
23258
23859
24469
25041
25629
26222
26830
27381
28004
28627
29231
29884
30402
31001
31590
32128
32686
33216
33785
34418
35039
35668
36228
36799
37396
37997
38561
39143
39589
40210
40793
41407
41980
42580
43076
43581
44211
44822
45433
46030
46584
47059
47701
48336
48928
49521
49977
50338
50837
51046
0
TO:V,FS:2,FT:3,PC:78
0
349
1012
1718
2440
3097
3801
4534
5270
5945
6637
7333
7951
8680
9359
10060
10609
11300
12008
12698
13407
14053
14667
15359
16052
16659
17221
17921
18623
19034
19719
20422
21151
21833
22465
23157
23877
24549
25172
25882
26569
27191
27849
28592
29326
30033
30668
31378
32024
32616
33220
33840
34572
35316
35987
36643
37369
38085
38793
39340
40004
40704
41407
42068
42723
43362
43967
44627
45309
46026
46706
47326
48003
48728
49412
49977
50438
51006
51046
0
TO:V,FS:2,FT:4,PC:87
0
349
960
1592
2254
2895
3495
4103
4737
5327
5970
6574
7198
7723
8359
8977
9587
10216
10751
11403
12043
12613
13246
13837
14383
15019
15668
16187
16789
17313
17909
18522
18883
19493
20077
20672
21340
21966
22500
23086
23705
24347
24898
25542
26179
26830
27417
28056
28682
29288
29983
30530
31156
31763
32344
32910
33462
33982
34617
35250
35859
36450
37001
37631
38255
38874
39358
39927
40522
41184
41836
42445
43016
43542
44163
44773
45355
45994
46622
47167
47786
48394
48961
49595
49979
50492
51006
51046
0
TO:V,FS:2,FT:5,PC:77
0
349
1022
1715
2469
3176
3892
4619
5270
5970
6664
7372
7985
8680
9395
10116
10683
11416
12126
12782
13496
14139
14764
15507
16158
16725
17301
17994
18636
19095
19799
20536
21227
21913
22531
23227
23953
24613
25268
25972
26699
27340
28047
28721
29433
30093
30792
31518
32128
32743
33362
34040
34756
35480
36128
36756
37447
38162
38863
39378
40055
40812
41530
42232
42834
43525
44181
44902
45594
46304
46977
47586
48297
49010
49693
50218
50823
51046
0
