The 7 Habits of Highly Effective People
LH:541496,BH:44475,MH:679346
TO:V,FS:0,FT:0,PC:48
0
404
1148
1972
2966
3872
4796
5726
6776
7765
8678
9694
10580
11452
12393
13404
14375
15179
16200
17201
18229
19222
20225
21250
22169
23150
24130
25070
26012
27041
28074
28951
29852
30832
31675
32585
33516
34526
35543
36508
37397
38453
39443
40387
41452
42364
43348
44038
44475
0
TO:V,FS:0,FT:1,PC:48
0
456
1205
2039
3021
3925
4852
5786
6830
7819
8732
9756
10689
11559
12497
13511
14445
15417
16390
17386
18413
19432
20419
21469
22376
23349
24284
25242
26235
27254
28231
29163
30077
30999
31929
32846
33744
34762
35765
36661
37647
38714
39742
40689
41768
42643
43424
44364
44475
0
TO:V,FS:0,FT:2,PC:57
0
321
961
1510
2363
3174
4028
4796
5566
6420
7284
7993
8798
9649
10416
11255
11941
12792
13615
14428
15179
16021
16837
17676
18498
19315
20125
20961
21788
22611
23480
24333
25165
25958
26834
27654
28495
29320
30001
30832
31566
32412
33150
33893
34747
35562
36432
37227
38058
38944
39823
40610
41503
42233
43037
43684
44409
44475
0
TO:V,FS:0,FT:3,PC:48
0
404
1148
1935
2865
3721
4628
5572
6571
7589
8460
9490
10489
11395
12393
13404
14428
15411
16284
17308
18329
19276
20271
21304
22227
23254
24192
25230
26181
27212
28177
29163
30089
31016
32053
32952
33788
34779
35834
36801
37811
38882
39847
40752
41778
42654
43422
44232
44475
0
TO:V,FS:0,FT:4,PC:54
0
404
1148
1848
2733
3557
4362
5197
5996
6888
7762
8500
9390
10216
11042
11843
12747
13598
14428
15179
16097
16918
17788
18633
19475
20395
21245
22074
22942
23800
24656
25530
26395
27299
28120
28986
29835
30703
31464
32301
33064
33837
34741
35610
36517
37309
38152
39074
39949
40809
41735
42539
43422
44107
44475
0
TO:V,FS:0,FT:5,PC:49
0
404
1148
1910
2865
3770
4673
5615
6571
7584
8460
9471
10379
11322
12219
13149
14016
14857
15822
16731
17745
18641
19621
20555
21574
22411
23405
24333
25290
26282
27309
28283
29199
30019
30985
31819
32636
33561
34519
35465
36457
37345
38367
39341
40288
41223
42092
43052
43779
44475
0
TO:V,FS:1,FT:0,PC:62
0
317
914
1459
2255
3025
3749
4430
5185
5862
6654
7457
8078
8843
9642
10321
11090
11753
12508
13235
13999
14610
15366
16164
16918
17699
18439
19209
20012
20763
21469
22205
22972
23751
24511
25281
26036
26849
27579
28338
29030
29810
30463
31145
31919
32585
33313
34010
34770
35530
36273
37011
37730
38510
39254
39983
40649
41427
42092
42847
43424
44147
44475
0
TO:V,FS:1,FT:1,PC:63
0
317
868
1412
2167
2889
3583
4268
4957
5649
6363
7171
7891
8539
9284
10071
10753
11382
12177
12899
13627
14348
14945
15714
16412
17236
17990
18704
19475
20249
20961
21690
22411
23184
23905
24656
25414
26127
26884
27575
28347
29033
29764
30368
31064
31831
32568
33226
33915
34636
35394
36103
36834
37578
38327
39056
39757
40428
41141
41819
42539
43280
43849
44475
0
TO:V,FS:1,FT:2,PC:74
0
276
851
1342
1902
2516
3101
3735
4379
5003
5629
6237
6865
7497
7983
8605
9284
9932
10527
11153
11663
12290
12940
13569
14159
14685
15310
15975
16554
17187
17837
18431
19064
19687
20313
20949
21628
22202
22815
23460
24113
24759
25406
26012
26648
27299
27957
28577
29231
29835
30401
30999
31570
32167
32700
33306
33869
34507
35094
35715
36351
36909
37524
38179
38819
39456
40130
40715
41364
41992
42574
43227
43727
44256
44475
0
TO:V,FS:1,FT:3,PC:64
0
276
868
1369
2130
2842
3557
4268
4957
5696
6409
7171
7927
8596
9339
10071
10717
11339
12118
12841
13551
14257
14857
15603
16273
17059
17788
18498
19213
19986
20731
21474
22158
22887
23618
24324
25110
25834
26576
27343
28098
28761
29499
30136
30926
31554
32254
32899
33553
34261
35001
35745
36517
37180
37912
38653
39420
40170
40856
41631
42326
43070
43659
44293
44475
0
TO:V,FS:1,FT:4,PC:73
0
276
851
1342
1921
2541
3132
3770
4379
5037
5658
6270
6923
7578
8105
8746
9394
10038
10617
11227
11742
12363
13014
13602
14241
14799
15417
16073
16667
17308
17976
18620
19276
19919
20540
21189
21804
22411
23046
23645
24267
24905
25561
26208
26862
27473
28120
28739
29373
29894
30560
31103
31718
32346
32890
33497
34121
34747
35394
36021
36661
37321
37992
38610
39275
39875
40504
41148
41778
42364
42963
43538
44086
44475
0
TO:V,FS:1,FT:5,PC:63
0
317
914
1459
2255
3025
3743
4430
5185
5862
6614
7412
8027
8798
9596
10275
11042
11708
12469
13225
13956
14564
15318
16097
16778
17522
18278
18955
19706
20436
21134
21878
22540
23308
24092
24820
25573
26350
27100
27843
28577
29320
29950
30721
31373
32127
32783
33457
34208
34920
35672
36437
37180
37903
38653
39373
40147
40809
41585
42269
42977
43582
44248
44475
0
TO:V,FS:2,FT:0,PC:79
0
201
744
1228
1685
2290
2865
3400
3978
4517
5155
5726
6344
6960
7564
8066
8671
9234
9847
10395
10974
11452
12034
12639
13218
13776
14393
14881
15494
16093
16667
17251
17859
18461
19043
19639
20225
20794
21356
21970
22454
23027
23612
24192
24794
25380
25970
26561
27141
27654
28243
28809
29400
29894
30521
31016
31601
32197
32697
33296
33862
34457
35053
35634
36263
36819
37440
38043
38649
39275
39875
40428
41033
41631
42166
42755
43333
43754
44287
44475
0
TO:V,FS:2,FT:1,PC:81
0
201
703
1148
1599
2167
2743
3215
3762
4338
4880
5417
5957
6571
7199
7740
8249
8838
9390
10004
10554
11122
11570
12151
12723
13235
13776
14359
14845
15453
16021
16537
17145
17776
18359
18891
19500
20075
20622
21184
21763
22306
22884
23432
24024
24551
25173
25743
26364
26925
27464
28098
28614
29234
29772
30247
30824
31329
31906
32457
32963
33497
34083
34631
35244
35791
36418
36971
37592
38218
38805
39363
39916
40465
41033
41631
42127
42678
43253
43684
44217
44475
0
TO:V,FS:2,FT:2,PC:97
0
154
520
906
1342
1792
2269
2736
3167
3682
4157
4592
5070
5531
5969
6444
6923
7403
7870
8240
8708
9191
9699
10171
10654
11136
11559
12065
12504
13004
13485
13991
14428
14881
15366
15860
16298
16803
17271
17727
18214
18655
19152
19639
20113
20607
21083
21563
22023
22454
22938
23408
23895
24370
24857
25312
25776
26275
26755
27250
27686
28158
28614
29090
29570
29959
30420
30932
31341
31831
32287
32692
33179
33641
34114
34592
35057
35530
36021
36494
36944
37412
37903
38391
38890
39388
39875
40357
40880
41379
41819
42269
42737
43211
43599
44019
44415
44475
0
TO:V,FS:2,FT:3,PC:82
0
201
707
1148
1612
2209
2756
3301
3848
4379
4957
5503
6040
6611
7203
7740
8209
8785
9352
9929
10434
11022
11505
12090
12693
13225
13750
14317
14799
15352
15914
16425
17005
17581
18171
18736
19319
19887
20455
20990
21578
22074
22648
23171
23725
24273
24864
25450
26012
26609
27201
27756
28322
28845
29442
29894
30485
30999
31532
32081
32585
33164
33694
34248
34779
35358
35909
36494
37016
37592
38168
38729
39327
39916
40465
41033
41609
42127
42693
43291
43724
44217
44475
0
TO:V,FS:2,FT:4,PC:91
0
177
588
1033
1475
1995
2516
3025
3494
3978
4445
4957
5417
5893
6433
6960
7505
7944
8469
9009
9553
10071
10580
11114
11555
12086
12593
13065
13534
13999
14445
14945
15488
15993
16430
16940
17457
17965
18461
18959
19488
19986
20467
20961
21465
21975
22439
22964
23467
23994
24511
25048
25588
26064
26582
27080
27520
28074
28577
29113
29631
30089
30586
31016
31554
32063
32568
33002
33486
33993
34536
35013
35530
36021
36528
37016
37537
38043
38581
39094
39594
40099
40585
41058
41585
42026
42522
42977
43422
43849
44279
44475
0
TO:V,FS:2,FT:5,PC:80
0
201
744
1228
1717
2285
2865
3400
3978
4517
5106
5639
6222
6761
7360
7927
8437
8993
9553
10139
10726
11303
11771
12329
12937
13485
14081
14603
15179
15791
16344
16966
17541
18110
18655
19230
19831
20415
20986
21594
22113
22658
23244
23800
24378
24940
25525
26127
26697
27291
27808
28387
28919
29499
30001
30624
31123
31718
32301
32806
33416
33972
34556
35114
35664
36300
36848
37440
38043
38649
39251
39832
40360
40924
41533
42092
42672
43253
43719
44203
44475
0
