The 7 Habits of Highly Effective People
LH:585971,BH:24453,MH:679346
TO:V,FS:0,FT:0,PC:26
0
645
1616
2586
3619
4550
5474
6456
7488
8488
9508
10530
11538
12534
13486
14500
15521
16523
17505
18526
19459
20434
21433
22414
23368
24415
24453
0
TO:V,FS:0,FT:1,PC:26
0
600
1458
2432
3465
4443
5376
6353
7378
8383
9411
10425
11427
12438
13389
14394
15409
16421
17400
18420
19360
20333
21325
22309
23258
24324
24453
0
TO:V,FS:0,FT:2,PC:30
0
441
1303
2116
2951
3757
4596
5415
6300
7149
7971
8826
9609
10510
11306
12129
13005
13728
14591
15438
16247
17108
17901
18698
19506
20278
21112
21963
22802
23627
24453
0
TO:V,FS:0,FT:3,PC:26
0
600
1458
2440
3412
4387
5321
6353
7332
8331
9365
10396
11389
12385
13284
14268
15271
16313
17283
18307
19235
20183
21198
22172
23097
24180
24453
0
TO:V,FS:0,FT:4,PC:29
0
441
1396
2240
3149
4027
4869
5763
6675
7573
8457
9347
10242
11158
12069
13003
13824
14706
15579
16469
17283
18204
19086
19955
20759
21628
22518
23322
24207
24453
0
TO:V,FS:0,FT:5,PC:26
0
600
1458
2378
3309
4257
5153
6111
7119
8092
9096
10057
11078
12029
13032
14033
15034
16019
17011
18009
18965
19945
20776
21765
22758
23694
24453
0
TO:V,FS:1,FT:0,PC:33
0
380
1111
1883
2624
3362
4107
4812
5589
6353
7127
7890
8667
9430
10193
10978
11747
12487
13215
13987
14769
15528
16313
17108
17849
18640
19397
20161
20776
21538
22329
23032
23832
24453
0
TO:V,FS:1,FT:1,PC:34
0
380
1111
1845
2586
3329
4065
4773
5543
6326
7036
7768
8547
9263
10010
10798
11570
12286
13032
13814
14551
15310
16099
16840
17576
18384
19107
19785
20499
21211
21950
22682
23395
24200
24453
0
TO:V,FS:1,FT:2,PC:40
0
290
870
1458
2086
2695
3339
3950
4579
5181
5845
6456
7103
7728
8387
9015
9635
10303
10954
11611
12250
12891
13464
14091
14739
15394
16058
16702
17283
17974
18589
19194
19761
20391
20975
21607
22239
22867
23481
24151
24453
0
TO:V,FS:1,FT:3,PC:34
0
380
1111
1845
2607
3367
4122
4825
5589
6342
7095
7816
8578
9347
10095
10893
11669
12428
13167
13911
14637
15353
16099
16840
17576
18339
19086
19806
20543
21271
22003
22706
23431
24203
24453
0
TO:V,FS:1,FT:4,PC:40
0
339
948
1579
2231
2846
3448
4091
4732
5349
6002
6612
7254
7907
8544
9201
9815
10486
11117
11737
12362
13032
13676
14287
14938
15575
16214
16862
17514
18163
18801
19424
20039
20598
21255
21857
22516
23101
23796
24444
24453
0
TO:V,FS:1,FT:5,PC:34
0
374
1106
1879
2586
3315
4061
4773
5481
6235
6992
7768
8538
9307
10049
10839
11570
12326
13032
13814
14551
15300
16048
16796
17530
18293
19067
19771
20499
21175
21900
22682
23395
24154
24453
0
TO:V,FS:2,FT:0,PC:42
0
268
807
1380
1971
2555
3102
3683
4275
4877
5470
6064
6632
7204
7801
8383
9007
9591
10207
10812
11408
11989
12592
13157
13728
14327
14938
15537
16132
16740
17400
18004
18589
19180
19714
20291
20866
21488
22131
22743
23303
23914
24453
0
TO:V,FS:2,FT:1,PC:44
0
275
807
1373
1933
2473
3046
3605
4166
4769
5349
5959
6538
7071
7605
8221
8788
9382
9931
10549
11154
11737
12286
12905
13437
13995
14609
15217
15799
16374
16985
17555
18163
18740
19289
19804
20333
20866
21488
22051
22625
23187
23840
24444
24453
0
TO:V,FS:2,FT:2,PC:52
0
229
645
1153
1644
2116
2621
3102
3597
4074
4563
5045
5523
6017
6483
6948
7398
7899
8367
8867
9337
9834
10341
10803
11298
11788
12267
12758
13228
13713
14187
14686
15183
15643
16132
16636
17126
17616
18105
18589
19067
19555
19990
20434
20885
21396
21857
22349
22813
23277
23768
24251
24453
0
TO:V,FS:2,FT:3,PC:44
0
275
807
1352
1953
2473
3061
3656
4222
4812
5349
5925
6497
7071
7646
8229
8830
9382
9943
10542
11117
11695
12277
12839
13375
13955
14569
15142
15720
16304
16907
17476
18058
18631
19191
19722
20261
20799
21405
21986
22547
23065
23683
24251
24453
0
TO:V,FS:2,FT:4,PC:50
0
240
750
1259
1739
2215
2695
3199
3705
4184
4680
5137
5659
6190
6692
7178
7672
8184
8676
9207
9704
10254
10749
11278
11816
12320
12856
13320
13833
14287
14820
15346
15875
16406
16938
17433
17952
18480
18959
19476
19932
20384
20825
21319
21813
22329
22813
23295
23817
24350
24453
0
TO:V,FS:2,FT:5,PC:43
0
290
833
1411
1971
2555
3102
3683
4270
4799
5376
5948
6527
7110
7654
8229
8817
9411
10010
10619
11224
11804
12402
13014
13555
14132
14739
15310
15908
16515
17130
17693
18278
18874
19454
20024
20562
21172
21765
22355
22899
23465
24054
24453
0
