The 7 Habits of Highly Effective People
LH:610424,BH:20388,MH:679346
TO:V,FS:0,FT:0,PC:24
0
497
1502
2287
3196
4068
4946
5820
6635
7496
8388
9189
10219
10978
11899
12928
13881
14613
15644
16398
17313
18150
19063
20014
20388
0
TO:V,FS:0,FT:1,PC:24
0
497
1502
2287
3196
4109
4987
5867
6683
7523
8432
9242
10273
11028
11951
12995
13908
14783
15769
16614
17441
18351
19265
20167
20388
0
TO:V,FS:0,FT:2,PC:28
0
435
1233
1972
2683
3429
4199
4921
5647
6360
7093
7832
8585
9233
10052
10698
11473
12330
13254
13908
14668
15479
16214
16967
17692
18438
19186
19950
20388
0
TO:V,FS:0,FT:3,PC:23
0
497
1510
2335
3271
4199
5104
6065
6929
7869
8825
9704
10496
11473
12542
13590
14286
15280
16214
17066
17983
18760
19751
20388
0
TO:V,FS:0,FT:4,PC:27
0
497
1440
2167
2949
3761
4532
5305
6065
6836
7570
8360
9082
9946
10546
11421
12275
13237
13953
14731
15655
16337
17138
17957
18705
19609
20295
20388
0
TO:V,FS:0,FT:5,PC:24
0
497
1502
2254
3130
4023
4902
5776
6623
7452
8321
9082
10110
10861
11792
12771
13774
14530
15439
16271
17059
17946
18705
19726
20388
0
TO:V,FS:1,FT:0,PC:31
0
390
1075
1836
2452
3110
3801
4481
5145
5814
6463
7100
7760
8432
9045
9777
10411
10983
11694
12503
13310
13953
14704
15464
16167
16858
17441
18150
18844
19629
20245
20388
0
TO:V,FS:1,FT:1,PC:31
0
390
1075
1836
2482
3164
3838
4520
5182
5854
6492
7100
7765
8475
9082
9870
10438
11192
11921
12688
13480
14043
14731
15547
16214
16873
17491
18150
18844
19649
20245
20388
0
TO:V,FS:1,FT:2,PC:36
0
334
951
1593
2115
2683
3223
3784
4338
4916
5460
6008
6558
7088
7634
8191
8754
9302
9939
10438
11037
11597
12247
12920
13659
14081
14704
15297
15863
16402
17011
17574
18150
18705
19378
19980
20388
0
TO:V,FS:1,FT:3,PC:31
0
334
975
1766
2327
2992
3672
4317
4968
5586
6210
6832
7452
8126
8805
9464
10144
10682
11421
12131
12881
13706
14271
14914
15694
16290
17011
17674
18323
19021
19751
20388
0
TO:V,FS:1,FT:4,PC:36
0
334
975
1666
2171
2727
3287
3849
4392
4933
5477
6036
6558
7073
7624
8172
8722
9242
9898
10438
11048
11630
12304
12961
13689
14198
14768
15432
15976
16572
17160
17771
18337
18930
19584
20110
20388
0
TO:V,FS:1,FT:5,PC:31
0
390
1070
1836
2452
3110
3793
4447
5087
5715
6364
6990
7646
8290
8927
9614
10372
10892
11605
12388
13200
13908
14613
15336
16035
16727
17357
18072
18705
19480
20110
20388
0
TO:V,FS:2,FT:0,PC:39
0
291
845
1424
1959
2473
2981
3479
3989
4494
4987
5465
5972
6467
6946
7445
7953
8442
8949
9478
10066
10501
11089
11589
12230
12829
13483
13908
14507
15043
15655
16181
16717
17281
17841
18363
18889
19498
20010
20388
0
TO:V,FS:2,FT:1,PC:39
0
334
933
1581
2075
2550
3080
3583
4089
4591
5076
5562
6065
6558
7008
7523
8039
8510
8999
9596
10187
10589
11215
11737
12344
12920
13567
13953
14534
15092
15694
16214
16790
17357
17911
18456
18996
19619
20110
20388
0
TO:V,FS:2,FT:2,PC:48
0
191
644
1128
1624
2007
2408
2812
3223
3644
4056
4454
4844
5225
5605
6002
6402
6786
7168
7592
8007
8401
8805
9189
9681
10132
10501
10986
11454
11877
12395
12908
13465
13881
14286
14731
15243
15708
16173
16580
17011
17441
17932
18358
18812
19293
19751
20197
20388
0
TO:V,FS:2,FT:3,PC:40
0
253
768
1342
1884
2332
2833
3330
3818
4303
4783
5237
5707
6210
6671
7144
7624
8117
8606
9045
9609
10194
10629
11215
11737
12355
12961
13615
14034
14613
15172
15708
16214
16765
17287
17797
18298
18829
19423
19934
20388
0
TO:V,FS:2,FT:4,PC:45
0
221
714
1231
1722
2139
2594
3026
3474
3913
4367
4802
5221
5665
6087
6509
6911
7339
7760
8196
8614
8999
9539
10023
10438
10934
11414
11907
12458
12973
13519
13908
14380
14875
15414
15884
16356
16873
17357
17835
18277
18769
19280
19794
20233
20388
0
TO:V,FS:2,FT:5,PC:40
0
291
835
1417
1959
2467
2936
3447
3948
4427
4933
5408
5907
6360
6844
7330
7819
8286
8788
9277
9886
10411
10886
11418
11964
12573
13186
13855
14313
14839
15447
15970
16481
17011
17515
18065
18612
19189
19751
20233
20388
0
