The 7 Habits of Highly Effective People
LH:630812,BH:22268,MH:679346
TO:V,FS:0,FT:0,PC:24
0
653
1539
2558
3522
4408
5433
6440
7466
8376
9427
10434
11444
12295
13266
14237
15239
16173
17156
18167
19108
20012
20911
21914
22268
0
TO:V,FS:0,FT:1,PC:24
0
653
1591
2606
3582
4459
5486
6489
7515
8431
9479
10490
11498
12398
13367
14344
15343
16289
17270
18267
19177
20090
21062
22094
22268
0
TO:V,FS:0,FT:2,PC:28
0
520
1260
2105
2914
3717
4459
5329
6208
7007
7830
8577
9461
10321
11155
12013
12780
13595
14403
15210
15956
16809
17642
18464
19230
20035
20841
21692
22268
0
TO:V,FS:0,FT:3,PC:23
0
597
1539
2563
3464
4425
5445
6498
7564
8501
9534
10536
11616
12560
13580
14621
15634
16695
17710
18665
19660
20602
21644
22268
0
TO:V,FS:0,FT:4,PC:27
0
535
1352
2273
3114
3926
4815
5681
6533
7458
8255
9170
10073
10953
11844
12645
13545
14427
15343
16124
16994
17844
18665
19481
20262
21154
22058
22268
0
TO:V,FS:0,FT:5,PC:24
0
653
1539
2545
3464
4353
5329
6338
7359
8267
9266
10299
11277
12213
13099
14022
15022
15910
16910
17844
18781
19794
20602
21583
22268
0
TO:V,FS:1,FT:0,PC:31
0
478
1121
1916
2680
3412
4080
4877
5671
6401
7195
7900
8674
9431
10249
10992
11750
12432
13190
13956
14738
15518
16198
16986
17710
18444
19086
19866
20554
21352
22087
22268
0
TO:V,FS:1,FT:1,PC:31
0
478
1121
1875
2636
3331
3970
4763
5500
6231
7019
7771
8475
9258
10065
10849
11623
12344
13108
13899
14595
15379
16072
16852
17575
18293
18912
19702
20383
21144
21896
22268
0
TO:V,FS:1,FT:2,PC:36
0
360
1043
1630
2248
2884
3512
4060
4733
5353
5982
6647
7309
7900
8555
9212
9872
10536
11144
11828
12421
13051
13681
14306
14968
15596
16178
16852
17437
18088
18665
19264
19910
20504
21136
21804
22268
0
TO:V,FS:1,FT:3,PC:32
0
432
1099
1784
2515
3251
3926
4681
5407
6176
6881
7638
8300
9104
9850
10605
11365
12118
12780
13503
14248
15007
15687
16388
17139
17844
18591
19220
19910
20602
21391
22156
22268
0
TO:V,FS:1,FT:4,PC:37
0
432
1043
1652
2293
2945
3553
4147
4798
5407
6052
6673
7309
7900
8555
9205
9833
10486
11102
11745
12295
12962
13595
14245
14909
15530
16106
16760
17366
18000
18618
19157
19781
20337
20996
21619
22253
22268
0
TO:V,FS:1,FT:5,PC:31
0
453
1121
1820
2590
3326
3983
4755
5544
6277
7046
7785
8464
9212
9971
10770
11519
12201
12938
13697
14446
15201
15842
16598
17339
18067
18733
19517
20210
21007
21775
22268
0
TO:V,FS:2,FT:0,PC:39
0
352
988
1506
2126
2704
3264
3855
4349
4937
5525
6130
6711
7309
7900
8517
9132
9703
10304
10871
11503
12079
12598
13187
13791
14392
15022
15613
16143
16755
17328
17924
18517
19012
19588
20117
20727
21316
21845
22268
0
TO:V,FS:2,FT:1,PC:39
0
352
988
1506
2082
2680
3223
3796
4349
4937
5525
6130
6711
7309
7900
8517
9104
9686
10304
10871
11503
12102
12598
13187
13791
14392
14994
15573
16106
16718
17292
17885
18444
18935
19521
20035
20647
21203
21785
22268
0
TO:V,FS:2,FT:2,PC:47
0
210
730
1121
1616
2126
2614
3082
3589
4018
4530
5013
5510
5993
6478
6987
7494
7938
8438
8932
9431
9954
10445
10938
11425
11901
12325
12823
13320
13791
14262
14742
15239
15674
16148
16652
17178
17638
18141
18606
18991
19460
19910
20374
20841
21316
21804
22268
0
TO:V,FS:2,FT:3,PC:41
0
269
867
1352
1936
2492
3050
3637
4150
4743
5313
5893
6440
7019
7577
8107
8684
9254
9858
10409
10992
11574
12143
12651
13251
13837
14421
15022
15613
16106
16673
17214
17786
18340
18775
19348
19910
20449
21007
21577
22137
22268
0
TO:V,FS:2,FT:4,PC:45
0
246
783
1257
1721
2213
2718
3212
3700
4158
4667
5184
5695
6218
6706
7240
7737
8193
8706
9212
9750
10288
10786
11330
11866
12325
12838
13367
13904
14383
14909
15379
15861
16394
16915
17393
17918
18398
18801
19304
19836
20251
20769
21250
21797
22268
0
TO:V,FS:2,FT:5,PC:40
0
327
932
1432
2039
2614
3186
3783
4292
4867
5445
6049
6634
7226
7803
8300
8902
9468
10073
10666
11226
11801
12295
12838
13447
14022
14621
15224
15754
16353
16968
17535
18117
18657
19157
19721
20216
20837
21426
21948
22268
0
