The 7 Habits of Highly Effective People
LH:659074,BH:18365,MH:679346
TO:V,FS:0,FT:0,PC:20
0
548
1297
1969
2925
3923
4879
5915
6953
7993
8933
9986
11123
12138
13213
14258
15300
16348
17296
18238
18365
0
TO:V,FS:0,FT:1,PC:19
0
548
1353
2022
2978
3983
4879
5924
6953
7993
8989
9986
11123
12141
13265
14324
15407
16462
17424
18365
0
TO:V,FS:0,FT:2,PC:23
0
524
1176
1721
2569
3402
4204
4962
5802
6687
7507
8349
9257
10105
10974
11858
12784
13588
14434
15400
16328
17096
17941
18365
0
TO:V,FS:0,FT:3,PC:19
0
548
1257
1935
2925
3983
4879
5915
6958
7941
8994
9986
11123
12163
13292
14329
15411
16512
17485
18365
0
TO:V,FS:0,FT:4,PC:22
0
481
1133
1758
2611
3526
4357
5145
6068
6967
7832
8727
9669
10586
11482
12476
13359
14301
15292
16222
17046
17964
18365
0
TO:V,FS:0,FT:5,PC:20
0
548
1257
1935
2871
3875
4844
5806
6790
7776
8661
9640
10691
11716
12803
13803
14841
15854
16867
17796
18365
0
TO:V,FS:1,FT:0,PC:25
0
426
1002
1502
2130
2919
3719
4482
5133
5915
6725
7507
8255
9008
9855
10669
11458
12200
13119
13931
14775
15561
16405
17110
17901
18365
0
TO:V,FS:1,FT:1,PC:25
0
426
1002
1502
2120
2919
3719
4482
5083
5870
6682
7465
8190
8911
9761
10546
11338
12094
12947
13655
14598
15385
16222
16950
17686
18365
0
TO:V,FS:1,FT:2,PC:30
0
352
858
1328
1726
2358
2998
3663
4246
4865
5415
6087
6715
7361
7979
8594
9224
9899
10606
11285
11930
12673
13297
14000
14717
15385
16036
16733
17362
18013
18365
0
TO:V,FS:1,FT:3,PC:26
0
426
960
1502
2084
2842
3591
4308
4962
5729
6514
7280
7966
8712
9416
10241
10987
11753
12565
13320
14103
14899
15626
16393
17088
17870
18365
0
TO:V,FS:1,FT:4,PC:30
0
413
858
1364
1863
2495
3148
3791
4427
5033
5680
6313
6958
7580
8209
8847
9528
10219
10858
11541
12166
12901
13508
14216
14931
15577
16293
16905
17506
18152
18365
0
TO:V,FS:1,FT:5,PC:26
0
426
921
1449
1997
2740
3518
4246
4912
5696
6456
7238
7904
8645
9397
10235
11000
11826
12682
13406
14216
15014
15776
16597
17362
18111
18365
0
TO:V,FS:2,FT:0,PC:32
0
339
725
1157
1502
1969
2560
3134
3713
4313
4879
5466
6087
6702
7300
7861
8439
9040
9690
10317
10933
11564
12166
12858
13430
14103
14782
15383
15991
16639
17202
17796
18365
0
TO:V,FS:2,FT:1,PC:33
0
339
725
1124
1502
1969
2560
3137
3713
4313
4879
5428
6045
6672
7264
7821
8349
9001
9648
10278
10897
11541
12094
12803
13359
14022
14706
15300
15932
16597
17156
17758
18348
18365
0
TO:V,FS:2,FT:2,PC:39
0
291
653
1002
1364
1739
2218
2712
3198
3672
4147
4611
5027
5507
6039
6514
6979
7465
7952
8472
8943
9416
9986
10546
11000
11564
12043
12610
13107
13605
14138
14724
15213
15692
16278
16747
17231
17712
18205
18365
0
TO:V,FS:2,FT:3,PC:33
0
343
790
1208
1570
2113
2673
3275
3834
4407
4912
5480
6045
6632
7194
7743
8292
8847
9416
10090
10669
11251
11833
12531
13087
13655
14342
14978
15585
16245
16804
17362
17964
18365
0
TO:V,FS:2,FT:4,PC:37
0
279
653
1025
1398
1804
2264
2783
3291
3802
4298
4784
5263
5799
6306
6823
7340
7848
8340
8879
9408
9944
10485
11000
11564
12094
12737
13247
13817
14349
14957
15503
16022
16597
17110
17645
18170
18365
0
TO:V,FS:2,FT:5,PC:33
0
376
756
1157
1502
1969
2560
3134
3713
4273
4839
5389
6006
6591
7182
7768
8319
8879
9528
10181
10784
11414
12016
12710
13292
13931
14627
15230
15831
16462
16990
17570
18152
18365
0
