The Subtle Art of Not Giving a F_ck
LH:0,BH:32829,MH:317699
TO:V,FS:0,FT:0,PC:26
0
948
2278
3614
5021
6357
7548
8878
10163
11497
12743
13992
15163
16557
17781
19095
20373
21537
22897
24277
25491
26870
28034
29370
30597
31888
32829
0
TO:V,FS:0,FT:1,PC:26
0
948
2336
3614
5031
6357
7548
8819
10098
11377
12689
13935
15104
16492
17781
19095
20373
21477
22836
24225
25432
26817
27913
29248
30436
31719
32829
0
TO:V,FS:0,FT:2,PC:32
0
832
1992
3037
4110
5258
6374
7354
8461
9523
10537
11610
12689
13703
14637
15709
16863
17938
19008
20134
21040
22056
23102
24288
25278
26398
27439
28472
29589
30539
31654
32706
32829
0
TO:V,FS:0,FT:3,PC:27
0
889
2219
3503
4850
6177
7366
8580
9916
11184
12464
13605
14781
16091
17489
18755
20134
21240
22600
23923
25169
26458
27609
28950
30094
31390
32721
32829
0
TO:V,FS:0,FT:4,PC:30
0
879
2045
3237
4351
5548
6675
7623
8728
9878
10995
12196
13201
14365
15303
16573
17719
18889
20075
21034
22126
23243
24437
25526
26664
27739
28945
29969
31143
32324
32829
0
TO:V,FS:0,FT:5,PC:28
0
889
2164
3381
4644
5900
7183
8246
9537
10787
12072
13167
14365
15382
16688
17889
19095
20373
21419
22655
23981
25169
26458
27546
28757
29969
31143
32470
32829
0
TO:V,FS:1,FT:0,PC:36
0
675
1647
2568
3485
4393
5388
6368
7237
8186
9165
10079
10987
11976
12810
13703
14511
15450
16421
17371
18263
19192
20214
20934
21831
22767
23703
24681
25573
26511
27428
28238
29215
30078
31005
31963
32829
0
TO:V,FS:1,FT:1,PC:36
0
675
1647
2568
3485
4393
5439
6420
7237
8186
9168
10108
11041
12022
12851
13770
14611
15549
16516
17431
18358
19299
20313
21034
21934
22861
23807
24784
25678
26613
27439
28389
29353
30231
31143
32118
32829
0
TO:V,FS:1,FT:2,PC:43
0
551
1376
2171
2988
3799
4571
5429
6240
7051
7788
8568
9364
10152
10935
11721
12529
13157
13969
14600
15386
16200
17025
17821
18587
19424
20233
20919
21605
22400
23172
24011
24815
25514
26293
27101
27826
28625
29441
30125
30879
31663
32436
32829
0
TO:V,FS:1,FT:3,PC:36
0
675
1653
2579
3536
4494
5490
6465
7291
8238
9217
10152
11093
12090
12871
13869
14719
15664
16674
17574
18493
19449
20373
21112
22070
22989
23961
24957
25815
26766
27699
28683
29662
30526
31453
32477
32829
0
TO:V,FS:1,FT:4,PC:41
0
507
1360
2209
3010
3838
4713
5608
6452
7237
8079
8911
9748
10565
11377
12217
12871
13735
14414
15239
16091
16925
17719
18535
19398
20258
20934
21730
22568
23408
24277
25076
25896
26771
27531
28305
29104
29900
30672
31477
32319
32829
0
TO:V,FS:1,FT:5,PC:37
0
662
1587
2522
3434
4341
5321
6258
7197
8084
9011
9930
10863
11814
12689
13537
14391
15193
16160
17119
17975
18918
19838
20655
21437
22355
23279
24243
25169
26151
27014
27832
28766
29763
30571
31484
32410
32829
0
TO:V,FS:2,FT:0,PC:47
0
424
1142
1860
2598
3359
4040
4790
5553
6309
7053
7690
8434
9174
9907
10601
11340
12050
12722
13403
14112
14757
15450
16173
16925
17673
18353
19061
19772
20463
21059
21820
22568
23325
24021
24765
25454
26188
26912
27546
28293
29019
29763
30417
31143
31888
32607
32829
0
TO:V,FS:2,FT:1,PC:47
0
424
1142
1905
2641
3359
4040
4790
5553
6309
7053
7680
8392
9084
9778
10516
11253
11963
12653
13237
13958
14579
15235
16001
16778
17511
18199
18889
19610
20332
20934
21646
22400
23155
23890
24638
25338
26070
26812
27439
28088
28832
29554
30164
30902
31628
32359
32829
0
TO:V,FS:2,FT:2,PC:56
0
373
964
1571
2153
2759
3381
3987
4606
5258
5900
6537
7179
7680
8267
8878
9481
10098
10664
11288
11876
12479
12955
13584
14188
14682
15259
15893
16537
17158
17758
18373
18982
19610
20249
20807
21326
21973
22558
23172
23772
24382
25007
25531
26158
26731
27342
27856
28482
29055
29703
30240
30825
31419
32038
32635
32829
0
TO:V,FS:2,FT:3,PC:48
0
464
1188
1905
2620
3329
3995
4761
5514
6240
6945
7588
8275
8999
9706
10384
11109
11795
12525
13105
13825
14414
15133
15856
16594
17312
17956
18632
19355
20077
20699
21326
22040
22714
23450
24210
24918
25545
26293
26989
27592
28302
29004
29681
30300
30992
31709
32403
32829
0
TO:V,FS:2,FT:4,PC:54
0
420
1057
1676
2298
2906
3536
4139
4761
5403
6043
6644
7197
7759
8403
9020
9626
10252
10922
11573
12196
12754
13320
13949
14486
15127
15756
16447
17107
17758
18398
18993
19610
20266
20791
21399
22024
22666
23305
23912
24548
25169
25795
26441
27051
27583
28164
28793
29441
30012
30633
31301
31912
32516
32829
0
TO:V,FS:2,FT:5,PC:47
0
464
1178
1905
2641
3381
4083
4835
5593
6353
7053
7690
8434
9121
9852
10558
11298
12006
12689
13339
14033
14665
15321
16040
16819
17511
18191
18878
19610
20361
20934
21646
22298
23021
23748
24483
25169
25896
26623
27304
27902
28619
29333
30012
30747
31460
32151
32829
0
