The Subtle Art of Not Giving a F_ck
LH:32829,BH:27521,MH:317699
TO:V,FS:0,FT:0,PC:22
0
943
2263
3597
4962
6205
7493
8834
10211
11483
12642
13998
15174
16416
17845
19221
20399
21744
22999
24259
25653
26975
27521
0
TO:V,FS:0,FT:1,PC:22
0
1005
2378
3721
5101
6323
7624
8953
10292
11549
12773
14061
15174
16416
17845
19232
20366
21626
22945
24206
25528
26844
27521
0
TO:V,FS:0,FT:2,PC:26
0
818
1907
2979
4096
5233
6240
7309
8376
9486
10549
11597
12637
13686
14699
15718
16692
17884
18994
20113
21109
22156
23242
24259
25394
26479
27521
0
TO:V,FS:0,FT:3,PC:22
0
947
2263
3602
4910
6085
7388
8653
10052
11341
12457
13751
14906
16196
17463
18874
20044
21186
22527
23789
25136
26486
27521
0
TO:V,FS:0,FT:4,PC:25
0
870
2064
3301
4495
5582
6709
7813
8969
10195
11275
12295
13399
14456
15579
16573
17818
18994
20108
21109
22202
23346
24464
25653
26825
27521
0
TO:V,FS:0,FT:5,PC:23
0
885
2155
3461
4683
5816
7017
8269
9570
10821
11874
13108
14265
15409
16527
17828
19111
20345
21463
22696
23858
25194
26421
27521
0
TO:V,FS:1,FT:0,PC:31
0
693
1544
2489
3392
4345
5316
6150
7060
7994
8898
9885
10778
11647
12565
13539
14359
15159
16109
16943
17906
18874
19806
20615
21558
22529
23518
24497
25489
26468
27433
27521
0
TO:V,FS:1,FT:1,PC:31
0
641
1498
2440
3341
4298
5272
6104
7017
7948
8856
9837
10728
11597
12468
13438
14275
15082
16011
16844
17832
18839
19813
20615
21558
22529
23518
24500
25489
26468
27443
27521
0
TO:V,FS:1,FT:2,PC:36
0
582
1383
2191
2968
3775
4537
5338
6040
6824
7583
8342
9152
10015
10816
11545
12262
13045
13812
14506
15207
15979
16702
17507
18357
19162
19937
20615
21448
22237
23024
23763
24575
25377
26213
27027
27521
0
TO:V,FS:1,FT:3,PC:30
0
649
1597
2624
3647
4651
5528
6452
7396
8310
9264
10236
11171
12050
12961
13942
14758
15656
16467
17463
18518
19528
20399
21336
22296
23274
24257
25283
26262
27259
27521
0
TO:V,FS:1,FT:4,PC:35
0
582
1398
2249
3093
3946
4771
5568
6335
7126
7963
8794
9640
10449
11265
11946
12773
13634
14372
15092
15893
16595
17434
18275
19144
19961
20652
21428
22269
23085
23858
24681
25537
26396
27188
27521
0
TO:V,FS:1,FT:5,PC:31
0
641
1498
2440
3341
4298
5251
6101
7017
7948
8856
9837
10728
11597
12438
13346
14199
14975
15911
16742
17711
18664
19578
20399
21327
22244
23183
24157
25123
26078
27058
27521
0
TO:V,FS:2,FT:0,PC:40
0
485
1195
1893
2624
3381
4145
4861
5568
6251
6958
7672
8416
9152
9904
10645
11360
11940
12679
13381
14069
14680
15346
16095
16722
17463
18230
18977
19698
20366
20996
21706
22417
23133
23858
24575
25328
26075
26774
27512
27521
0
TO:V,FS:2,FT:1,PC:40
0
485
1199
1934
2709
3465
4230
4944
5582
6335
7014
7703
8452
9191
9949
10704
11405
12024
12773
13511
14154
14788
15517
16196
16833
17597
18357
19144
19819
20399
21082
21787
22502
23177
23858
24575
25328
26075
26774
27512
27521
0
TO:V,FS:2,FT:2,PC:47
0
399
998
1591
2202
2821
3422
4053
4631
5242
5741
6335
6928
7562
8174
8781
9396
10002
10607
11213
11647
12244
12869
13496
14056
14565
15087
15705
16231
16858
17503
18143
18768
19362
19972
20521
21076
21659
22269
22883
23470
24104
24737
25361
26017
26599
27250
27521
0
TO:V,FS:2,FT:3,PC:41
0
485
1205
1893
2624
3341
4077
4771
5512
6074
6754
7480
8174
8880
9640
10321
11014
11597
12276
13003
13674
14305
14876
15567
16196
16833
17563
18275
19021
19702
20366
20996
21678
22375
23088
23798
24457
25209
25944
26599
27337
27521
0
TO:V,FS:2,FT:4,PC:45
0
445
1069
1702
2356
2996
3647
4286
4944
5528
6092
6757
7388
8038
8645
9277
9930
10569
11225
11718
12353
12985
13588
14154
14719
15340
15972
16505
17150
17824
18396
19087
19760
20366
20939
21513
22156
22799
23422
24009
24606
25283
25924
26563
27246
27521
0
TO:V,FS:2,FT:5,PC:40
0
485
1195
1893
2613
3301
4060
4771
5528
6205
6913
7634
8376
9135
9862
10607
11303
11860
12551
13279
13942
14533
15193
15921
16550
17303
18072
18839
19544
20284
20848
21513
22214
22883
23551
24246
25000
25766
26456
27188
27521
0
