The Subtle Art of Not Giving a F_ck
LH:60350,BH:33467,MH:317699
TO:V,FS:0,FT:0,PC:27
0
950
2252
3606
4940
6282
7653
8965
10069
11340
12522
13784
15039
16312
17703
19013
20284
21568
22743
24077
25262
26633
27945
29330
30459
31802
33094
33467
0
TO:V,FS:0,FT:1,PC:27
0
972
2312
3666
5072
6404
7770
9077
10185
11455
12643
13913
15164
16428
17810
19134
20362
21568
22743
24077
25265
26633
27945
29330
30459
31802
33094
33467
0
TO:V,FS:0,FT:2,PC:32
0
831
1959
3066
4185
5305
6441
7533
8594
9678
10636
11604
12579
13652
14705
15720
16753
17807
18924
19989
21100
22004
23059
24180
25192
26288
27425
28520
29623
30667
31777
32887
33467
0
TO:V,FS:0,FT:3,PC:27
0
950
2252
3645
5021
6291
7600
8965
10185
11395
12527
13789
14981
16224
17534
18887
20201
21498
22558
23882
25080
26416
27692
29023
30232
31516
32922
33467
0
TO:V,FS:0,FT:4,PC:30
0
880
2036
3178
4389
5565
6744
7947
9139
10185
11250
12288
13456
14557
15710
16898
18054
19225
20362
21478
22542
23646
24820
25877
26951
28156
29340
30389
31602
32772
33467
0
TO:V,FS:0,FT:5,PC:28
0
888
2135
3353
4657
5928
7221
8479
9659
10720
11819
13092
14284
15401
16657
17932
19170
20362
21568
22686
23902
25038
26288
27600
28751
29890
31151
32304
33467
0
TO:V,FS:1,FT:0,PC:37
0
717
1665
2607
3553
4528
5437
6395
7347
8337
9235
10038
10925
11757
12673
13600
14505
15445
16394
17322
18216
19170
20098
21040
21828
22734
23677
24608
25417
26376
27336
28250
29184
30016
30899
31835
32759
33467
0
TO:V,FS:1,FT:1,PC:37
0
674
1612
2557
3505
4479
5389
6395
7407
8389
9326
10140
11018
11844
12780
13771
14689
15649
16588
17497
18403
19368
20284
21221
22023
22942
23868
24768
25589
26580
27545
28448
29420
30283
31177
32128
33053
33467
0
TO:V,FS:1,FT:2,PC:44
0
579
1390
2177
2991
3796
4629
5389
6176
7020
7818
8625
9442
10119
10871
11617
12404
13189
13913
14733
15485
16256
17065
17845
18640
19420
20217
20990
21682
22428
23253
24031
24849
25541
26305
27140
27910
28682
29467
30183
30995
31798
32613
33396
33467
0
TO:V,FS:1,FT:3,PC:36
0
674
1612
2557
3531
4548
5449
6460
7464
8436
9429
10346
11250
12084
13034
13998
14921
15902
16832
17799
18764
19725
20706
21615
22528
23434
24419
25287
26274
27256
28250
29184
30078
31026
31980
32926
33467
0
TO:V,FS:1,FT:4,PC:42
0
579
1403
2222
3066
3922
4740
5603
6430
7276
8115
8988
9805
10576
11384
12106
12934
13717
14505
15312
16134
16920
17728
18539
19319
20090
20899
21645
22425
23248
24077
24881
25635
26485
27324
28124
28952
29698
30514
31325
32128
32963
33467
0
TO:V,FS:1,FT:5,PC:38
0
690
1612
2557
3470
4429
5344
6285
7188
8091
9014
9842
10659
11548
12407
13279
14150
15074
15942
16874
17752
18644
19513
20414
21355
22162
23059
23977
24860
25697
26633
27554
28448
29370
30129
31026
31921
32861
33467
0
TO:V,FS:2,FT:0,PC:48
0
480
1178
1911
2632
3394
4109
4876
5616
6342
7097
7841
8568
9299
9937
10649
11340
11968
12659
13426
14129
14809
15494
16244
16963
17647
18377
19099
19764
20490
21233
21813
22547
23290
24031
24750
25420
26153
26847
27587
28308
29060
29713
30466
31193
31907
32655
33343
33467
0
TO:V,FS:2,FT:1,PC:48
0
496
1184
1950
2674
3431
4200
4967
5691
6430
7188
7897
8625
9334
9980
10659
11340
11968
12659
13426
14129
14809
15494
16244
16963
17647
18336
19061
19725
20447
21195
21770
22508
23201
23972
24663
25341
26065
26752
27479
28212
28952
29623
30305
31026
31773
32451
33181
33467
0
TO:V,FS:2,FT:2,PC:57
0
391
972
1562
2165
2748
3365
3973
4590
5201
5811
6450
7069
7653
8281
8932
9555
10057
10610
11214
11705
12283
12851
13451
14040
14635
15269
15885
16484
17074
17665
18255
18844
19420
20014
20587
21221
21726
22350
22962
23560
24158
24781
25319
25928
26531
27103
27672
28308
28903
29498
30032
30652
31261
31857
32437
33041
33467
0
TO:V,FS:2,FT:3,PC:49
0
506
1184
1911
2587
3323
4039
4740
5462
6123
6856
7547
8284
9028
9722
10364
11030
11652
12302
12983
13673
14365
15001
15710
16380
17094
17795
18498
19210
19839
20539
21233
21770
22463
23149
23887
24585
25209
25935
26623
27366
28028
28726
29458
30078
30826
31470
32170
32876
33467
0
TO:V,FS:2,FT:4,PC:55
0
410
1009
1637
2273
2852
3516
4150
4800
5424
6080
6747
7399
8057
8706
9299
9842
10434
11027
11604
12159
12764
13409
13998
14592
15215
15781
16394
17030
17642
18249
18835
19497
20098
20663
21284
21766
22378
23028
23646
24280
24918
25441
26094
26694
27336
27945
28576
29237
29751
30339
31006
31624
32223
32918
33467
0
TO:V,FS:2,FT:5,PC:49
0
523
1204
1950
2628
3337
4062
4785
5437
6156
6887
7625
8355
9084
9805
10394
11060
11705
12407
13108
13793
14505
15209
15915
16580
17295
18006
18653
19364
20044
20761
21458
22067
22768
23534
24240
24958
25586
26305
27000
27672
28394
29085
29713
30466
31193
31871
32613
33298
33467
0
