The Subtle Art of Not Giving a F_ck
LH:93817,BH:40497,MH:317699
TO:V,FS:0,FT:0,PC:33
0
976
2274
3606
4948
6253
7531
8876
10179
11299
12273
13477
14829
16122
17075
18148
19311
20692
21964
23253
24543
25820
27064
28093
29291
30510
31669
32865
34158
35429
36743
38082
39305
40497
0
TO:V,FS:0,FT:1,PC:33
0
976
2335
3681
5007
6253
7531
8876
10120
11299
12279
13600
14951
16163
17075
18148
19311
20692
21964
23253
24603
25820
27064
28026
29278
30446
31562
32740
33989
35180
36505
37905
39172
40497
0
TO:V,FS:0,FT:2,PC:40
0
795
1881
2955
4047
5097
6195
7287
8420
9437
10558
11387
12250
13299
14442
15582
16440
17241
18238
19198
20256
21328
22458
23581
24588
25650
26702
27772
28635
29558
30539
31562
32447
33471
34574
35628
36725
37831
38940
40114
40497
0
TO:V,FS:0,FT:3,PC:34
0
926
2235
3558
4828
6141
7362
8631
9892
11085
11951
13299
14656
15982
16918
17866
19167
20430
21705
22950
24203
25540
26822
27965
29072
30179
31241
32389
33606
34807
36172
37499
38742
40074
40497
0
TO:V,FS:0,FT:4,PC:38
0
894
2132
3312
4476
5698
6787
7934
9087
10211
11190
11985
13216
14388
15561
16460
17318
18436
19507
20679
21845
22979
24175
25267
26332
27474
28329
29346
30366
31415
32435
33524
34615
35812
36964
38082
39208
40447
40497
0
TO:V,FS:0,FT:5,PC:35
0
914
2116
3373
4595
5884
7086
8310
9573
10736
11651
12860
14011
15253
16305
17241
18393
19483
20744
21964
23200
24431
25655
26871
27899
29072
30179
31231
32389
33480
34615
35865
37078
38420
39609
40497
0
TO:V,FS:1,FT:0,PC:46
0
680
1566
2465
3408
4356
5272
6175
7082
8020
8977
9883
10736
11490
12250
13157
14125
15064
16005
16658
17396
18259
19167
20071
21052
21986
22929
23857
24760
25668
26537
27457
28130
29036
29849
30702
31503
32372
33200
34087
34957
35899
36800
37721
38660
39655
40497
0
TO:V,FS:1,FT:1,PC:46
0
688
1570
2465
3408
4356
5272
6175
7082
8020
8977
9883
10736
11490
12250
13206
14187
15165
16106
16754
17447
18436
19297
20275
21242
22178
23136
24058
24935
25866
26702
27647
28329
29151
30096
30922
31720
32498
33366
34309
35215
36163
37078
38072
39015
39951
40497
0
TO:V,FS:1,FT:2,PC:54
0
577
1389
2172
2941
3740
4508
5320
6123
6875
7661
8428
9164
9937
10699
11352
11927
12663
13447
14258
15030
15799
16454
17075
17717
18536
19245
20019
20855
21567
22409
23230
24027
24784
25614
26373
27098
27843
28490
29192
29988
30691
31348
32099
32756
33455
34246
34947
35769
36541
37358
38179
38985
39753
40497
0
TO:V,FS:1,FT:3,PC:45
0
652
1570
2585
3506
4423
5423
6341
7277
8294
9268
10251
11056
11651
12621
13617
14628
15582
16340
17121
17906
18912
19786
20780
21740
22716
23625
24575
25477
26430
27353
28026
28996
29839
30654
31469
32328
33211
34100
35010
36005
36964
37921
38869
39862
40497
0
TO:V,FS:1,FT:4,PC:52
0
615
1458
2274
3109
3915
4729
5578
6374
7164
8020
8849
9648
10488
11172
11737
12568
13386
14214
15042
15883
16534
17206
17959
18839
19579
20396
21208
21996
22809
23625
24378
25157
25987
26831
27643
28288
29072
29849
30602
31334
32135
32809
33574
34415
35169
36031
36897
37721
38566
39351
40194
40497
0
TO:V,FS:1,FT:5,PC:47
0
680
1561
2457
3360
4303
5157
6068
6924
7821
8767
9648
10578
11299
11944
12888
13811
14757
15677
16414
17140
17884
18839
19635
20576
21517
22409
23345
24252
25157
26107
26946
27817
28548
29334
30211
31086
31896
32625
33509
34458
35299
36213
37122
38072
38961
39856
40497
0
TO:V,FS:2,FT:0,PC:59
0
465
1186
1854
2606
3349
4071
4772
5521
6243
6937
7658
8352
9103
9807
10537
11129
11627
12309
13010
13750
14492
15237
15977
16534
17114
17647
18402
19158
19749
20505
21196
21867
22597
23319
24062
24695
25422
26099
26783
27510
28026
28783
29374
30110
30727
31373
32087
32702
33366
34100
34743
35509
36252
36979
37699
38420
39126
39841
40497
0
TO:V,FS:2,FT:1,PC:60
0
465
1195
1897
2661
3394
4071
4772
5521
6205
6900
7615
8310
9054
9730
10439
11028
11550
12223
12929
13629
14319
15077
15799
16410
16997
17447
18187
18901
19483
20215
20903
21567
22263
22992
23742
24421
25079
25805
26438
27170
27817
28361
29072
29756
30371
31086
31746
32389
33051
33742
34445
35123
35899
36653
37376
38114
38792
39533
40258
40497
0
TO:V,FS:2,FT:2,PC:70
0
394
1009
1570
2160
2774
3394
3952
4535
5173
5785
6374
6955
7539
8150
8761
9377
9930
10549
11016
11510
12027
12606
13202
13825
14442
15064
15668
16230
16693
17241
17754
18376
18991
19507
20111
20735
21328
21948
22548
23178
23815
24378
24946
25560
26152
26742
27320
27843
28336
28926
29449
30038
30575
31116
31746
32328
32849
33399
33989
34574
35169
35789
36391
36964
37585
38179
38817
39430
40060
40497
0
TO:V,FS:2,FT:3,PC:61
0
479
1163
1897
2616
3312
3992
4683
5407
6123
6818
7562
8231
8969
9648
10358
10946
11510
12092
12791
13516
14233
14959
15673
16288
16865
17432
18091
18839
19447
20144
20866
21499
22178
22864
23581
24288
24964
25659
26373
27045
27781
28288
29022
29639
30254
30922
31546
32224
32792
33408
34100
34743
35478
36210
36897
37616
38298
39005
39707
40460
40497
0
TO:V,FS:2,FT:4,PC:67
0
426
1074
1712
2348
2990
3646
4279
4850
5492
6082
6723
7367
7966
8646
9228
9815
10485
10974
11510
12092
12746
13416
14023
14644
15263
15907
16437
16975
17447
18062
18703
19234
19878
20541
21110
21754
22441
23101
23735
24356
24938
25595
26184
26844
27443
27954
28471
29072
29699
30277
30915
31481
32046
32552
33149
33751
34369
34926
35585
36184
36800
37415
38054
38655
39256
39896
40497
0
TO:V,FS:2,FT:5,PC:60
0
505
1208
1897
2644
3312
3992
4711
5433
6123
6811
7514
8231
8922
9602
10335
10946
11510
12140
12833
13553
14280
15028
15752
16374
16975
17486
18218
18941
19562
20244
20970
21653
22347
23081
23783
24421
25128
25820
26482
27160
27817
28404
29072
29756
30371
31086
31746
32389
33051
33728
34408
35010
35760
36441
37149
37886
38616
39305
40045
40497
0
