The Subtle Art of Not Giving a F_ck
LH:220017,BH:24871,MH:317699
TO:V,FS:0,FT:0,PC:21
0
991
2272
3444
4740
6047
7376
8694
9847
11145
12430
13777
15040
16323
17583
18891
19960
20968
21903
23268
24629
24871
0
TO:V,FS:0,FT:1,PC:21
0
994
2272
3444
4740
6047
7376
8694
9908
11218
12529
13898
15156
16446
17778
19014
20202
21124
22114
23430
24805
24871
0
TO:V,FS:0,FT:2,PC:24
0
861
1985
3088
4059
5122
6212
7227
8303
9247
10305
11392
12472
13581
14701
15808
16917
17919
19009
19952
20791
21646
22774
23928
24871
0
TO:V,FS:0,FT:3,PC:21
0
935
2236
3444
4682
6007
7313
8586
9814
11103
12451
13728
14968
16198
17529
18776
19960
20911
21788
23147
24449
24871
0
TO:V,FS:0,FT:4,PC:23
0
854
1978
3107
4054
5122
6368
7527
8642
9680
10843
12002
13121
14272
15374
16456
17697
18771
19898
20791
21668
22920
23967
24871
0
TO:V,FS:0,FT:5,PC:22
0
919
2156
3353
4362
5650
6905
8100
9198
10421
11653
12903
14202
15412
16646
17878
19071
20124
21028
21903
23147
24368
24871
0
TO:V,FS:1,FT:0,PC:28
0
701
1663
2571
3444
4276
5215
6147
7108
8060
8924
9863
10797
11762
12712
13625
14602
15511
16456
17362
18228
19150
19898
20671
21362
22177
23138
24072
24871
0
TO:V,FS:1,FT:1,PC:28
0
701
1663
2571
3444
4300
5259
6197
7159
8136
8976
9917
10843
11798
12759
13675
14645
15557
16512
17466
18328
19246
20054
20737
21424
22301
23243
24167
24871
0
TO:V,FS:1,FT:2,PC:33
0
562
1350
2150
2931
3618
4347
5158
5924
6670
7449
8284
8966
9743
10502
11280
12054
12881
13655
14472
15253
16021
16830
17627
18335
19096
19818
20446
21124
21719
22563
23372
24072
24871
0
TO:V,FS:1,FT:3,PC:28
0
646
1611
2520
3402
4176
5116
6098
7073
8070
8924
9879
10797
11762
12716
13631
14602
15519
16456
17426
18328
19304
20160
20837
21470
22470
23430
24377
24871
0
TO:V,FS:1,FT:4,PC:32
0
550
1382
2210
3037
3742
4478
5326
6139
6957
7788
8586
9338
10163
10964
11786
12641
13444
14262
15028
15872
16692
17573
18342
19160
19898
20662
21191
21846
22737
23565
24382
24871
0
TO:V,FS:1,FT:5,PC:29
0
668
1611
2520
3402
4165
5066
6037
6967
7865
8783
9625
10557
11478
12426
13353
14292
15227
16174
17088
17919
18880
19756
20446
21164
21863
22798
23720
24649
24871
0
TO:V,FS:2,FT:0,PC:37
0
470
1172
1877
2586
3308
3877
4514
5240
5965
6662
7398
8136
8861
9465
10205
10919
11653
12373
13057
13805
14540
15156
15872
16597
17300
17965
18718
19419
20031
20616
21124
21604
22328
23065
23758
24465
24871
0
TO:V,FS:2,FT:1,PC:37
0
470
1172
1877
2586
3308
3877
4514
5240
5965
6662
7398
8092
8843
9503
10249
10964
11694
12463
13130
13891
14589
15235
15926
16692
17430
18049
18789
19519
20160
20671
21191
21668
22426
23130
23842
24552
24871
0
TO:V,FS:2,FT:2,PC:43
0
346
946
1561
2185
2766
3382
3912
4478
5108
5728
6368
6957
7596
8176
8776
9308
9927
10508
11103
11694
12312
12903
13477
14117
14721
15298
15884
16456
17068
17691
18250
18868
19454
19931
20446
20982
21424
21983
22609
23243
23875
24469
24871
0
TO:V,FS:2,FT:3,PC:37
0
476
1172
1877
2586
3308
3877
4524
5240
5924
6620
7313
8020
8721
9350
10036
10749
11410
12101
12824
13515
14262
14936
15620
16384
17117
17878
18565
19254
19898
20531
21075
21470
22159
22902
23603
24297
24871
0
TO:V,FS:2,FT:4,PC:42
0
409
1078
1663
2308
2907
3444
4003
4584
5204
5878
6539
7169
7813
8429
8960
9601
10253
10831
11455
12054
12724
13353
13984
14630
15219
15812
16432
17104
17762
18335
18958
19595
20151
20671
21155
21592
22228
22902
23524
24105
24769
24871
0
TO:V,FS:2,FT:5,PC:37
0
508
1206
1921
2622
3341
3912
4556
5274
6013
6705
7398
8136
8861
9465
10195
10919
11653
12350
13057
13762
14501
15110
15814
16557
17248
17919
18680
19373
19931
20531
21075
21451
22108
22847
23591
24284
24871
0
