The Subtle Art of Not Giving a F_ck
LH:244888,BH:39309,MH:317699
TO:V,FS:0,FT:0,PC:31
0
1025
2365
3740
5113
6423
7827
9168
10425
11771
13023
14390
15780
17007
18136
19053
20369
21679
23003
24373
25676
26973
28125
29439
30828
32237
33572
34653
36024
37385
38716
39309
0
TO:V,FS:0,FT:1,PC:31
0
1025
2365
3797
5171
6550
7957
9217
10549
11889
13157
14574
15988
17165
18308
19431
20730
22057
23386
24741
26036
27209
28506
29834
31237
32674
33844
35064
36430
37802
39060
39309
0
TO:V,FS:0,FT:2,PC:37
0
834
2022
3086
4196
5323
6456
7584
8670
9616
10696
11867
12831
13995
15163
16280
17233
18252
19114
20240
21331
22426
23565
24626
25756
26909
27859
28939
30112
31226
32345
33473
34316
35397
36528
37625
38724
39309
0
TO:V,FS:0,FT:3,PC:32
0
965
2327
3671
4994
6357
7724
8994
10232
11530
12724
14129
15486
16840
17954
18864
20183
21475
22706
24021
25310
26544
27688
28942
30309
31671
33011
34152
35312
36614
37925
39248
39309
0
TO:V,FS:0,FT:4,PC:35
0
882
2071
3284
4471
5658
6785
7945
9078
10104
11298
12446
13509
14782
15988
17122
18187
19053
20286
21455
22628
23747
24948
26036
27089
28218
29411
30651
31852
33011
34091
35064
36249
37357
38535
39309
0
TO:V,FS:0,FT:5,PC:33
0
961
2197
3432
4722
5936
7134
8382
9557
10839
12132
13266
14565
15837
16993
18068
18925
20166
21300
22540
23753
25006
26272
27365
28621
29893
31184
32483
33657
34707
35962
37265
38513
39309
0
TO:V,FS:1,FT:0,PC:43
0
724
1678
2611
3570
4462
5417
6368
7374
8344
9217
10104
11091
12072
12861
13864
14828
15780
16714
17522
18369
19223
20169
21045
21924
22843
23849
24831
25748
26679
27498
28424
29310
30245
31220
32207
33225
34091
34927
35853
36800
37743
38657
39309
0
TO:V,FS:1,FT:1,PC:43
0
684
1634
2564
3531
4462
5420
6411
7374
8344
9217
10104
11091
12072
12909
13922
14880
15878
16819
17624
18459
19316
20240
21197
22079
22992
24010
24948
25897
26834
27643
28574
29461
30395
31370
32365
33358
34170
35064
36011
37000
37917
38832
39309
0
TO:V,FS:1,FT:2,PC:51
0
593
1376
2188
2973
3756
4499
5305
6113
6976
7782
8587
9262
10056
10888
11697
12531
13235
14078
14903
15731
16536
17208
17954
18664
19397
20197
20994
21806
22598
23386
24190
24996
25795
26579
27247
28043
28810
29583
30387
31203
32008
32822
33517
34209
35023
35803
36579
37348
38141
38909
39309
0
TO:V,FS:1,FT:3,PC:42
0
688
1644
2616
3586
4568
5579
6580
7571
8497
9369
10360
11348
12331
13182
14201
15180
16195
17059
17871
18619
19531
20420
21403
22322
23318
24334
25290
26244
27089
27997
28932
29934
30930
31938
32933
33780
34629
35596
36563
37558
38488
39309
0
TO:V,FS:1,FT:4,PC:49
0
593
1418
2262
3086
3958
4807
5649
6473
7309
8111
8958
9706
10513
11351
12198
12870
13762
14641
15492
16348
17153
17846
18573
19285
20133
20942
21748
22578
23386
24254
25127
25960
26786
27504
28305
29137
30004
30828
31686
32528
33349
34091
34816
35615
36440
37293
38141
38936
39309
0
TO:V,FS:1,FT:5,PC:44
0
714
1629
2545
3522
4412
5367
6302
7268
8164
9118
9968
10922
11897
12661
13635
14634
15561
16501
17318
18234
18910
19861
20730
21620
22512
23437
24390
25281
26237
27089
27997
28879
29771
30746
31706
32665
33560
34303
35209
36153
37091
38018
38920
39309
0
TO:V,FS:2,FT:0,PC:56
0
510
1281
2002
2738
3475
4196
4923
5649
6379
7121
7848
8534
9217
9913
10638
11376
12155
12739
13509
14268
15068
15827
16548
17195
17846
18471
18996
19734
20401
21107
21830
22527
23275
24043
24767
25473
26163
26855
27501
28218
28967
29718
30466
31209
31980
32719
33473
34091
34727
35435
36176
36923
37666
38382
39096
39309
0
TO:V,FS:2,FT:1,PC:56
0
510
1281
2002
2738
3475
4196
4923
5605
6332
7099
7848
8534
9217
9913
10638
11376
12155
12739
13509
14268
15068
15827
16509
17165
17806
18446
19001
19748
20480
21185
21918
22641
23386
24134
24853
25558
26248
26981
27617
28347
29096
29816
30585
31337
32090
32808
33517
34170
34853
35532
36301
37041
37797
38500
39182
39309
0
TO:V,FS:2,FT:2,PC:67
0
409
1036
1663
2275
2862
3470
4079
4691
5330
5956
6555
7189
7764
8344
8958
9494
10104
10705
11333
11984
12593
13134
13785
14390
15086
15682
16280
16870
17318
17928
18436
18903
19509
20107
20677
21244
21852
22444
23084
23693
24318
24919
25500
26118
26721
27247
27850
28451
29042
29635
30245
30828
31464
32090
32713
33311
33780
34320
34917
35529
36114
36702
37323
37952
38531
39086
39309
0
TO:V,FS:2,FT:3,PC:57
0
515
1236
1947
2628
3351
4035
4768
5506
6197
6918
7633
8357
9048
9706
10410
11122
11817
12477
13124
13894
14659
15360
16086
16802
17361
18068
18619
19194
19915
20622
21321
22006
22689
23386
24134
24858
25603
26300
26981
27597
28261
28970
29701
30426
31137
31868
32574
33279
33828
34465
35105
35832
36528
37250
37952
38671
39309
0
TO:V,FS:2,FT:4,PC:64
0
451
1042
1701
2331
2973
3623
4278
4932
5568
6187
6827
7463
8111
8768
9298
9948
10567
11208
11862
12474
13000
13671
14350
15021
15682
16306
16862
17318
17969
18459
18973
19566
20207
20808
21455
22103
22745
23372
23999
24678
25320
25936
26564
27089
27681
28294
28916
29594
30245
30861
31492
32117
32790
33389
33892
34423
35064
35684
36345
36933
37573
38212
38798
39309
0
TO:V,FS:2,FT:5,PC:57
0
549
1266
2002
2726
3401
4116
4830
5568
6285
7037
7751
8445
9118
9745
10469
11216
11966
12638
13349
14118
14894
15645
16348
17059
17613
18252
18773
19431
20121
20808
21465
22146
22848
23604
24295
24991
25699
26387
27058
27730
28459
29181
29901
30585
31281
32008
32764
33517
34170
34853
35532
36278
36991
37712
38419
39140
39309
0
