TO:V,FS:0,FT:0,PC:20
0
671
1995
3025
3975
5014
6076
7234
8534
9805
11106
12410
13798
14941
16066
17268
18264
19184
20336
21403
22052
0
TO:V,FS:0,FT:1,PC:20
0
671
2009
3025
3975
5014
6076
7234
8534
9805
11106
12410
13798
14941
16066
17268
18264
19184
20352
21458
22052
0
TO:V,FS:0,FT:2,PC:21
0
671
1945
2942
3830
4916
5962
6980
8118
9337
10697
11865
13202
14321
15396
16514
17605
18474
19456
20528
21691
22052
0
TO:V,FS:1,FT:0,PC:26
0
600
1499
2536
3277
4018
4846
5599
6343
7234
8220
9300
10326
11287
12333
13426
14321
15199
16050
16990
17802
18403
19268
20117
20949
21940
22052
0
TO:V,FS:1,FT:1,PC:26
0
587
1449
2536
3285
4018
4846
5599
6343
7187
8128
9195
10169
11137
12176
13279
14248
15020
15933
16843
17658
18303
19184
20035
20890
21839
22052
0
TO:V,FS:1,FT:2,PC:27
0
587
1394
2435
3146
3830
4623
5329
6076
6849
7735
8611
9539
10573
11464
12488
13528
14321
15150
15950
16843
17637
18258
18981
19838
20658
21498
22052
0
TO:V,FS:2,FT:0,PC:33
0
502
1076
1883
2567
3135
3729
4329
4951
5541
6118
6719
7363
8092
8906
9644
10461
11178
11973
12767
13600
14266
14876
15550
16256
16935
17584
18104
18688
19293
19879
20610
21261
22052
0
TO:V,FS:2,FT:1,PC:33
0
502
1076
1904
2567
3135
3772
4414
4974
5594
6171
6832
7501
8234
9038
9780
10614
11310
12094
12913
13739
14359
15020
15687
16408
17117
17699
18254
18779
19435
20051
20751
21433
22052
0
TO:V,FS:2,FT:2,PC:33
0
502
1086
1904
2567
3135
3772
4414
4974
5594
6171
6832
7501
8234
9038
9786
10614
11310
12094
12938
13779
14321
14980
15648
16366
17067
17658
18214
18768
19401
20009
20716
21389
22052
0
TO:H,FS:0,FT:0,PC:21
0
620
1725
2785
3772
4916
5982
6923
7974
9337
10799
11984
13414
14391
15539
16537
17658
18523
19522
20601
21754
22052
0
TO:H,FS:0,FT:1,PC:21
0
620
1725
2776
3640
4674
5694
6580
7766
8937
10125
11291
12621
13832
14941
15950
17117
17993
18779
19838
20890
22052
0
TO:H,FS:0,FT:2,PC:21
0
600
1645
2713
3640
4674
5694
6580
7766
8937
10125
11287
12621
13832
14876
15950
17117
17993
18779
19838
20890
22052
0
TO:H,FS:1,FT:0,PC:27
0
587
1337
2402
3082
3772
4588
5306
6076
6913
7799
8759
9644
10718
11648
12690
13798
14616
15396
16293
17117
17843
18559
19362
20199
20963
21967
22052
0
TO:H,FS:1,FT:1,PC:26
0
587
1344
2411
3082
3794
4643
5360
6076
6913
7799
8759
9668
10718
11648
12702
13798
14616
15457
16358
17179
17892
18617
19456
20328
21000
22052
0
TO:H,FS:1,FT:2,PC:28
0
525
1130
2162
2845
3590
4216
4974
5725
6343
7154
7897
8889
9721
10718
11581
12555
13613
14321
15139
15930
16601
17434
18104
18779
19636
20455
21069
22052
0
TO:H,FS:2,FT:0,PC:34
0
462
920
1759
2536
3075
3640
4216
4916
5435
6045
6626
7292
7937
8791
9508
10326
11106
11812
12611
13484
14186
14774
15381
16004
16653
17329
17944
18474
19079
19760
20434
21000
21821
22052
0
TO:H,FS:2,FT:1,PC:33
0
462
923
1759
2536
3075
3640
4216
4916
5452
6045
6626
7292
8003
8848
9567
10383
11137
11973
12809
13665
14266
14930
15550
16227
16881
17535
18104
18617
19235
19879
20576
21229
22052
0
TO:H,FS:2,FT:2,PC:34
0
462
865
1703
2536
3075
3640
4216
4916
5435
6045
6626
7292
7888
8744
9446
10267
11106
11812
12631
13492
14186
14763
15381
16004
16595
17299
17892
18358
18981
19661
20272
20861
21611
22052
0
