TO:V,FS:0,FT:0,PC:35
0
1033
2112
3144
4248
5360
6353
7402
8584
9494
10317
11377
12449
13599
14697
15960
17161
18477
19706
20748
21788
22864
23797
24784
25745
26861
28001
28956
29929
30997
32153
33410
34836
36136
37568
37642
0
TO:V,FS:0,FT:1,PC:34
0
1033
2112
3150
4306
5419
6414
7432
8709
9570
10428
11495
12503
13613
14804
16059
17285
18550
19883
20873
21910
22930
23864
24805
25820
26905
28123
29088
30106
31183
32268
33579
34876
36231
37642
0
TO:V,FS:0,FT:2,PC:36
0
917
1939
2971
4009
5232
6156
7094
8286
9201
10008
10922
12064
13032
14083
15247
16376
17633
18801
20065
21087
22089
23028
23976
24805
25790
26861
28001
28956
29929
30997
32098
33309
34693
35836
37184
37642
0
TO:V,FS:1,FT:0,PC:44
0
760
1702
2455
3370
4203
5179
5945
6772
7628
8601
9341
10008
10735
11684
12444
13308
14159
15074
15989
16874
17784
18676
19768
20593
21440
22236
23164
23957
24735
25522
26365
27375
28217
28956
29805
30563
31454
32326
33353
34444
35429
36470
37546
37642
0
TO:V,FS:1,FT:1,PC:44
0
772
1653
2455
3379
4203
5163
5945
6772
7628
8552
9341
10008
10735
11639
12392
13260
14059
14946
15858
16723
17625
18596
19615
20437
21281
22123
22967
23797
24642
25401
26227
27119
28001
28868
29602
30459
31247
32087
33049
34126
35138
36168
37238
37642
0
TO:V,FS:1,FT:2,PC:46
0
698
1600
2360
3166
3942
4853
5679
6404
7192
8130
8983
9713
10317
11066
12015
12729
13558
14399
15197
16077
16928
17834
18676
19717
20489
21281
22074
22864
23690
24483
25247
26070
26905
27850
28633
29341
30131
30821
31650
32527
33500
34538
35476
36470
37492
37642
0
TO:V,FS:2,FT:0,PC:56
0
581
1281
1934
2564
3194
3876
4624
5334
5945
6620
7226
7973
8714
9201
9835
10392
10964
11680
12363
12960
13613
14383
15054
15741
16376
17167
17866
18588
19344
20065
20772
21376
22011
22657
23312
23898
24577
25211
25790
26406
27142
27870
28466
29096
29754
30356
30997
31645
32310
33045
33822
34633
35357
36150
36965
37642
0
TO:V,FS:2,FT:1,PC:56
0
537
1281
1934
2564
3194
3876
4640
5334
5945
6620
7226
7973
8716
9201
9835
10428
11005
11727
12392
13048
13697
14521
15163
15858
16460
17267
17959
18624
19410
20112
20813
21470
22106
22747
23402
23988
24623
25247
25896
26529
27277
27933
28590
29234
29853
30483
31097
31695
32415
33223
33982
34815
35520
36304
37115
37642
0
TO:V,FS:2,FT:2,PC:57
0
537
1281
1890
2526
3141
3840
4543
5294
5891
6481
7094
7839
8534
9141
9759
10278
10849
11550
12227
12758
13393
14046
14790
15469
16150
16801
17493
18204
18838
19631
20236
20937
21562
22172
22864
23517
24121
24735
25346
25967
26618
27338
28001
28686
29312
29929
30543
31235
31739
32410
33212
33982
34793
35504
36304
37115
37642
0
TO:H,FS:0,FT:0,PC:36
0
801
1834
2910
3896
5172
5975
7003
8113
9094
10008
10883
12015
12928
13927
15144
16376
17560
18777
20044
20961
21962
22967
23886
24735
25600
26755
27827
28711
29688
30650
31603
32692
34058
35330
36633
37642
0
TO:H,FS:0,FT:1,PC:37
0
801
1834
2910
3896
5182
5975
6926
7973
9050
9870
10635
11823
12729
13697
14921
16124
17342
18477
19717
20627
21591
22553
23415
24242
25138
26027
27066
28085
28956
29929
30896
31764
32968
34279
35429
36711
37642
0
TO:H,FS:0,FT:2,PC:37
0
793
1757
2772
3835
4864
5852
6746
7662
8950
9759
10512
11586
12611
13613
14709
15929
17117
18311
19487
20489
21438
22322
23241
24071
24899
25888
26905
28001
28956
29929
30896
31695
32893
34200
35406
36625
37642
0
TO:H,FS:1,FT:0,PC:46
0
631
1478
2263
3039
3876
4708
5617
6334
7057
7895
8878
9482
10045
10735
11591
12376
13089
13832
14760
15685
16502
17452
18477
19402
20208
20961
21770
22510
23164
23797
24623
25320
26083
26905
27797
28578
29341
30186
30892
31655
32503
33536
34581
35491
36575
37642
0
TO:H,FS:1,FT:1,PC:46
0
631
1546
2263
3039
3876
4708
5617
6334
7057
7898
8888
9482
10045
10735
11659
12376
13089
13832
14760
15685
16502
17452
18477
19382
20208
20961
21770
22510
23164
23797
24623
25320
26083
26905
27797
28633
29412
30195
30997
31754
32701
33732
34836
35791
36889
37642
0
TO:H,FS:1,FT:2,PC:49
0
566
1354
2213
2876
3602
4407
5294
5945
6676
7362
8229
8983
9570
10101
10735
11591
12318
12977
13697
14645
15506
16312
17240
18098
18945
19924
20627
21354
22037
22726
23394
24071
24805
25522
26262
27040
27862
28633
29341
30123
30821
31603
32386
33353
34379
35263
36236
37252
37642
0
TO:H,FS:2,FT:0,PC:59
0
436
1251
1757
2430
2971
3656
4328
5049
5630
6263
6772
7402
8188
8870
9316
9835
10317
10892
11586
12258
12832
13545
14180
14828
15487
16198
16874
17560
18387
19023
19869
20489
21087
21699
22303
22933
23473
24071
24657
25161
25790
26365
27078
27773
28382
28956
29527
30155
30799
31352
32020
32701
33511
34319
35050
35836
36686
37506
37642
0
TO:H,FS:2,FT:1,PC:58
0
462
1251
1757
2430
2971
3656
4328
5049
5681
6317
6826
7432
8286
8950
9425
9937
10428
11030
11773
12372
12977
13613
14298
14992
15693
16312
17096
17871
18607
19358
20065
20693
21281
21962
22610
23164
23756
24349
24899
25522
26138
26861
27557
28241
28778
29341
29929
30563
31247
31862
32550
33353
34156
34876
35709
36511
37350
37642
0
TO:H,FS:2,FT:2,PC:59
0
436
1243
1757
2430
2971
3656
4328
5049
5630
6263
6772
7402
8169
8817
9267
9835
10317
10892
11586
12208
12729
13447
14021
14748
15438
16150
16815
17502
18278
18854
19698
20199
20813
21457
22089
22657
23261
23864
24465
24899
25522
26138
26861
27557
28241
28778
29341
29929
30563
31247
31802
32482
33290
34036
34836
35595
36401
37238
37642
0
