TO:V,FS:0,FT:0,PC:19
0
1007
2199
3313
4482
5700
6802
8055
9108
10255
11536
12662
13802
14951
16038
17186
18368
19690
20853
21531
0
TO:V,FS:0,FT:1,PC:19
0
1007
2199
3321
4482
5700
6802
8058
9108
10255
11540
12662
13802
14951
16038
17186
18368
19690
20853
21531
0
TO:V,FS:0,FT:2,PC:20
0
949
2097
3146
4310
5394
6504
7663
8674
9824
10922
12204
13257
14267
15351
16419
17644
18780
19991
21087
21531
0
TO:V,FS:1,FT:0,PC:25
0
742
1705
2615
3514
4416
5265
6151
7038
7970
8799
9691
10574
11508
12441
13300
14112
15000
15899
16818
17763
18659
19648
20642
21501
21531
0
TO:V,FS:1,FT:1,PC:24
0
754
1654
2579
3467
4365
5265
6151
7038
7989
8851
9704
10673
11608
12482
13365
14242
15107
16038
17027
17860
18814
19808
20692
21531
0
TO:V,FS:1,FT:2,PC:26
0
691
1603
2484
3313
4242
5018
5820
6680
7546
8425
9168
10052
10867
11870
12686
13443
14330
15153
16038
16955
17811
18711
19648
20514
21287
21531
0
TO:V,FS:2,FT:0,PC:32
0
590
1250
2016
2687
3351
4067
4703
5335
6073
6735
7487
8168
8856
9568
10236
10867
11676
12379
12991
13668
14327
14951
15601
16317
17104
17811
18524
19251
20075
20733
21501
21531
0
TO:V,FS:2,FT:1,PC:31
0
557
1250
2016
2687
3362
4067
4703
5335
6073
6773
7528
8168
8856
9568
10236
10867
11717
12467
13113
13802
14440
15052
15773
16510
17231
17993
18702
19432
20248
20905
21531
0
TO:V,FS:2,FT:2,PC:32
0
544
1203
1980
2648
3321
3969
4655
5335
6071
6773
7487
8168
8856
9568
10236
10867
11656
12379
12991
13668
14327
14951
15601
16317
17109
17811
18524
19206
20038
20692
21365
21531
0
TO:H,FS:0,FT:0,PC:20
0
821
1941
2973
4228
5265
6348
7487
8553
9704
10867
12204
13273
14445
15437
16793
17891
19043
20292
21264
21531
0
TO:H,FS:0,FT:1,PC:21
0
825
1941
2949
4067
5105
6159
7299
8323
9322
10334
11514
12482
13513
14611
15665
16946
17973
19078
20324
21338
21531
0
TO:H,FS:0,FT:2,PC:21
0
745
1905
2838
3914
4951
5923
7062
8093
9108
10187
11328
12366
13365
14464
15437
16717
17811
18968
20196
21087
21531
0
TO:H,FS:1,FT:0,PC:26
0
597
1537
2369
3097
4040
4790
5731
6457
7487
8361
9168
10148
10929
11953
12712
13510
14445
15247
16038
17083
17879
18770
19678
20591
21312
21531
0
TO:H,FS:1,FT:1,PC:26
0
597
1537
2369
3097
4056
4852
5798
6523
7487
8361
9168
10085
10867
11887
12676
13443
14388
15181
16038
17083
17879
18770
19678
20585
21312
21531
0
TO:H,FS:1,FT:2,PC:27
0
557
1401
2241
2934
3732
4561
5335
6183
7013
7866
8553
9434
10187
10996
11953
12676
13443
14330
15052
15873
16757
17644
18314
19147
20201
20865
21531
0
TO:H,FS:2,FT:0,PC:32
0
450
1203
1941
2615
3302
4047
4655
5335
6021
6691
7487
8168
8829
9573
10187
10867
11700
12291
12971
13553
14258
14951
15542
16217
17043
17763
18368
19078
19924
20612
21190
21531
0
TO:H,FS:2,FT:1,PC:32
0
457
1203
1941
2615
3302
4056
4719
5447
6142
6802
7546
8226
8882
9632
10255
10984
11770
12406
13053
13672
14360
15013
15601
16278
17109
17763
18368
19078
19924
20612
21190
21531
0
TO:H,FS:2,FT:2,PC:32
0
446
1140
1836
2489
3140
3817
4532
5265
5848
6562
7351
8050
8553
9281
9996
10726
11407
12174
12712
13365
14042
14703
15351
16038
16765
17471
18211
18869
19526
20292
20905
21531
0
