TO:V,FS:0,FT:0,PC:22
0
1001
2308
3742
5011
6282
7538
8836
9804
10902
12022
13124
14029
14899
16161
17417
18493
19589
20875
22083
23271
24492
25245
0
TO:V,FS:0,FT:1,PC:22
0
1067
2367
3805
5081
6345
7538
8836
9804
10906
12022
13124
14082
14959
16221
17472
18555
19648
20940
22197
23300
24555
25245
0
TO:V,FS:0,FT:2,PC:23
0
944
2187
3578
4780
5991
7302
8417
9477
10536
11625
12673
13594
14398
15417
16638
17832
18826
19974
21176
22275
23420
24614
25245
0
TO:V,FS:1,FT:0,PC:28
0
770
1706
2756
3824
4780
5844
6847
7640
8626
9455
10202
11015
11926
12650
13459
14228
15043
15999
16959
17922
18770
19640
20564
21569
22500
23450
24442
25245
0
TO:V,FS:1,FT:1,PC:28
0
780
1653
2713
3773
4743
5824
6751
7588
8626
9406
10202
11015
11952
12739
13532
14280
15147
16112
17061
18031
18826
19792
20725
21715
22654
23594
24541
25245
0
TO:V,FS:1,FT:2,PC:30
0
732
1601
2617
3626
4536
5582
6449
7354
8219
9069
9827
10648
11415
12142
12989
13721
14443
15298
16202
17109
18028
18817
19589
20462
21497
22347
23300
24312
25237
25245
0
TO:V,FS:2,FT:0,PC:36
0
601
1419
2140
2966
3742
4467
5308
6060
6887
7518
8219
8960
9622
10263
10957
11583
12182
12841
13499
14105
14595
15313
16024
16717
17527
18208
18878
19635
20361
21197
21887
22612
23343
24136
24895
25245
0
TO:V,FS:2,FT:1,PC:36
0
566
1376
2088
2874
3658
4381
5218
5976
6806
7472
8219
8942
9540
10191
10875
11545
12142
12786
13459
14071
14595
15323
16106
16813
17573
18251
18878
19635
20361
21197
21887
22616
23343
24136
24895
25245
0
TO:V,FS:2,FT:2,PC:36
0
566
1376
2043
2836
3614
4358
5125
5929
6764
7428
8151
8885
9451
10044
10739
11396
12022
12639
13347
13882
14390
15008
15724
16453
17262
18011
18622
19362
20104
20803
21569
22326
23106
23803
24492
25245
0
TO:H,FS:0,FT:0,PC:23
0
861
2066
3512
4685
5929
7243
8289
9388
10370
11496
12565
13532
14349
15405
16532
17884
18878
20127
21430
22579
23814
25017
25245
0
TO:H,FS:0,FT:1,PC:23
0
861
2144
3512
4685
5929
7243
8298
9388
10287
11366
12370
13459
14280
15323
16453
17732
18826
19953
21114
22275
23380
24492
25245
0
TO:H,FS:0,FT:2,PC:23
0
780
1990
3360
4536
5844
7204
8219
9318
10287
11366
12370
13459
14280
15323
16453
17732
18826
19953
21114
22275
23380
24492
25245
0
TO:H,FS:1,FT:0,PC:29
0
601
1601
2698
3796
4715
5795
6698
7538
8497
9382
10113
10914
11827
12544
13411
14082
14735
15554
16517
17573
18407
19140
20034
21011
21915
22863
23716
24555
25245
0
TO:H,FS:1,FT:1,PC:29
0
601
1601
2698
3805
4715
5800
6708
7538
8497
9382
10113
10914
11827
12547
13411
14082
14735
15554
16517
17573
18407
19140
20034
21011
21915
22863
23729
24620
25245
0
TO:H,FS:1,FT:2,PC:31
0
544
1541
2500
3476
4358
5342
6191
7225
7928
8832
9477
10231
11015
11931
12565
13347
13943
14481
15313
16128
17043
17853
18576
19449
20237
21144
21972
22863
23661
24492
25245
0
TO:H,FS:2,FT:0,PC:37
0
469
1239
1944
2756
3578
4277
5125
5844
6561
7302
8043
8769
9406
9997
10648
11262
11952
12617
13299
13772
14280
14838
15532
16370
17014
17714
18439
18988
19698
20361
21176
21848
22508
23271
23972
24668
25245
0
TO:H,FS:2,FT:1,PC:37
0
469
1239
1944
2756
3578
4277
5125
5844
6568
7302
8058
8769
9406
9997
10648
11262
11952
12550
13183
13713
14228
14787
15477
16319
17014
17714
18439
18988
19698
20412
21236
21904
22568
23300
24086
24780
25245
0
TO:H,FS:2,FT:2,PC:38
0
469
1239
1884
2709
3518
4157
5003
5844
6568
7302
8058
8769
9377
9902
10524
11162
11863
12425
13108
13594
14159
14623
15303
15985
16687
17527
18183
18801
19503
20142
20875
21569
22335
23071
23709
24450
25237
25245
0
