TO:V,FS:0,FT:0,PC:30
0
918
2069
3156
4379
5483
6676
7947
9038
10281
11474
12747
13992
15096
16178
17214
18455
19700
20987
22190
23301
24613
25902
26930
28083
29242
30550
31864
32968
34042
34518
0
TO:V,FS:0,FT:1,PC:30
0
918
2069
3206
4414
5600
6745
8062
9227
10398
11696
13048
14235
15223
16376
17491
18746
19927
21224
22364
23477
24703
25962
27093
28410
29546
30856
32161
33174
34337
34518
0
TO:V,FS:0,FT:2,PC:31
0
918
2069
3156
4321
5369
6584
7705
8811
9992
11212
12393
13568
14641
15695
16582
17904
18994
20163
21321
22465
23721
24817
26022
27093
28351
29424
30675
31928
32968
33981
34518
0
TO:V,FS:1,FT:0,PC:38
0
672
1606
2364
3225
4134
4967
6037
6841
7815
8629
9596
10498
11515
12586
13525
14440
15248
16194
16999
17963
18962
19796
20837
21674
22561
23498
24455
25465
26429
27146
28103
29047
30045
30991
31984
32813
33537
34518
0
TO:V,FS:1,FT:1,PC:39
0
672
1606
2364
3225
4134
4967
6037
6848
7815
8610
9510
10398
11419
12440
13386
14308
15108
15942
16784
17854
18751
19700
20698
21501
22411
23259
24221
25217
26172
27013
27907
28910
29799
30765
31732
32687
33403
34357
34518
0
TO:V,FS:1,FT:2,PC:40
0
625
1521
2247
3051
3892
4814
5682
6579
7355
8286
9086
9983
10845
11761
12795
13682
14473
15248
16140
16934
17946
18792
19700
20646
21501
22364
23196
24109
25061
25962
26852
27755
28631
29397
30317
31351
32277
33006
33699
34518
0
TO:V,FS:2,FT:0,PC:50
0
494
1182
1803
2381
3039
3686
4414
5096
5892
6623
7211
7987
8610
9310
10096
10772
11515
12321
13134
13849
14448
15074
15798
16444
17079
17854
18532
19228
19957
20750
21362
22023
22722
23432
24190
24934
25738
26497
27093
27847
28600
29242
30085
30775
31480
32303
32910
33442
34129
34518
0
TO:V,FS:2,FT:1,PC:50
0
494
1182
1803
2422
3051
3738
4456
5175
5976
6676
7347
8062
8679
9386
10187
10910
11601
12376
13180
13910
14473
15108
15874
16518
17159
17963
18712
19405
20139
20890
21532
22251
22893
23658
24417
25149
25917
26639
27220
27907
28737
29335
30113
30874
31622
32356
32985
33530
34263
34518
0
TO:V,FS:2,FT:2,PC:51
0
494
1182
1803
2412
3090
3738
4456
5175
5984
6676
7347
8062
8673
9386
10169
10826
11515
12321
13081
13803
14382
14984
15707
16364
16930
17725
18398
19102
19833
20660
21294
21898
22557
23217
23967
24754
25554
26270
26882
27505
28171
28954
29594
30297
31125
31883
32524
33102
33675
34448
34518
0
TO:H,FS:0,FT:0,PC:31
0
760
1947
2952
3970
5110
6456
7581
8706
10016
11204
12413
13655
14641
15695
16582
17963
19102
20418
21453
22465
23728
24754
25962
27013
28129
29184
30396
31756
32723
33774
34518
0
TO:H,FS:0,FT:1,PC:31
0
760
1873
2885
3896
4967
6230
7288
8490
9608
10795
11970
13210
14308
15248
16376
17513
18628
19745
20987
22077
23108
24285
25507
26569
27700
28910
30004
31246
32356
33342
34518
0
TO:H,FS:0,FT:2,PC:32
0
760
1873
2816
3818
4967
6230
7288
8490
9608
10795
11970
13210
14308
15248
16376
17530
18623
19745
20987
22073
23108
24285
25496
26569
27614
28901
29843
31020
32282
33174
34149
34518
0
TO:H,FS:1,FT:0,PC:40
0
554
1453
2204
3107
3872
4778
5687
6545
7342
8286
9140
9965
10906
11777
12783
13667
14509
15248
16140
16903
17924
18780
19665
20562
21380
22236
23021
23967
24886
25917
26743
27546
28490
29242
30170
31263
32219
32900
33612
34518
0
TO:H,FS:1,FT:1,PC:40
0
610
1521
2262
3165
4008
4889
5823
6676
7488
8422
9290
10281
11314
12174
13196
13992
14833
15625
16430
17239
18111
19062
19873
20890
21653
22465
23415
24373
25281
26158
27002
27847
28876
29628
30550
31505
32421
33174
33891
34518
0
TO:H,FS:1,FT:2,PC:43
0
554
1396
2185
2981
3686
4456
5292
6216
6994
7827
8562
9310
10281
11244
12052
12994
13869
14616
15248
16072
16774
17737
18524
19362
20195
20987
21743
22530
23412
24291
25149
25962
26796
27546
28423
29184
30113
31075
31959
32687
33342
34149
34518
0
TO:H,FS:2,FT:0,PC:50
0
494
1226
1919
2499
3144
3791
4511
5189
6021
6676
7326
8062
8687
9367
10175
10851
11515
12321
13074
13789
14406
15040
15695
16376
16976
17772
18398
19102
19745
20552
21267
21852
22579
23243
23967
24754
25554
26244
26882
27552
28243
28998
29710
30446
31287
32009
32687
33295
33913
34518
0
TO:H,FS:2,FT:1,PC:50
0
494
1226
1919
2499
3206
3848
4569
5249
6079
6676
7326
8062
8687
9367
10175
10851
11515
12321
13081
13865
14454
15096
15758
16376
16976
17772
18398
19102
19796
20606
21321
21969
22706
23350
24028
24754
25614
26300
26930
27609
28292
28998
29710
30446
31287
32009
32687
33295
33913
34518
0
TO:H,FS:2,FT:2,PC:52
0
465
1111
1803
2347
3051
3686
4414
5018
5856
6506
7141
7879
8474
9200
9854
10455
11270
11957
12742
13338
13992
14641
15223
15874
16444
17049
17881
18507
19212
19910
20729
21321
22023
22692
23292
23967
24703
25416
26015
26730
27274
27907
28740
29242
30113
30904
31613
32303
32873
33455
34200
34518
0
