TO:V,FS:0,FT:0,PC:18
0
929
2326
3653
4980
6230
7560
8845
9955
11206
12329
13360
14320
15224
15902
16995
18147
19299
19654
0
TO:V,FS:0,FT:1,PC:18
0
929
2334
3653
4989
6288
7667
8919
10072
11263
12374
13410
14364
15277
15953
17052
18197
19399
19654
0
TO:V,FS:0,FT:2,PC:18
0
869
2213
3486
4747
6048
7297
8553
9756
10916
11938
12885
14021
14801
15596
16298
17478
18588
19654
0
TO:V,FS:1,FT:0,PC:23
0
766
1736
2828
3743
4754
5802
6805
7867
8858
9797
10622
11502
12431
13246
14055
14749
15444
16025
16871
17763
18583
19510
19654
0
TO:V,FS:1,FT:1,PC:23
0
766
1736
2828
3802
4803
5853
6833
7919
8858
9797
10629
11502
12431
13246
14055
14749
15444
16025
16871
17763
18583
19510
19654
0
TO:V,FS:1,FT:2,PC:24
0
701
1598
2622
3531
4447
5482
6394
7441
8468
9426
10200
11124
11841
12649
13410
14152
14801
15491
16025
16798
17697
18446
19247
19654
0
TO:V,FS:2,FT:0,PC:30
0
528
1203
1987
2813
3543
4236
5061
5868
6554
7374
8157
8858
9602
10254
11010
11592
12237
12828
13486
14098
14646
15178
15662
16188
16837
17535
18197
18826
19506
19654
0
TO:V,FS:2,FT:1,PC:30
0
485
1162
1947
2769
3497
4190
5031
5868
6554
7374
8157
8862
9602
10254
11029
11634
12274
12885
13532
14152
14731
15261
15723
16230
16926
17637
18270
18913
19613
19654
0
TO:V,FS:2,FT:2,PC:30
0
485
1120
1903
2727
3440
4144
4973
5781
6415
7217
8017
8682
9492
10081
10817
11477
12112
12691
13348
14012
14484
15045
15583
16076
16666
17366
18057
18680
19360
19654
0
TO:H,FS:0,FT:0,PC:19
0
813
2031
3356
4612
6007
7217
8534
9699
10850
11906
12885
14038
14749
15546
16230
17390
18395
19583
19654
0
TO:H,FS:0,FT:1,PC:19
0
813
2031
3282
4451
5793
6986
8412
9602
10550
11658
12649
13673
14437
15291
15902
16822
17799
18888
19654
0
TO:H,FS:0,FT:2,PC:19
0
813
2031
3202
4382
5724
6986
8412
9602
10554
11658
12649
13673
14437
15291
15902
16822
17799
18888
19654
0
TO:H,FS:1,FT:0,PC:24
0
681
1598
2614
3590
4464
5579
6488
7533
8524
9505
10223
11155
11890
12649
13474
14195
14801
15524
15981
16689
17622
18360
19247
19654
0
TO:H,FS:1,FT:1,PC:24
0
681
1598
2614
3590
4464
5579
6488
7533
8524
9505
10223
11155
11899
12710
13532
14195
14801
15524
15981
16689
17622
18375
19247
19654
0
TO:H,FS:1,FT:2,PC:25
0
681
1469
2422
3331
4204
5238
6230
7147
8150
8983
9831
10524
11403
12124
12828
13660
14253
14801
15524
15959
16556
17428
18197
19026
19654
0
TO:H,FS:2,FT:0,PC:30
0
473
1183
2012
2876
3597
4324
5173
5989
6698
7509
8353
9029
9756
10321
11155
11841
12520
13044
13685
14195
14749
15270
15662
16135
16770
17460
18131
18741
19448
19654
0
TO:H,FS:2,FT:1,PC:30
0
473
1183
2012
2888
3597
4324
5173
5989
6698
7514
8353
9029
9756
10321
11155
11841
12520
13044
13685
14253
14749
15270
15662
16135
16770
17460
18131
18741
19448
19654
0
TO:H,FS:2,FT:2,PC:30
0
473
1129
1954
2769
3531
4201
5056
5873
6524
7337
8187
8845
9602
10244
10944
11561
12225
12828
13464
14098
14580
15127
15546
15981
16531
17244
17851
18501
19174
19654
0
