TO:V,FS:0,FT:0,PC:18
0
1051
2047
3161
4318
5523
6650
7695
8849
10101
11313
12645
14037
15136
16226
17556
18942
20176
20883
0
TO:V,FS:0,FT:1,PC:18
0
1058
2097
3220
4318
5523
6768
7809
8954
10183
11434
12693
14123
15235
16332
17672
19057
20299
20883
0
TO:V,FS:0,FT:2,PC:19
0
993
1952
2987
4116
5213
6429
7340
8548
9693
10803
12145
13327
14640
15593
16733
17911
19248
20398
20883
0
TO:V,FS:1,FT:0,PC:23
0
766
1610
2466
3359
4208
5058
5979
6806
7580
8507
9417
10322
11258
12340
13295
14321
15171
16091
16958
17976
19063
20017
20883
0
TO:V,FS:1,FT:1,PC:23
0
766
1610
2466
3359
4208
5058
5979
6806
7631
8555
9456
10367
11313
12346
13345
14369
15261
16108
17058
18072
19180
20067
20883
0
TO:V,FS:1,FT:2,PC:24
0
757
1531
2315
3233
4027
4858
5662
6502
7216
8122
8930
9752
10582
11557
12541
13485
14466
15261
16108
17004
18005
19011
19919
20883
0
TO:V,FS:2,FT:0,PC:30
0
624
1293
1968
2608
3311
4007
4681
5353
6037
6708
7286
8098
8786
9428
10079
10717
11509
12325
13038
13825
14646
15217
15853
16604
17290
18072
18824
19505
20343
20883
0
TO:V,FS:2,FT:1,PC:30
0
577
1254
1898
2527
3244
3892
4545
5250
5923
6574
7216
7971
8660
9323
9990
10627
11429
12232
12954
13749
14560
15153
15825
16562
17264
18065
18824
19505
20343
20883
0
TO:V,FS:2,FT:2,PC:30
0
577
1285
1934
2564
3292
3929
4589
5289
5960
6615
7216
7971
8660
9323
9990
10627
11429
12232
12954
13749
14551
15153
15825
16540
17264
18065
18824
19465
20299
20883
0
TO:H,FS:0,FT:0,PC:18
0
916
1898
2987
4165
5260
6502
7286
8543
9728
10859
12247
13532
14771
15853
17004
18426
19642
20883
0
TO:H,FS:0,FT:1,PC:19
0
916
1898
2987
4155
5126
6309
7187
8319
9505
10627
11947
13157
14498
15446
16635
17822
19116
20374
20883
0
TO:H,FS:0,FT:2,PC:19
0
916
1898
2987
4150
5126
6309
7183
8285
9375
10582
11785
12996
14345
15374
16485
17655
18967
20218
20883
0
TO:H,FS:1,FT:0,PC:24
0
686
1484
2315
3244
4150
4940
5847
6723
7286
8285
9157
10121
10922
11977
12882
13950
14838
15627
16562
17442
18524
19406
20462
20883
0
TO:H,FS:1,FT:1,PC:24
0
699
1544
2383
3311
4223
5058
5964
6806
7540
8378
9300
10249
11129
12180
13076
14123
14955
15783
16747
17635
18730
19648
20683
20883
0
TO:H,FS:1,FT:2,PC:25
0
686
1484
2315
3185
3982
4756
5607
6502
7105
7892
8692
9530
10423
11258
12247
13076
14082
14903
15627
16496
17369
18336
19271
20225
20883
0
TO:H,FS:2,FT:0,PC:30
0
497
1175
1835
2427
3154
3816
4423
5160
5913
6528
7121
7793
8471
9193
9888
10582
11366
12180
12859
13680
14502
15085
15769
16442
17143
17935
18719
19398
20225
20883
0
TO:H,FS:2,FT:1,PC:30
0
497
1175
1835
2427
3154
3816
4423
5160
5913
6528
7121
7850
8526
9240
9942
10582
11366
12189
12859
13686
14522
15085
15769
16442
17143
17965
18780
19455
20279
20883
0
TO:H,FS:2,FT:2,PC:31
0
502
1118
1786
2368
3097
3779
4365
5110
5864
6528
7095
7738
8424
9143
9841
10541
11196
11967
12693
13523
14340
14955
15627
16280
16975
17783
18599
19320
19995
20825
20883
0
