TO:V,FS:0,FT:0,PC:10
0
938
1991
2915
3781
4719
5777
6865
8108
9332
9765
0
TO:V,FS:0,FT:1,PC:10
0
938
1991
2915
3781
4719
5777
6865
8108
9332
9765
0
TO:V,FS:0,FT:2,PC:10
0
877
1870
2821
3691
4515
5550
6560
7696
8896
9765
0
TO:V,FS:1,FT:0,PC:12
0
744
1495
2289
2992
3732
4466
5290
6189
7083
8054
9008
9765
0
TO:V,FS:1,FT:1,PC:12
0
744
1580
2353
3072
3781
4535
5386
6258
7239
8210
9154
9765
0
TO:V,FS:1,FT:2,PC:13
0
690
1435
2190
2915
3601
4297
5089
5823
6707
7585
8561
9474
9765
0
TO:V,FS:2,FT:0,PC:15
0
613
1278
1856
2497
3072
3638
4191
4849
5500
6147
6810
7585
8344
9067
9765
0
TO:V,FS:2,FT:1,PC:15
0
567
1278
1856
2497
3072
3638
4191
4856
5500
6147
6810
7585
8344
9070
9765
0
TO:V,FS:2,FT:2,PC:16
0
567
1268
1796
2402
3036
3595
4097
4714
5386
6005
6690
7412
8135
8848
9657
9765
0
TO:H,FS:0,FT:0,PC:10
0
771
1811
2714
3461
4191
5231
6258
7568
8706
9765
0
TO:H,FS:0,FT:1,PC:11
0
771
1749
2602
3420
4087
4963
5900
6966
8144
9299
9765
0
TO:H,FS:0,FT:2,PC:11
0
771
1749
2602
3420
4087
4963
5900
6966
8156
9299
9765
0
TO:H,FS:1,FT:0,PC:13
0
636
1345
2092
2746
3357
3911
4535
5386
6189
7020
7957
8848
9765
0
TO:H,FS:1,FT:1,PC:13
0
636
1345
2092
2805
3420
3940
4603
5445
6258
7156
8082
8974
9765
0
TO:H,FS:1,FT:2,PC:14
0
623
1332
2075
2602
3199
3732
4297
5063
5823
6721
7535
8410
9223
9765
0
TO:H,FS:2,FT:0,PC:16
0
430
1154
1707
2306
2821
3416
3859
4399
4963
5600
6189
6865
7585
8382
9048
9765
0
TO:H,FS:2,FT:1,PC:16
0
430
1154
1749
2353
2884
3440
3940
4466
5103
5722
6315
7004
7752
8603
9278
9765
0
TO:H,FS:2,FT:2,PC:16
0
430
1154
1749
2353
2915
3461
4013
4515
5154
5722
6315
7004
7752
8612
9278
9765
0
