TO:V,FS:0,FT:0,PC:12
0
887
2072
3332
4535
5791
6957
8074
9374
10509
11641
12904
12939
0
TO:V,FS:0,FT:1,PC:12
0
829
2017
3332
4535
5791
6957
8074
9374
10509
11641
12904
12939
0
TO:V,FS:0,FT:2,PC:12
0
829
1959
3274
4428
5673
6769
7778
9010
10215
11248
12425
12939
0
TO:V,FS:1,FT:0,PC:15
0
618
1668
2564
3569
4428
5535
6408
7278
8148
9052
10030
10867
11764
12749
12939
0
TO:V,FS:1,FT:1,PC:15
0
573
1620
2469
3474
4381
5434
6312
7194
8053
9002
9980
10854
11718
12697
12939
0
TO:V,FS:1,FT:2,PC:15
0
573
1565
2416
3374
4272
5181
6121
6957
7702
8606
9659
10473
11201
12081
12939
0
TO:V,FS:2,FT:0,PC:19
0
470
1240
1959
2767
3454
4178
4841
5625
6305
6998
7637
8464
9163
9965
10586
11201
12032
12749
12939
0
TO:V,FS:2,FT:1,PC:19
0
470
1285
1959
2767
3500
4223
4894
5625
6305
6998
7637
8472
9158
9965
10586
11201
12026
12756
12939
0
TO:V,FS:2,FT:2,PC:19
0
470
1285
1959
2759
3454
4165
4841
5625
6305
6957
7595
8425
9114
9921
10547
11156
11986
12708
12939
0
TO:H,FS:0,FT:0,PC:12
0
694
1959
3274
4428
5673
6708
7624
8912
10198
11142
12383
12939
0
TO:H,FS:0,FT:1,PC:12
0
694
1959
3274
4402
5625
6657
7549
8758
9980
11030
12081
12939
0
TO:H,FS:0,FT:2,PC:12
0
688
1959
3212
4328
5578
6558
7460
8563
9865
10798
11917
12939
0
TO:H,FS:1,FT:0,PC:15
0
536
1541
2396
3274
4204
5134
6050
6841
7549
8563
9508
10328
11067
12053
12939
0
TO:H,FS:1,FT:1,PC:15
0
536
1541
2396
3274
4204
5134
6050
6841
7549
8563
9576
10387
11134
12081
12939
0
TO:H,FS:1,FT:2,PC:16
0
470
1430
2205
3179
3888
4729
5625
6389
7172
7872
8665
9706
10439
11131
12053
12939
0
TO:H,FS:2,FT:0,PC:19
0
426
1146
1895
2580
3274
3991
4696
5523
6228
6821
7431
8118
8783
9608
10215
10867
11503
12188
12939
0
TO:H,FS:2,FT:1,PC:19
0
426
1146
1895
2580
3274
3991
4706
5523
6228
6877
7470
8210
8897
9714
10315
10971
11631
12310
12939
0
TO:H,FS:2,FT:2,PC:19
0
426
1095
1895
2522
3274
3991
4706
5523
6228
6821
7431
8118
8776
9597
10215
10827
11455
12136
12939
0
