TO:V,FS:0,FT:0,PC:16
0
836
1922
3086
4085
5146
6186
7368
8435
9666
10498
11537
12803
14037
15118
16368
16888
0
TO:V,FS:0,FT:1,PC:16
0
836
1922
3086
4085
5146
6186
7368
8435
9671
10498
11537
12803
14048
15118
16368
16888
0
TO:V,FS:0,FT:2,PC:17
0
784
1868
2985
3931
5006
5965
7140
8126
9201
10115
10966
12209
13464
14573
15730
16834
16888
0
TO:V,FS:1,FT:0,PC:21
0
570
1514
2272
3151
3819
4656
5362
6136
7043
7920
8734
9671
10373
11111
12154
13199
14060
14942
15824
16728
16888
0
TO:V,FS:1,FT:1,PC:21
0
570
1514
2276
3151
3781
4630
5362
6173
7085
7980
8788
9708
10447
11210
12209
13212
14146
15012
15907
16879
16888
0
TO:V,FS:1,FT:2,PC:22
0
570
1457
2192
3029
3693
4498
5164
5933
6790
7637
8386
9255
9956
10697
11537
12459
13393
14280
15063
15958
16879
16888
0
TO:V,FS:2,FT:0,PC:27
0
506
1152
1836
2464
3119
3653
4288
4893
5536
6136
6817
7491
8126
8788
9489
10004
10602
11258
12045
12758
13469
14102
14773
15450
16157
16834
16888
0
TO:V,FS:2,FT:1,PC:26
0
462
1112
1796
2406
3089
3617
4252
4878
5462
6068
6743
7422
8077
8740
9447
9994
10602
11258
12070
12803
13481
14138
14810
15496
16195
16888
0
TO:V,FS:2,FT:2,PC:27
0
462
1112
1796
2406
3089
3570
4219
4831
5427
6020
6719
7422
8077
8609
9310
9926
10504
11086
11888
12591
13329
13972
14624
15279
15981
16693
16888
0
TO:H,FS:0,FT:0,PC:17
0
570
1804
2776
3669
4783
5655
6829
8057
8915
9926
10823
11998
13212
14358
15579
16728
16888
0
TO:H,FS:0,FT:1,PC:17
0
570
1731
2708
3602
4656
5585
6726
7830
8685
9745
10579
11537
12776
13900
15012
16157
16888
0
TO:H,FS:0,FT:2,PC:17
0
570
1731
2708
3602
4656
5585
6726
7830
8685
9745
10579
11537
12776
13892
15012
16157
16888
0
TO:H,FS:1,FT:0,PC:22
0
462
1353
2069
2978
3583
4421
5152
5809
6748
7582
8386
9201
9939
10602
11455
12341
13273
14180
15012
15856
16812
16888
0
TO:H,FS:1,FT:1,PC:22
0
462
1353
2069
2978
3657
4477
5164
5871
6803
7678
8435
9267
10004
10668
11525
12398
13329
14229
15063
15920
16879
16888
0
TO:H,FS:1,FT:2,PC:23
0
462
1298
1932
2744
3430
4101
4893
5536
6314
7176
7941
8532
9399
10063
10668
11455
12272
13212
14060
14859
15695
16435
16888
0
TO:H,FS:2,FT:0,PC:27
0
434
1055
1745
2312
2985
3526
4200
4831
5454
6011
6707
7360
8077
8643
9381
9939
10498
11014
11819
12549
13265
13937
14624
15279
15964
16654
16888
0
TO:H,FS:2,FT:1,PC:27
0
434
1055
1753
2312
2985
3526
4200
4831
5462
6011
6707
7360
8077
8643
9381
9939
10498
11014
11829
12549
13265
13987
14667
15332
16018
16712
16888
0
TO:H,FS:2,FT:2,PC:27
0
434
996
1699
2213
2920
3464
4101
4792
5362
5911
6615
7302
7959
8490
9201
9858
10338
10917
11593
12326
13139
13797
14470
15118
15856
16546
16888
0
