TO:V,FS:0,FT:0,PC:8
0
1010
2125
3229
4482
5651
6727
7922
9151
0
TO:V,FS:0,FT:1,PC:8
0
1010
2125
3290
4517
5769
6778
7922
9151
0
TO:V,FS:0,FT:2,PC:9
0
956
2066
3104
4301
5512
6596
7694
8812
9151
0
TO:V,FS:1,FT:0,PC:11
0
767
1675
2427
3411
4382
5353
6174
7017
7922
8900
9151
0
TO:V,FS:1,FT:1,PC:11
0
767
1675
2377
3356
4334
5299
6124
6974
7865
8793
9151
0
TO:V,FS:1,FT:2,PC:11
0
717
1624
2323
3262
4175
5099
5955
6727
7584
8524
9151
0
TO:V,FS:2,FT:0,PC:14
0
608
1398
1962
2554
3304
4047
4761
5528
6239
6874
7518
8210
8959
9151
0
TO:V,FS:2,FT:1,PC:14
0
558
1350
1924
2511
3290
3995
4715
5501
6156
6802
7434
8146
8864
9151
0
TO:V,FS:2,FT:2,PC:14
0
549
1350
1924
2511
3254
3944
4666
5451
6113
6766
7391
8089
8818
9151
0
TO:H,FS:0,FT:0,PC:9
0
956
1924
2875
4241
5451
6596
7705
8790
9151
0
TO:H,FS:0,FT:1,PC:9
0
956
1924
2875
4167
5435
6478
7417
8592
9151
0
TO:H,FS:0,FT:2,PC:9
0
948
1876
2796
4080
5359
6388
7341
8592
9151
0
TO:H,FS:1,FT:0,PC:11
0
705
1624
2323
3267
4184
5180
6024
6894
7850
8631
9151
0
TO:H,FS:1,FT:1,PC:11
0
713
1624
2323
3290
4184
5180
6024
6894
7850
8631
9151
0
TO:H,FS:1,FT:2,PC:12
0
705
1624
2310
3078
3895
4780
5722
6527
7341
8179
9040
9151
0
TO:H,FS:2,FT:0,PC:14
0
443
1295
1857
2377
3083
3772
4585
5451
6083
6715
7299
7922
8631
9151
0
TO:H,FS:2,FT:1,PC:14
0
443
1295
1917
2436
3136
3829
4585
5451
6083
6715
7299
7922
8631
9151
0
TO:H,FS:2,FT:2,PC:14
0
449
1295
1857
2323
3026
3772
4585
5451
6083
6711
7299
7922
8631
9151
0
