TO:V,FS:0,FT:0,PC:9
0
919
1990
3187
4251
5114
6228
7337
8357
9280
0
TO:V,FS:0,FT:1,PC:9
0
919
1990
3187
4251
5114
6236
7337
8403
9280
0
TO:V,FS:0,FT:2,PC:10
0
878
1833
2986
3997
4871
5951
6940
7999
9141
9280
0
TO:V,FS:1,FT:0,PC:12
0
675
1469
2308
3243
3997
4744
5525
6307
7181
7981
8749
9280
0
TO:V,FS:1,FT:1,PC:12
0
675
1469
2308
3265
4042
4790
5561
6307
7135
7938
8710
9280
0
TO:V,FS:1,FT:2,PC:13
0
621
1414
2164
3046
3773
4540
5249
6003
6767
7596
8357
9263
9280
0
TO:V,FS:2,FT:0,PC:15
0
518
1194
1783
2481
3160
3767
4359
4929
5556
6204
6882
7596
8248
8951
9280
0
TO:V,FS:2,FT:1,PC:15
0
473
1183
1783
2489
3194
3803
4406
4968
5582
6239
6923
7635
8284
8994
9280
0
TO:V,FS:2,FT:2,PC:15
0
473
1183
1752
2403
3086
3728
4359
4929
5556
6170
6787
7486
8151
8822
9280
0
TO:H,FS:0,FT:0,PC:10
0
698
1502
2749
3789
4639
5546
6506
7646
8503
9280
0
TO:H,FS:0,FT:1,PC:10
0
698
1502
2679
3728
4626
5454
6432
7596
8503
9280
0
TO:H,FS:0,FT:2,PC:10
0
698
1502
2679
3728
4626
5454
6432
7596
8503
9280
0
TO:H,FS:1,FT:0,PC:13
0
473
1354
2076
2998
3728
4422
5061
5860
6630
7528
8267
9132
9280
0
TO:H,FS:1,FT:1,PC:13
0
473
1354
2066
3003
3783
4487
5118
5915
6693
7584
8321
9203
9280
0
TO:H,FS:1,FT:2,PC:13
0
473
1296
1956
2829
3608
4325
4904
5635
6365
7288
7999
8687
9280
0
TO:H,FS:2,FT:0,PC:16
0
431
1115
1672
2353
3067
3664
4294
4763
5349
6011
6480
7275
7830
8452
9163
9280
0
TO:H,FS:2,FT:1,PC:15
0
431
1115
1730
2403
3115
3728
4325
4824
5438
6066
6598
7288
7900
8503
9280
0
TO:H,FS:2,FT:2,PC:16
0
431
1064
1619
2308
3035
3664
4251
4658
5253
5951
6414
7051
7646
8312
8895
9280
0
