TO:V,FS:0,FT:0,PC:30
0
907
2111
3313
4338
5365
6542
7694
8823
9916
10915
11960
12986
14026
14964
16074
17077
18187
19384
20856
22140
23144
24344
25380
26503
27567
28623
29949
31232
32609
33016
0
TO:V,FS:0,FT:1,PC:30
0
849
1994
3195
4313
5259
6433
7570
8700
9799
10819
11857
12882
13910
14827
16004
17007
18040
19251
20687
21980
23089
24272
25292
26422
27459
28568
29892
31216
32510
33016
0
TO:V,FS:0,FT:2,PC:31
0
780
1817
3011
4085
5083
6074
7308
8296
9472
10478
11474
12453
13402
14416
15302
16284
17270
18357
19616
21034
22209
23246
24389
25380
26447
27459
28552
29719
31061
32273
33016
0
TO:V,FS:1,FT:0,PC:38
0
674
1603
2449
3382
4308
5026
5793
6728
7699
8517
9472
10287
11117
11902
12717
13489
14302
14964
15834
16654
17499
18338
19263
20371
21465
22328
23144
24062
24908
25681
26491
27302
28149
28980
30043
31128
32075
33016
0
TO:V,FS:1,FT:1,PC:38
0
658
1554
2449
3382
4308
5026
5793
6728
7699
8517
9450
10233
11035
11857
12672
13439
14302
14964
15792
16611
17499
18338
19225
20324
21413
22246
23089
23969
24835
25566
26392
27179
28104
28929
29998
31072
32030
33016
0
TO:V,FS:1,FT:2,PC:40
0
614
1407
2325
3117
3904
4753
5445
6300
7224
7987
8927
9622
10460
11214
11984
12759
13489
14302
14957
15742
16535
17357
18163
18976
20012
21068
21980
22787
23547
24374
25117
25854
26664
27409
28282
29076
30086
31112
32030
33016
0
TO:V,FS:2,FT:0,PC:50
0
588
1196
1900
2668
3372
3991
4716
5295
5935
6728
7445
8173
8927
9539
10177
10784
11441
12042
12627
13194
13766
14439
15005
15618
16289
16904
17499
18151
18774
19568
20397
21216
21928
22595
23144
23787
24475
25055
25705
26342
26944
27581
28254
28877
29713
30492
31232
32026
32816
33016
0
TO:V,FS:2,FT:1,PC:50
0
535
1175
1817
2582
3284
3904
4656
5183
5838
6630
7375
8040
8798
9472
10102
10671
11370
11967
12571
13134
13716
14361
14946
15533
16217
16858
17499
18151
18774
19568
20397
21216
21928
22601
23179
23827
24510
25100
25741
26405
27033
27652
28329
28973
29791
30576
31270
32075
32922
33016
0
TO:V,FS:2,FT:2,PC:50
0
535
1136
1817
2582
3281
3904
4656
5183
5838
6630
7375
8040
8790
9425
10061
10631
11286
11857
12453
12986
13542
14172
14799
15379
16074
16679
17282
17941
18477
19263
20088
20914
21624
22379
23038
23562
24263
24908
25527
26186
26875
27441
28104
28729
29535
30313
31137
31816
32651
33016
0
TO:H,FS:0,FT:0,PC:30
0
744
1900
3011
4135
5148
6191
7375
8517
9622
10631
11675
12535
13504
14584
15379
16405
17499
18430
19911
21388
22495
23562
24835
25841
26944
28104
29406
30831
32131
33016
0
TO:H,FS:0,FT:1,PC:31
0
744
1817
2942
3904
4928
5883
7119
8151
9286
10233
11104
12042
12957
13875
14799
15792
16840
17845
18813
20217
21510
22672
23703
24835
25774
26889
27932
29108
30538
31761
33016
0
TO:H,FS:0,FT:2,PC:32
0
744
1817
2942
3904
4928
5883
7119
8151
9286
10233
11098
12042
12957
13866
14725
15645
16698
17714
18658
20071
21478
22564
23562
24760
25637
26691
27714
28794
30175
31388
32827
33016
0
TO:H,FS:1,FT:0,PC:40
0
614
1467
2335
3011
3803
4666
5468
6351
7236
8061
8980
9757
10562
11271
11973
12685
13410
14092
14784
15379
16179
17019
17821
18500
19586
20698
21624
22564
23388
24292
25028
25832
26677
27356
28282
29141
30192
31232
32340
33016
0
TO:H,FS:1,FT:1,PC:40
0
614
1467
2335
3011
3803
4666
5468
6351
7236
8061
8980
9757
10565
11296
12033
12744
13439
14172
14799
15491
16298
17148
17996
18749
19848
20967
21890
22797
23620
24574
25292
26071
26889
27694
28568
29550
30637
31625
32734
33016
0
TO:H,FS:1,FT:2,PC:42
0
566
1267
2080
2789
3530
4338
5096
5883
6728
7645
8422
9251
10019
10671
11466
12099
12793
13439
14151
14784
15379
16119
16904
17674
18357
19263
20303
21283
22158
23023
23736
24629
25292
26015
26802
27466
28293
29133
30125
31161
32144
33016
0
TO:H,FS:2,FT:0,PC:50
0
447
1085
1789
2449
3185
3803
4463
5096
5745
6507
7190
7834
8463
9115
9741
10382
11003
11675
12238
12815
13402
13973
14606
15150
15829
16398
17077
17694
18298
19004
19839
20625
21465
22158
22791
23414
24163
24835
25428
26102
26790
27352
28000
28623
29388
30212
31038
31741
32540
33016
0
TO:H,FS:2,FT:1,PC:50
0
452
1085
1789
2449
3185
3803
4463
5096
5745
6531
7249
7859
8517
9228
9860
10478
11077
11778
12385
12882
13504
14172
14775
15354
16045
16566
17148
17864
18430
19263
20088
20914
21624
22349
22984
23613
24344
24969
25637
26318
26944
27581
28254
28877
29713
30538
31232
32075
32900
33016
0
TO:H,FS:2,FT:2,PC:50
0
439
1085
1797
2449
3185
3803
4463
5096
5734
6394
7079
7732
8296
8980
9539
10153
10770
11447
12042
12627
13207
13800
14509
15016
15601
16233
16904
17499
18138
18716
19551
20354
21182
21854
22549
23144
23848
24581
25192
25819
26497
27092
27775
28441
29108
29931
30758
31461
32263
33016
0
