TO:V,FS:0,FT:0,PC:7
0
917
2204
3488
4882
5995
7289
7964
0
TO:V,FS:0,FT:1,PC:7
0
859
2204
3488
4873
5995
7289
7964
0
TO:V,FS:0,FT:2,PC:7
0
859
2088
3304
4646
5912
6883
7964
0
TO:V,FS:1,FT:0,PC:9
0
675
1552
2631
3602
4646
5645
6593
7528
7964
0
TO:V,FS:1,FT:1,PC:9
0
675
1498
2579
3559
4622
5595
6494
7425
7964
0
TO:V,FS:1,FT:2,PC:9
0
675
1491
2521
3460
4462
5385
6291
7178
7964
0
TO:V,FS:2,FT:0,PC:11
0
606
1205
2019
2811
3545
4407
5153
5931
6671
7376
7964
0
TO:V,FS:2,FT:1,PC:11
0
561
1205
2019
2811
3545
4407
5153
5931
6699
7415
7964
0
TO:V,FS:2,FT:2,PC:11
0
561
1193
1908
2719
3466
4306
5092
5818
6474
7164
7964
0
TO:H,FS:0,FT:0,PC:7
0
737
1934
3156
4473
5653
6764
7964
0
TO:H,FS:0,FT:1,PC:7
0
737
1934
3156
4477
5653
6764
7964
0
TO:H,FS:0,FT:2,PC:7
0
737
1934
3156
4473
5653
6764
7964
0
TO:H,FS:1,FT:0,PC:9
0
675
1506
2597
3519
4574
5450
6371
7294
7964
0
TO:H,FS:1,FT:1,PC:9
0
675
1506
2597
3519
4574
5450
6382
7297
7964
0
TO:H,FS:1,FT:2,PC:10
0
566
1243
2281
3198
4186
5153
5995
6829
7831
7964
0
TO:H,FS:2,FT:0,PC:12
0
454
1167
1882
2709
3365
4215
5031
5752
6382
7059
7863
7964
0
TO:H,FS:2,FT:1,PC:11
0
454
1167
1882
2709
3365
4217
5045
5773
6441
7119
7964
0
TO:H,FS:2,FT:2,PC:12
0
454
1114
1764
2597
3198
4039
4873
5534
6162
6764
7582
7964
0
