Asian Text Book
LH:11209,BH:3241,MH:14822
TO:V,FS:0,FT:0,PC:8
0
377
822
1294
1726
2155
2607
2996
3241
0
TO:V,FS:0,FT:1,PC:4
0
762
1801
2937
3241
0
TO:V,FS:0,FT:2,PC:6
0
482
1175
1862
2543
3192
3241
0
TO:V,FS:0,FT:3,PC:5
0
469
1175
1862
2573
3241
0
TO:V,FS:0,FT:4,PC:5
0
557
1294
2040
2761
3241
0
TO:V,FS:0,FT:5,PC:9
0
343
727
1175
1542
1918
2292
2648
3050
3241
0
TO:V,FS:1,FT:0,PC:11
0
291
601
925
1203
1512
1818
2155
2477
2780
3078
3241
0
TO:V,FS:1,FT:1,PC:5
0
601
1294
2065
2829
3241
0
TO:V,FS:1,FT:2,PC:7
0
388
859
1347
1845
2292
2819
3241
0
TO:V,FS:1,FT:3,PC:7
0
404
963
1512
2010
2573
3086
3241
0
TO:V,FS:1,FT:4,PC:7
0
404
963
1512
2010
2573
3088
3241
0
TO:V,FS:1,FT:5,PC:12
0
272
571
845
1124
1403
1694
1988
2292
2573
2869
3147
3241
0
TO:V,FS:2,FT:0,PC:14
0
205
460
685
940
1175
1399
1642
1869
2123
2337
2597
2829
3050
3241
0
TO:V,FS:2,FT:1,PC:7
0
388
940
1498
2099
2648
3223
3241
0
TO:V,FS:2,FT:2,PC:9
0
291
685
1126
1496
1869
2268
2609
2996
3241
0
TO:V,FS:2,FT:3,PC:9
0
309
709
1096
1463
1845
2240
2609
2996
3241
0
TO:V,FS:2,FT:4,PC:8
0
342
795
1278
1694
2099
2532
2937
3241
0
TO:V,FS:2,FT:5,PC:15
0
190
430
625
845
1056
1294
1512
1732
1966
2179
2409
2633
2844
3050
3241
0
