TO:V,FS:0,FT:0,PC:6
0
689
1890
2966
4136
5416
5473
0
TO:V,FS:0,FT:1,PC:6
0
689
1900
2966
4136
5416
5473
0
TO:V,FS:0,FT:2,PC:6
0
645
1736
2762
3911
5063
5473
0
TO:V,FS:1,FT:0,PC:7
0
520
1408
2265
3119
4064
5063
5473
0
TO:V,FS:1,FT:1,PC:7
0
520
1358
2162
3013
3965
4980
5473
0
TO:V,FS:1,FT:2,PC:7
0
510
1358
2162
2966
3838
4767
5473
0
TO:V,FS:2,FT:0,PC:9
0
392
1190
1818
2510
3166
3903
4695
5386
5473
0
TO:V,FS:2,FT:1,PC:9
0
392
1190
1818
2555
3210
3947
4718
5416
5473
0
TO:V,FS:2,FT:2,PC:9
0
353
1105
1698
2322
3003
3604
4356
5080
5473
0
