How to win Friends and Influence People
LH:0,BH:12876,MH:445777
TO:V,FS:0,FT:0,PC:12
0
828
1998
3253
4378
5489
6725
7848
9014
10135
11338
12462
12876
0
TO:V,FS:0,FT:1,PC:12
0
828
2001
3263
4438
5551
6725
7848
9014
10196
11398
12523
12876
0
TO:V,FS:0,FT:2,PC:14
0
712
1643
2723
3686
4676
5632
6606
7566
8631
9582
10490
11539
12462
12876
0
TO:V,FS:0,FT:3,PC:12
0
775
1937
3136
4284
5362
6545
7692
8864
9958
11103
12284
12876
0
TO:V,FS:0,FT:4,PC:14
0
654
1643
2736
3739
4771
5759
6881
7836
8908
9942
10871
11923
12825
12876
0
TO:V,FS:0,FT:5,PC:12
0
771
1882
3136
4201
5242
6459
7508
8703
9782
10767
11951
12876
0
TO:V,FS:1,FT:0,PC:16
0
573
1338
2216
3106
3810
4652
5435
6324
7165
7934
8801
9677
10490
11342
12217
12876
0
TO:V,FS:1,FT:1,PC:16
0
573
1338
2216
3117
3858
4750
5531
6474
7325
8109
9004
9879
10740
11589
12379
12876
0
TO:V,FS:1,FT:2,PC:19
0
490
1093
1783
2565
3324
3990
4738
5371
6174
6881
7602
8327
8996
9763
10427
11103
11872
12510
12876
0
TO:V,FS:1,FT:3,PC:16
0
573
1338
2307
3190
3994
4920
5700
6545
7423
8213
9107
9991
10767
11709
12462
12876
0
TO:V,FS:1,FT:4,PC:18
0
526
1227
1956
2777
3512
4257
5000
5741
6516
7273
7964
8769
9512
10203
10938
11738
12462
12876
0
TO:V,FS:1,FT:5,PC:17
0
573
1338
2216
3099
3810
4652
5392
6272
7120
7881
8790
9582
10407
11148
12015
12764
12876
0
TO:V,FS:2,FT:0,PC:20
0
445
1041
1643
2374
3110
3686
4386
5032
5700
6377
7047
7683
8339
8955
9661
10327
10983
11669
12331
12876
0
TO:V,FS:2,FT:1,PC:21
0
445
1041
1643
2379
3117
3686
4344
4954
5618
6292
6927
7508
8177
8843
9548
10161
10811
11527
12211
12791
12876
0
TO:V,FS:2,FT:2,PC:24
0
352
788
1338
1916
2484
3089
3614
4123
4708
5193
5789
6364
6881
7445
7988
8552
9078
9619
10155
10724
11257
11820
12331
12876
0
TO:V,FS:2,FT:3,PC:21
0
412
958
1586
2239
2914
3557
4185
4858
5403
6121
6725
7372
8008
8724
9342
9950
10563
11183
11863
12462
12876
0
TO:V,FS:2,FT:4,PC:23
0
406
928
1492
2124
2710
3329
3810
4468
5027
5577
6174
6776
7325
7898
8534
9068
9696
10227
10767
11389
11958
12462
12876
0
TO:V,FS:2,FT:5,PC:21
0
445
1041
1643
2335
3060
3686
4359
4990
5659
6337
6968
7588
8257
8921
9582
10234
10896
11591
12253
12825
12876
0
