How to win Friends and Influence People
LH:12876,BH:8187,MH:445777
TO:V,FS:0,FT:0,PC:10
0
611
1430
2348
3220
4202
5033
5911
6747
7479
8187
0
TO:V,FS:0,FT:1,PC:10
0
611
1487
2398
3277
4241
5136
6037
6857
7615
8187
0
TO:V,FS:0,FT:2,PC:12
0
504
1236
1944
2770
3559
4380
5169
5909
6602
7301
7974
8187
0
TO:V,FS:0,FT:3,PC:10
0
611
1487
2434
3390
4292
5249
6092
6912
7648
8187
0
TO:V,FS:0,FT:4,PC:11
0
552
1301
2072
2945
3750
4623
5382
6173
6857
7565
8187
0
TO:V,FS:0,FT:5,PC:10
0
611
1430
2348
3220
4198
5033
5911
6747
7479
8187
0
TO:V,FS:1,FT:0,PC:13
0
504
1172
1888
2565
3347
4112
4815
5516
6218
6842
7355
7929
8187
0
TO:V,FS:1,FT:1,PC:13
0
504
1172
1888
2565
3347
4112
4770
5427
6129
6747
7301
7852
8187
0
TO:V,FS:1,FT:2,PC:15
0
383
945
1471
2027
2652
3288
3931
4543
5096
5665
6203
6747
7287
7682
8187
0
TO:V,FS:1,FT:3,PC:13
0
468
1033
1707
2437
3118
3840
4560
5199
5858
6538
7046
7615
8187
0
TO:V,FS:1,FT:4,PC:15
0
452
1015
1570
2168
2801
3396
4020
4623
5192
5815
6380
6857
7355
7876
8187
0
TO:V,FS:1,FT:5,PC:13
0
494
1081
1751
2467
3118
3851
4600
5277
5951
6602
7168
7682
8187
0
TO:V,FS:2,FT:0,PC:16
0
378
901
1430
1944
2565
3118
3704
4282
4842
5382
5970
6487
6939
7355
7842
8187
0
TO:V,FS:2,FT:1,PC:16
0
378
901
1430
1944
2548
3109
3626
4241
4802
5348
5899
6448
6900
7355
7842
8187
0
TO:V,FS:2,FT:2,PC:20
0
248
658
1151
1570
2015
2511
2969
3431
3899
4346
4802
5249
5691
6072
6520
6892
7301
7648
8043
8187
0
TO:V,FS:2,FT:3,PC:17
0
378
859
1388
1893
2413
2960
3505
4098
4623
5114
5661
6152
6643
7082
7495
7957
8187
0
TO:V,FS:2,FT:4,PC:18
0
296
748
1240
1707
2203
2697
3185
3680
4241
4726
5234
5703
6135
6602
7063
7460
7859
8187
0
TO:V,FS:2,FT:5,PC:17
0
324
851
1430
1944
2548
3103
3626
4241
4802
5331
5846
6327
6788
7292
7682
8154
8187
0
