How to win Friends and Influence People
LH:21145,BH:27407,MH:445777
TO:V,FS:0,FT:0,PC:25
0
886
1921
2954
4027
5194
6277
7525
8779
9977
11117
12346
13524
14709
15809
17037
18153
19293
20518
21405
22542
23760
24871
25979
27017
27407
0
TO:V,FS:0,FT:1,PC:25
0
902
1980
2995
4143
5283
6421
7662
9019
10162
11300
12524
13695
14941
16089
17340
18491
19652
20773
21713
22881
24093
25124
26281
27275
27407
0
TO:V,FS:0,FT:2,PC:30
0
690
1647
2521
3379
4322
5280
6261
7335
8239
9316
10364
11369
12360
13337
14231
15159
16089
17087
17963
18881
19866
20773
21612
22562
23694
24523
25379
26386
27275
27407
0
TO:V,FS:0,FT:3,PC:25
0
842
1862
2843
3938
5022
6047
7330
8450
9751
10872
12054
13304
14419
15455
16632
17769
18881
20117
21112
22171
23349
24413
25442
26580
27407
0
TO:V,FS:0,FT:4,PC:27
0
784
1803
2722
3799
4708
5603
6679
7803
9007
10109
11197
12337
13405
14469
15455
16471
17550
18600
19652
20757
21656
22733
23791
24808
25780
26772
27407
0
TO:V,FS:0,FT:5,PC:26
0
826
1803
2722
3823
4845
5960
7128
8239
9491
10648
11729
12894
13992
15159
16151
17340
18426
19587
20543
21460
22539
23722
24753
25736
26832
27407
0
TO:V,FS:1,FT:0,PC:34
0
605
1408
2164
2866
3721
4520
5316
6085
6999
7901
8893
9751
10648
11513
12404
13242
14040
14861
15602
16308
17220
17951
18803
19641
20385
21112
21872
22717
23664
24413
25173
26000
26823
27407
0
TO:V,FS:1,FT:1,PC:34
0
556
1408
2164
2866
3697
4471
5275
6039
6971
7852
8796
9676
10553
11436
12308
13143
13941
14811
15555
16361
17323
18051
18881
19705
20531
21195
21970
22825
23760
24566
25328
26100
26970
27407
0
TO:V,FS:1,FT:2,PC:40
0
441
1216
1894
2551
3220
3996
4603
5316
5987
6744
7525
8235
9055
9793
10578
11288
12033
12848
13584
14321
14996
15642
16259
17103
17743
18415
19085
19828
20527
21112
21753
22452
23174
23888
24599
25218
25903
26584
27275
27407
0
TO:V,FS:1,FT:3,PC:33
0
556
1414
2217
2958
3823
4603
5382
6248
7172
8003
9035
9894
10789
11660
12630
13405
14289
15159
16009
16825
17648
18468
19247
20117
20922
21635
22489
23377
24172
25047
25882
26751
27407
0
TO:V,FS:1,FT:4,PC:38
0
487
1256
2020
2679
3332
4068
4817
5497
6292
7097
7852
8670
9454
10263
11004
11807
12652
13405
14120
14884
15540
16259
17139
17857
18600
19339
20117
20818
21451
22184
22982
23760
24461
25162
25927
26661
27362
27407
0
TO:V,FS:1,FT:5,PC:35
0
590
1397
2164
2866
3713
4466
5271
5987
6900
7743
8670
9566
10399
11265
12143
12994
13796
14701
15431
16151
17037
17794
18600
19423
20262
21020
21656
22471
23362
24121
24987
25674
26544
27327
27407
0
TO:V,FS:2,FT:0,PC:43
0
393
1075
1720
2374
2995
3671
4322
4953
5538
6236
6919
7543
8239
9000
9680
10307
10962
11696
12399
13073
13695
14419
15078
15658
16259
17022
17648
18349
18921
19623
20242
20862
21405
22083
22745
23439
24095
24753
25366
26000
26656
27275
27407
0
TO:V,FS:2,FT:1,PC:43
0
393
1124
1803
2466
3071
3766
4366
5012
5627
6322
7012
7669
8382
9128
9751
10388
11050
11782
12448
13110
13695
14419
15078
15658
16259
17022
17648
18349
18966
19652
20337
20978
21533
22184
22922
23606
24208
24838
25379
26052
26741
27318
27407
0
TO:V,FS:2,FT:2,PC:51
0
354
958
1528
2049
2503
2995
3561
4061
4603
5182
5646
6224
6823
7385
7942
8589
9152
9751
10307
10861
11436
11962
12606
13102
13623
14200
14763
15353
15877
16343
16962
17458
17968
18524
19038
19652
20223
20743
21195
21698
22223
22816
23407
23947
24453
25025
25492
26052
26627
27139
27407
0
TO:V,FS:2,FT:3,PC:44
0
393
1080
1720
2343
2886
3467
4068
4690
5310
5927
6509
7228
7840
8514
9186
9873
10553
11231
11853
12583
13205
13734
14419
15097
15616
16238
16909
17563
18204
18866
19474
20117
20760
21238
21872
22531
23150
23791
24413
25047
25674
26362
26987
27407
0
TO:V,FS:2,FT:4,PC:48
0
354
995
1577
2139
2589
3143
3771
4303
4845
5368
5966
6537
7176
7729
8345
9019
9611
10228
10777
11391
12009
12652
13265
13808
14419
15022
15566
16151
16771
17340
17887
18516
19033
19652
20262
20773
21286
21872
22479
23061
23706
24237
24792
25353
25934
26478
27056
27407
0
TO:V,FS:2,FT:5,PC:44
0
393
1075
1675
2336
2917
3544
4154
4805
5378
6030
6711
7389
8024
8779
9470
10162
10781
11507
12135
12832
13447
14054
14751
15367
15998
16559
17249
17857
18531
19127
19810
20446
21039
21656
22264
22982
23719
24332
24959
25501
26091
26772
27380
27407
0
