How to win Friends and Influence People
LH:48631,BH:24423,MH:445777
TO:V,FS:0,FT:0,PC:29
0
507
1167
2004
2966
3680
4579
5432
6334
7295
8070
8974
9876
10772
11643
12529
13322
14195
15081
15934
16861
17779
18718
19665
20490
21297
22062
22996
23868
24423
0
TO:V,FS:0,FT:1,PC:29
0
561
1217
2059
3015
3732
4606
5484
6386
7311
8181
9081
9986
10882
11752
12636
13363
14245
15133
15984
16861
17779
18718
19665
20490
21297
22066
22996
23868
24423
0
TO:V,FS:0,FT:2,PC:34
0
391
965
1659
2378
3151
3934
4652
5432
6246
7026
7798
8563
9225
10022
10648
11379
12164
12956
13659
14382
15122
15830
16653
17381
18137
18896
19736
20433
21085
21820
22585
23343
23961
24423
0
TO:V,FS:0,FT:3,PC:29
0
507
1167
2059
3028
3832
4652
5579
6497
7416
8311
9187
10093
10959
11910
12771
13638
14479
15388
16320
17360
18211
19164
20056
20910
21718
22480
23433
24240
24423
0
TO:V,FS:0,FT:4,PC:32
0
473
1129
1853
2662
3430
4156
5023
5793
6571
7358
8103
8939
9757
10408
11274
12041
12756
13499
14272
15035
15830
16683
17529
18350
19183
20056
20860
21593
22328
23042
23843
24423
0
TO:V,FS:0,FT:5,PC:30
0
499
1167
2001
2898
3625
4527
5413
6254
7128
7964
8877
9767
10618
11489
12371
13165
14040
14924
15830
16774
17574
18500
19286
20210
20971
21784
22640
23468
24338
24423
0
TO:V,FS:1,FT:0,PC:37
0
385
942
1606
2292
3028
3675
4379
5144
5828
6511
7236
7926
8625
9306
10006
10629
11327
12060
12756
13363
14040
14763
15433
16102
16861
17574
18329
19031
19767
20380
20971
21629
22237
22895
23557
24174
24423
0
TO:V,FS:1,FT:1,PC:37
0
385
942
1558
2244
3015
3625
4331
5104
5744
6379
7111
7739
8455
9131
9822
10456
11168
11857
12499
13165
13844
14471
15171
15830
16501
17235
17891
18718
19356
20056
20663
21304
21907
22575
23224
23839
24423
0
TO:V,FS:1,FT:2,PC:43
0
293
785
1338
1932
2467
3070
3625
4191
4822
5390
5956
6579
7186
7779
8353
8912
9506
10037
10610
11205
11829
12371
12990
13519
14081
14675
15266
15815
16357
16991
17574
18189
18807
19398
20041
20532
21085
21707
22205
22759
23378
23909
24423
0
TO:V,FS:1,FT:3,PC:38
0
336
865
1526
2156
2898
3524
4104
4836
5477
6183
6888
7544
8142
8845
9531
10128
10763
11371
12060
12710
13363
14040
14735
15388
16054
16784
17480
18168
18896
19597
20260
20860
21451
22009
22680
23365
23961
24423
0
TO:V,FS:1,FT:4,PC:43
0
328
865
1417
1970
2533
3151
3706
4305
4935
5506
6121
6736
7311
7926
8551
9131
9747
10239
10873
11405
12006
12576
13107
13638
14195
14773
15388
15944
16595
17224
17766
18365
18896
19509
20097
20637
21164
21733
22285
22864
23468
23961
24423
0
TO:V,FS:1,FT:5,PC:37
0
336
902
1558
2244
2981
3625
4270
4992
5653
6334
7064
7739
8455
9131
9822
10447
11168
11857
12542
13165
13883
14508
15216
15876
16581
17357
17981
18718
19398
20097
20753
21341
21946
22619
23267
23868
24423
0
TO:V,FS:2,FT:0,PC:47
0
293
781
1320
1831
2353
2908
3370
3940
4477
5045
5579
6137
6717
7284
7813
8364
8896
9489
10026
10486
11035
11561
12060
12643
13150
13638
14156
14726
15274
15807
16311
16861
17419
17927
18555
19056
19604
20127
20637
21124
21679
22121
22680
23224
23769
24285
24423
0
TO:V,FS:2,FT:1,PC:47
0
293
781
1320
1802
2315
2867
3370
3898
4459
5037
5543
6084
6642
7206
7694
8234
8777
9367
9863
10361
10945
11446
12006
12484
12990
13483
13996
14534
15081
15611
16102
16679
17224
17725
18283
18794
19302
19861
20331
20860
21402
21820
22406
22943
23468
23948
24423
0
TO:V,FS:2,FT:2,PC:56
0
253
673
1016
1413
1853
2296
2711
3151
3584
4018
4501
4969
5416
5848
6289
6721
7144
7601
7964
8469
8877
9354
9808
10201
10648
11091
11555
12003
12441
12915
13307
13754
14183
14637
15091
15537
15974
16408
16861
17360
17779
18243
18718
19183
19690
20092
20525
20971
21399
21806
22194
22680
23103
23580
23961
24423
0
TO:V,FS:2,FT:3,PC:48
0
293
743
1245
1718
2193
2738
3229
3706
4230
4774
5310
5853
6334
6953
7436
7926
8486
8979
9527
10026
10447
10992
11528
12041
12542
13031
13519
14040
14573
15133
15652
16144
16761
17297
17806
18371
18896
19422
19982
20449
20934
21451
21940
22480
22996
23547
23961
24423
0
TO:V,FS:2,FT:4,PC:52
0
253
673
1063
1542
1976
2409
2952
3370
3872
4345
4843
5349
5812
6314
6812
7311
7817
8289
8765
9260
9759
10201
10701
11179
11677
12164
12661
13153
13603
14040
14560
15048
15567
16000
16488
16998
17529
17964
18500
18970
19486
19982
20469
20924
21349
21802
22237
22680
23147
23654
24119
24423
0
TO:V,FS:2,FT:5,PC:47
0
293
743
1281
1788
2311
2864
3331
3889
4406
4953
5432
5956
6486
7048
7613
8158
8663
9205
9781
10239
10791
11310
11857
12371
12925
13363
13924
14464
15001
15585
16083
16613
17182
17677
18243
18794
19302
19861
20331
20860
21349
21820
22389
22892
23443
23906
24423
0
