How to win Friends and Influence People
LH:73133,BH:32338,MH:445777
TO:V,FS:0,FT:0,PC:39
0
543
1351
2231
3120
3984
4733
5795
6609
7438
8275
9157
9988
10878
11701
12607
13421
14275
15119
15959
16766
17582
18425
19008
19697
20556
21490
22280
23244
24130
25071
25969
26855
27590
28460
29298
30132
30870
31748
32338
0
TO:V,FS:0,FT:1,PC:39
0
543
1351
2240
3120
3984
4733
5795
6609
7438
8283
9157
9988
10878
11704
12607
13421
14275
15119
15959
16766
17582
18425
19008
19697
20556
21490
22280
23244
24130
25071
25977
26855
27590
28460
29298
30132
30870
31748
32338
0
TO:V,FS:0,FT:2,PC:45
0
505
1212
1866
2663
3399
4130
4780
5664
6438
7149
7823
8599
9283
9975
10669
11388
12181
12961
13637
14375
15062
15801
16476
17178
17834
18575
19107
19688
20504
21403
22099
22902
23686
24521
25266
26010
26755
27469
28159
29019
29616
30218
30919
31646
32338
0
TO:V,FS:0,FT:3,PC:38
0
543
1355
2250
3176
4042
4837
5947
6750
7634
8498
9397
10267
11122
11998
12870
13647
14478
15353
16219
17066
17803
18702
19365
20134
21161
21965
22971
23914
24865
25761
26755
27537
28418
29298
30132
30877
31748
32338
0
TO:V,FS:0,FT:4,PC:43
0
543
1291
2035
2882
3666
4503
5333
6257
6924
7677
8464
9255
9954
10669
11429
12229
12999
13763
14515
15299
16085
16780
17514
18208
18886
19551
20183
21068
21772
22584
23378
24186
25015
25761
26614
27393
28146
28918
29567
30258
30976
31779
32338
0
TO:V,FS:0,FT:5,PC:40
0
543
1351
2231
3120
3984
4733
5767
6601
7434
8275
9157
9927
10721
11544
12432
13201
14104
14890
15710
16481
17289
18049
18750
19531
20224
21182
21916
22832
23686
24605
25526
26490
27222
28074
28982
29715
30346
31179
32065
32338
0
TO:V,FS:1,FT:0,PC:49
0
462
1097
1717
2471
3185
3838
4486
5088
5909
6553
7162
7862
8590
9247
9859
10499
11165
11903
12607
13249
13924
14552
15245
15882
16508
17223
17779
18527
19008
19645
20367
21129
21751
22432
23179
23872
24605
25322
26023
26746
27341
27998
28670
29298
29880
30480
31155
31800
32338
0
TO:V,FS:1,FT:1,PC:50
0
462
1097
1670
2433
3099
3754
4356
4954
5780
6438
7037
7752
8453
9157
9737
10424
11066
11696
12409
12999
13580
14275
14972
15595
16290
16926
17531
18179
18750
19365
19971
20723
21490
22144
22863
23558
24274
24984
25666
26378
26976
27628
28350
29019
29567
30180
30754
31406
32016
32338
0
TO:V,FS:1,FT:2,PC:59
0
319
860
1363
1943
2550
3163
3666
4224
4684
5318
5968
6522
7027
7634
8224
8838
9325
9888
10458
11041
11574
12161
12701
13288
13868
14406
14964
15444
16048
16551
17178
17643
18253
18750
19231
19688
20304
20915
21490
22032
22637
23244
23859
24459
25052
25612
26235
26797
27323
27859
28445
29062
29557
30042
30529
31105
31671
32230
32338
0
TO:V,FS:1,FT:3,PC:51
0
425
1009
1660
2349
3011
3707
4363
5001
5780
6438
7037
7718
8371
9044
9627
10277
10929
11566
12229
12888
13467
14173
14790
15405
16117
16735
17427
18008
18663
19107
19645
20367
21105
21680
22361
23135
23783
24477
25114
25761
26548
27118
27772
28359
29062
29567
30183
30763
31416
32074
32338
0
TO:V,FS:1,FT:4,PC:59
0
348
925
1431
2006
2608
3223
3781
4375
4837
5488
6153
6669
7202
7773
8374
8944
9446
9988
10580
11122
11670
12224
12777
13361
13919
14423
15043
15558
16117
16623
17215
17643
18249
18750
19209
19684
20287
20903
21490
22032
22623
23244
23889
24524
25111
25706
26283
26826
27393
27897
28484
29102
29567
30132
30648
31219
31784
32304
32338
0
TO:V,FS:1,FT:5,PC:51
0
452
1086
1670
2457
3094
3751
4398
4979
5767
6438
7037
7718
8407
9068
9687
10277
10974
11609
12316
12999
13623
14275
14925
15533
16202
16862
17473
18082
18702
19151
19688
20406
21173
21751
22432
23179
23826
24521
25202
25848
26570
27118
27817
28449
29139
29734
30305
30931
31596
32271
32338
0
TO:V,FS:2,FT:0,PC:63
0
312
826
1363
1890
2471
3002
3556
4097
4555
5100
5723
6285
6781
7323
7840
8403
8911
9403
9915
10449
10924
11366
11965
12497
12999
13533
14159
14611
15147
15673
16191
16657
17178
17617
18174
18702
19086
19600
20040
20627
21263
21705
22213
22815
23322
23889
24472
25031
25545
26084
26646
27118
27657
28159
28757
29298
29789
30218
30665
31243
31748
32230
32338
0
TO:V,FS:2,FT:1,PC:63
0
319
840
1363
1890
2471
3037
3556
4061
4544
5026
5646
6266
6700
7245
7773
8335
8877
9362
9849
10364
10817
11298
11851
12380
12861
13361
13845
14358
14875
15374
15874
16376
16931
17427
17834
18408
18824
19249
19684
20232
20819
21403
21899
22403
23013
23564
24135
24684
25269
25761
26359
26862
27393
27859
28402
29019
29511
30005
30385
30860
31353
31837
32338
0
TO:V,FS:2,FT:2,PC:75
0
220
645
1115
1504
1943
2448
2895
3275
3733
4203
4555
5010
5520
6040
6438
6878
7305
7773
8253
8724
9157
9555
9975
10401
10814
11240
11701
12144
12607
13045
13499
13977
14383
14834
15285
15701
16117
16508
17010
17427
17787
18208
18669
18991
19365
19707
20148
20609
21112
21524
21954
22424
22923
23358
23798
24260
24698
25142
25612
26045
26570
26963
27415
27859
28344
28784
29176
29567
30022
30346
30745
31201
31634
32074
32338
0
TO:V,FS:2,FT:3,PC:65
0
279
756
1244
1744
2329
2853
3333
3875
4375
4803
5387
5989
6481
6943
7490
7950
8498
9025
9446
9966
10499
11057
11514
12069
12607
13087
13533
14123
14542
15062
15574
16117
16594
17135
17568
18029
18527
18942
19345
19725
20247
20790
21388
21825
22326
22911
23405
23973
24575
25071
25609
26122
26651
27118
27615
28159
28724
29219
29646
30132
30571
31053
31596
32114
32338
0
TO:V,FS:2,FT:4,PC:70
0
279
744
1244
1670
2200
2699
3189
3666
4158
4591
5088
5622
6167
6587
7050
7531
7971
8458
8944
9388
9836
10314
10798
11228
11715
12181
12683
13142
13568
14104
14521
15014
15439
15937
16366
16815
17279
17643
18164
18588
18991
19403
19810
20297
20802
21358
21727
22176
22707
23207
23686
24202
24662
25175
25693
26217
26701
27118
27569
28066
28526
29019
29425
29880
30281
30699
31171
31627
32125
32338
0
TO:V,FS:2,FT:5,PC:63
0
312
826
1363
1890
2471
2996
3515
4024
4503
4983
5606
6215
6700
7202
7773
8322
8877
9362
9878
10410
10888
11331
11919
12449
12983
13459
14036
14502
15062
15595
16117
16587
17132
17568
18049
18564
18991
19446
19869
20414
20971
21490
21993
22546
23135
23686
24242
24796
25322
25870
26477
26927
27451
27939
28482
29019
29506
29991
30346
30860
31349
31837
32338
0
