How to win Friends and Influence People
LH:105900,BH:23536,MH:445777
TO:V,FS:0,FT:0,PC:27
0
609
1523
2315
3185
4088
4971
5901
6821
7869
8826
9606
10583
11585
12424
13284
14290
15241
16108
16852
17682
18517
19358
20252
21142
21961
22775
23536
0
TO:V,FS:0,FT:1,PC:27
0
609
1523
2315
3185
4088
4971
5901
6821
7869
8826
9606
10583
11589
12436
13344
14356
15296
16206
16952
17842
18682
19518
20421
21208
22048
22930
23536
0
TO:V,FS:0,FT:2,PC:32
0
517
1297
1970
2628
3393
4067
4797
5534
6414
7171
7963
8789
9451
10233
11024
11827
12611
13363
14169
14999
15759
16431
17147
17906
18668
19389
20121
20926
21606
22329
23085
23536
0
TO:V,FS:0,FT:3,PC:27
0
609
1523
2315
3185
4088
4971
5914
6871
7869
8826
9606
10619
11623
12548
13515
14468
15454
16313
17058
17906
18807
19667
20672
21453
22278
23188
23536
0
TO:V,FS:0,FT:4,PC:31
0
563
1354
2097
2847
3642
4478
5167
6040
6821
7740
8562
9353
10074
10925
11755
12552
13388
14255
15098
15847
16511
17268
18091
18853
19613
20480
21208
21961
22690
23485
23536
0
TO:V,FS:0,FT:5,PC:28
0
609
1523
2306
3185
4028
4857
5690
6647
7611
8507
9353
10210
11200
12131
12970
13985
14939
15816
16568
17378
18257
19015
19840
20798
21606
22463
23343
23536
0
TO:V,FS:1,FT:0,PC:35
0
469
1163
1864
2489
3116
3833
4559
5167
5878
6624
7360
8095
8826
9451
10097
10835
11623
12323
12970
13774
14458
15241
15985
16545
17173
17906
18591
19171
19846
20642
21251
21906
22506
23265
23536
0
TO:V,FS:1,FT:1,PC:35
0
469
1163
1884
2538
3116
3833
4559
5118
5888
6663
7405
8145
8910
9543
10199
10966
11713
12414
13019
13839
14458
15212
15896
16462
17133
17836
18457
19087
19757
20553
21208
21861
22463
23215
23536
0
TO:V,FS:1,FT:2,PC:41
0
366
929
1523
2097
2670
3244
3776
4383
4945
5477
6132
6743
7369
7942
8570
9155
9650
10258
10874
11530
12118
12692
13307
13985
14589
15241
15879
16385
16935
17509
18034
18576
19087
19678
20355
20940
21453
21998
22540
23122
23536
0
TO:V,FS:1,FT:3,PC:36
0
423
1125
1796
2400
3079
3742
4432
5059
5717
6487
7193
7918
8659
9285
9883
10590
11294
11965
12651
13337
14072
14774
15454
16088
16694
17315
17996
18682
19280
19908
20663
21208
21821
22463
23173
23536
0
TO:V,FS:1,FT:4,PC:41
0
415
1005
1563
2097
2628
3205
3763
4337
4902
5477
6153
6754
7354
7942
8584
9155
9682
10291
10905
11572
12089
12651
13245
13924
14488
15149
15710
16247
16814
17332
17906
18451
19015
19613
20227
20845
21412
21989
22463
23085
23536
0
TO:V,FS:1,FT:5,PC:35
0
459
1101
1773
2394
3079
3786
4469
5118
5816
6578
7310
8041
8810
9398
10013
10790
11593
12263
12903
13644
14365
15117
15800
16431
16996
17702
18371
18993
19653
20361
21021
21606
22278
22994
23536
0
TO:V,FS:2,FT:0,PC:44
0
324
845
1436
1961
2374
2866
3430
3944
4537
5030
5540
6162
6714
7279
7869
8457
9010
9489
10013
10627
11205
11765
12276
12833
13401
13985
14569
15185
15710
16234
16775
17254
17824
18371
18863
19434
19948
20572
21099
21606
22140
22648
23193
23536
0
TO:V,FS:2,FT:1,PC:45
0
324
845
1436
1970
2453
2906
3430
3944
4537
5030
5540
6162
6714
7279
7869
8464
9021
9489
10013
10638
11212
11765
12276
12798
13323
13962
14454
15073
15622
16115
16588
17105
17639
18172
18692
19126
19678
20305
20881
21368
21872
22355
22910
23426
23536
0
TO:V,FS:2,FT:2,PC:53
0
237
682
1137
1551
2004
2409
2834
3315
3717
4195
4599
5059
5474
5972
6487
6928
7443
7909
8359
8826
9267
9606
10044
10527
11002
11509
11935
12382
12809
13254
13774
14230
14715
15221
15675
16099
16462
16922
17364
17815
18267
18709
19087
19599
20013
20516
20981
21427
21821
22278
22741
23176
23536
0
TO:V,FS:2,FT:3,PC:46
0
345
845
1393
1920
2299
2796
3328
3811
4293
4785
5314
5878
6468
6935
7510
8064
8639
9155
9606
10134
10729
11268
11811
12276
12816
13363
13966
14454
15045
15597
16077
16545
17028
17525
18072
18576
19067
19613
20152
20696
21208
21723
22217
22690
23246
23536
0
TO:V,FS:2,FT:4,PC:49
0
302
823
1310
1787
2238
2695
3152
3642
4138
4599
5092
5540
6073
6596
7089
7632
8145
8672
9155
9606
10094
10627
11133
11623
12097
12578
13042
13581
14092
14581
15117
15614
16062
16462
16952
17450
17906
18371
18839
19292
19743
20294
20798
21245
21706
22185
22630
23118
23536
0
TO:V,FS:2,FT:5,PC:45
0
366
885
1463
1970
2448
2947
3464
3979
4564
5069
5540
6153
6714
7279
7869
8453
9004
9451
9973
10586
11156
11728
12276
12825
13401
13985
14527
15113
15647
16155
16604
17105
17639
18209
18726
19165
19678
20287
20836
21368
21872
22355
22906
23426
23536
0
