How to win Friends and Influence People
LH:129522,BH:14697,MH:445777
TO:V,FS:0,FT:0,PC:13
0
871
2121
3181
4461
5596
6715
7911
9052
10342
11431
12680
13807
14697
0
TO:V,FS:0,FT:1,PC:13
0
871
2134
3181
4467
5596
6715
7911
9052
10342
11431
12619
13807
14697
0
TO:V,FS:0,FT:2,PC:16
0
639
1614
2632
3538
4568
5596
6569
7505
8444
9425
10439
11431
12441
13408
14413
14697
0
TO:V,FS:0,FT:3,PC:14
0
828
1957
3063
4246
5387
6513
7584
8663
9733
10977
11971
13197
14356
14697
0
TO:V,FS:0,FT:4,PC:15
0
793
1828
2945
3970
5150
6137
7093
8143
9156
10252
11250
12294
13391
14424
14697
0
TO:V,FS:0,FT:5,PC:14
0
821
1924
2991
4053
5230
6333
7397
8562
9641
10777
11782
13027
14089
14697
0
TO:V,FS:1,FT:0,PC:18
0
577
1414
2323
3143
3906
4821
5596
6479
7283
8143
8941
9733
10597
11426
12249
13138
13946
14697
0
TO:V,FS:1,FT:1,PC:18
0
532
1369
2323
3181
4007
4924
5749
6569
7336
8190
8993
9783
10697
11507
12417
13282
14097
14697
0
TO:V,FS:1,FT:2,PC:21
0
476
1127
1914
2625
3322
4030
4797
5509
6195
6858
7573
8288
8941
9641
10439
11133
11761
12584
13319
13946
14697
0
TO:V,FS:1,FT:3,PC:18
0
583
1422
2376
3181
4053
4979
5803
6616
7442
8291
9052
9939
10842
11655
12584
13438
14249
14697
0
TO:V,FS:1,FT:4,PC:20
0
532
1259
2139
2868
3538
4337
5135
5815
6533
7217
7991
8704
9470
10263
10992
11663
12546
13314
13970
14697
0
TO:V,FS:1,FT:5,PC:19
0
577
1369
2323
3143
3894
4762
5562
6333
7131
7973
8704
9526
10383
11133
11909
12889
13676
14534
14697
0
TO:V,FS:2,FT:0,PC:23
0
444
1127
1835
2540
3181
3826
4568
5272
5917
6569
7217
7861
8530
9176
9773
10487
11075
11663
12426
13120
13743
14400
14697
0
TO:V,FS:2,FT:1,PC:23
0
444
1127
1842
2540
3181
3826
4568
5272
5917
6569
7212
7861
8530
9180
9814
10526
11156
11748
12469
13138
13807
14527
14697
0
TO:V,FS:2,FT:2,PC:27
0
334
871
1397
2037
2577
3136
3650
4192
4762
5272
5866
6369
6915
7462
8051
8568
9052
9641
10231
10781
11354
11824
12417
13031
13578
14081
14697
0
TO:V,FS:2,FT:3,PC:24
0
467
1087
1740
2408
3026
3621
4310
5002
5596
6277
6803
7422
8127
8704
9347
9981
10586
11246
11795
12546
13180
13807
14465
14697
0
TO:V,FS:2,FT:4,PC:26
0
396
974
1572
2229
2793
3322
3894
4530
5159
5668
6294
6826
7371
7973
8562
9089
9677
10309
10834
11378
11922
12608
13175
13807
14413
14697
0
TO:V,FS:2,FT:5,PC:23
0
429
1041
1698
2408
3063
3695
4355
5072
5638
6333
6970
7587
8233
8842
9543
10155
10781
11378
12036
12781
13422
14009
14697
0
