How to win Friends and Influence People
LH:144267,BH:16237,MH:445777
TO:V,FS:0,FT:0,PC:20
0
578
1383
2115
3064
4052
4934
5805
6602
7467
8267
9208
10006
10795
11768
12720
13555
14278
15107
16023
16237
0
TO:V,FS:0,FT:1,PC:19
0
578
1383
2115
3064
4052
4934
5848
6622
7560
8375
9270
10152
11002
11978
12937
13687
14410
15316
16237
0
TO:V,FS:0,FT:2,PC:23
0
440
1140
1813
2510
3270
4105
4906
5554
6239
7066
7706
8461
9270
9999
10758
11496
12344
13077
13687
14357
15075
15858
16237
0
TO:V,FS:0,FT:3,PC:19
0
578
1383
2115
3064
4056
4992
5898
6674
7585
8420
9377
10187
11104
12126
13027
13791
14513
15371
16237
0
TO:V,FS:0,FT:4,PC:21
0
529
1315
1915
2719
3511
4358
5130
5913
6713
7513
8233
9038
9860
10635
11452
12344
13154
13805
14588
15371
16237
0
TO:V,FS:0,FT:5,PC:20
0
572
1383
2115
3064
4033
4934
5793
6580
7397
8211
9108
9954
10795
11768
12670
13464
14170
15006
15905
16237
0
TO:V,FS:1,FT:0,PC:25
0
429
1075
1665
2289
3029
3742
4463
5130
5848
6486
7194
7874
8550
9270
9954
10631
11392
12129
12828
13411
13981
14703
15371
16105
16237
0
TO:V,FS:1,FT:1,PC:25
0
386
1088
1653
2201
2939
3605
4344
4992
5730
6374
7129
7706
8420
9127
9761
10355
11109
11860
12558
13207
13805
14492
15201
15887
16237
0
TO:V,FS:1,FT:2,PC:29
0
292
852
1426
1915
2541
3109
3704
4292
4934
5472
6038
6622
7194
7749
8334
8946
9499
10079
10610
11199
11835
12425
12974
13530
13981
14513
15049
15662
16237
0
TO:V,FS:1,FT:3,PC:25
0
386
1096
1665
2251
3004
3650
4358
4992
5739
6329
7035
7629
8279
8946
9551
10228
10877
11593
12298
12974
13555
14170
14800
15509
16237
0
TO:V,FS:1,FT:4,PC:29
0
361
922
1460
1915
2506
3064
3704
4326
4934
5472
6034
6622
7194
7778
8391
8946
9528
10104
10635
11266
11884
12485
13053
13555
14098
14664
15220
15788
16237
0
TO:V,FS:1,FT:5,PC:25
0
429
1072
1665
2285
3009
3689
4423
5087
5811
6404
7113
7706
8420
9114
9753
10355
11104
11843
12558
13207
13805
14446
15094
15742
16237
0
TO:V,FS:2,FT:0,PC:31
0
286
801
1360
1760
2257
2822
3424
4013
4585
5110
5670
6177
6661
7194
7706
8279
8834
9342
9898
10355
10950
11525
12144
12660
13207
13687
14170
14703
15260
15788
16237
0
TO:V,FS:2,FT:1,PC:31
0
286
763
1288
1748
2184
2719
3260
3856
4435
4992
5547
6070
6622
7180
7706
8285
8842
9342
9898
10342
10873
11452
12087
12586
13175
13641
14134
14664
15178
15704
16237
0
TO:V,FS:2,FT:2,PC:38
0
248
697
1140
1548
1915
2362
2822
3286
3755
4200
4704
5126
5562
5949
6381
6821
7229
7693
8091
8529
8984
9415
9914
10324
10783
11224
11703
12215
12623
13073
13487
13870
14318
14737
15184
15655
16096
16237
0
TO:V,FS:2,FT:3,PC:33
0
286
763
1297
1706
2157
2694
3226
3787
4326
4915
5337
5883
6357
6894
7348
7861
8420
8946
9450
9954
10442
10990
11528
12129
12586
13135
13555
14025
14497
14994
15535
16100
16237
0
TO:V,FS:2,FT:4,PC:35
0
283
760
1277
1665
2115
2611
3131
3638
4168
4696
5161
5641
6070
6569
7060
7490
7941
8420
8946
9415
9938
10355
10858
11400
11892
12367
12846
13311
13687
14117
14557
15038
15540
16041
16237
0
TO:V,FS:2,FT:5,PC:32
0
321
840
1383
1836
2299
2858
3417
3961
4495
4992
5547
6064
6605
7148
7621
8128
8671
9208
9704
10187
10709
11260
11831
12371
12920
13411
13870
14357
14837
15407
15972
16237
0
