How to win Friends and Influence People
LH:160648,BH:18170,MH:445777
TO:V,FS:0,FT:0,PC:21
0
611
1467
2332
3237
4187
5117
5852
6757
7636
8546
9528
10430
11357
12147
13122
14071
14883
15950
16842
17578
18170
0
TO:V,FS:0,FT:1,PC:21
0
611
1471
2332
3237
4187
5127
5852
6757
7651
8546
9528
10430
11352
12203
13172
14134
14883
15950
16842
17578
18170
0
TO:V,FS:0,FT:2,PC:25
0
523
1199
1951
2786
3441
4258
5041
5708
6397
7064
7878
8646
9476
10217
11023
11757
12530
13342
14146
14804
15618
16457
17156
17812
18170
0
TO:V,FS:0,FT:3,PC:21
0
611
1528
2389
3343
4297
5305
6072
6901
7840
8766
9678
10596
11470
12424
13407
14343
15148
16179
17085
17814
18170
0
TO:V,FS:0,FT:4,PC:24
0
558
1304
2094
2937
3663
4534
5422
6118
6800
7670
8448
9269
10065
10858
11643
12411
13249
14113
14843
15700
16576
17269
18029
18170
0
TO:V,FS:0,FT:5,PC:21
0
558
1410
2273
3192
4134
5066
5796
6667
7489
8395
9342
10217
11179
11944
12867
13819
14738
15606
16596
17320
18170
0
TO:V,FS:1,FT:0,PC:27
0
481
1156
1806
2451
3192
3903
4649
5380
5933
6614
7254
7995
8668
9397
10099
10813
11492
12170
12926
13652
14360
14976
15790
16543
17194
17805
18170
0
TO:V,FS:1,FT:1,PC:27
0
481
1108
1759
2409
3165
3809
4580
5357
5885
6529
7156
7906
8589
9307
10008
10725
11413
12082
12841
13572
14318
14929
15746
16504
17100
17761
18170
0
TO:V,FS:1,FT:2,PC:32
0
369
928
1461
2031
2646
3232
3799
4427
5041
5560
6129
6705
7263
7906
8532
9127
9724
10266
10896
11453
12041
12709
13376
13973
14610
15129
15799
16390
16975
17523
18119
18170
0
TO:V,FS:1,FT:3,PC:28
0
450
1111
1759
2409
3125
3712
4440
5173
5773
6344
6966
7727
8448
9127
9789
10505
11189
11841
12551
13249
13973
14688
15335
16066
16812
17392
18029
18170
0
TO:V,FS:1,FT:4,PC:32
0
425
968
1489
2026
2646
3192
3786
4377
4983
5560
6129
6705
7250
7840
8467
9102
9646
10217
10847
11413
12024
12644
13228
13831
14429
14924
15593
16214
16825
17370
17948
18170
0
TO:V,FS:1,FT:5,PC:27
0
464
1152
1759
2409
3161
3759
4513
5228
5796
6482
7099
7866
8546
9264
9962
10725
11413
12082
12841
13572
14272
14883
15675
16367
17063
17690
18170
0
TO:V,FS:2,FT:0,PC:34
0
345
909
1330
1876
2416
3019
3539
4125
4674
5265
5751
6241
6744
7250
7805
8382
8931
9519
10008
10578
11159
11643
12151
12748
13342
13899
14463
14924
15539
16129
16697
17220
17761
18170
0
TO:V,FS:2,FT:1,PC:34
0
345
871
1292
1835
2376
2937
3459
4048
4601
5181
5680
6172
6705
7209
7765
8344
8931
9519
10008
10570
11159
11643
12151
12748
13342
13909
14463
14924
15539
16129
16697
17220
17761
18170
0
TO:V,FS:2,FT:2,PC:41
0
256
700
1181
1590
1990
2438
2937
3343
3817
4297
4749
5257
5636
6090
6512
6911
7371
7840
8311
8758
9234
9667
10142
10627
11083
11478
11947
12405
12895
13389
13853
14296
14752
15201
15707
16157
16629
17085
17483
17868
18170
0
TO:V,FS:2,FT:3,PC:35
0
357
909
1334
1876
2376
2937
3459
4010
4564
5113
5560
6129
6705
7177
7727
8279
8829
9373
9817
10342
10889
11413
11956
12519
13053
13572
14142
14670
15085
15685
16255
16825
17295
17797
18170
0
TO:V,FS:2,FT:4,PC:38
0
307
804
1254
1759
2220
2774
3227
3663
4216
4700
5195
5629
6107
6574
7003
7559
8031
8546
9086
9528
10016
10530
11027
11478
11969
12475
12973
13485
13968
14463
14883
15434
15987
16483
16975
17404
17828
18170
0
TO:V,FS:2,FT:5,PC:34
0
365
928
1404
1951
2529
3102
3619
4205
4749
5377
5796
6296
6800
7349
7914
8498
9050
9528
10086
10645
11189
11722
12232
12821
13407
13933
14503
14963
15552
16129
16697
17220
17761
18170
0
