How to win Friends and Influence People
LH:178922,BH:7697,MH:445777
TO:V,FS:0,FT:0,PC:10
0
626
1494
2209
3087
3863
4681
5505
6463
7280
7697
0
TO:V,FS:0,FT:1,PC:10
0
589
1445
2151
2933
3765
4579
5458
6463
7280
7697
0
TO:V,FS:0,FT:2,PC:11
0
484
1249
1856
2591
3343
3958
4631
5367
6125
6934
7697
0
TO:V,FS:0,FT:3,PC:10
0
596
1445
2209
3095
3863
4681
5511
6529
7393
7697
0
TO:V,FS:0,FT:4,PC:11
0
533
1324
1996
2780
3502
4236
5000
5696
6563
7280
7697
0
TO:V,FS:0,FT:5,PC:10
0
589
1445
2151
2933
3761
4579
5458
6403
7280
7697
0
TO:V,FS:1,FT:0,PC:12
0
484
1182
1807
2485
3117
3741
4365
5048
5622
6338
7083
7697
0
TO:V,FS:1,FT:1,PC:13
0
484
1182
1807
2437
3071
3699
4319
4954
5495
6246
6990
7628
7697
0
TO:V,FS:1,FT:2,PC:15
0
380
867
1489
1974
2551
3053
3631
4134
4667
5213
5809
6397
7026
7578
7697
0
TO:V,FS:1,FT:3,PC:13
0
484
1143
1739
2353
2981
3642
4236
4902
5458
6157
6876
7540
7697
0
TO:V,FS:1,FT:4,PC:14
0
436
945
1560
2041
2633
3202
3741
4274
4848
5379
5980
6644
7251
7697
0
TO:V,FS:1,FT:5,PC:13
0
484
1138
1787
2396
3021
3657
4274
4954
5536
6243
6986
7628
7697
0
TO:V,FS:2,FT:0,PC:15
0
356
821
1445
1925
2492
2970
3502
4042
4529
5033
5536
6091
6644
7209
7697
0
TO:V,FS:2,FT:1,PC:15
0
356
821
1445
1925
2453
2933
3502
4042
4529
4994
5458
6021
6644
7209
7697
0
TO:V,FS:2,FT:2,PC:19
0
264
661
1153
1619
2023
2433
2837
3292
3657
4097
4559
4954
5361
5809
6264
6720
7172
7620
7697
0
TO:V,FS:2,FT:3,PC:16
0
356
821
1406
1807
2337
2850
3380
3852
4353
4852
5297
5848
6371
6927
7402
7697
0
TO:V,FS:2,FT:4,PC:17
0
318
746
1295
1727
2173
2663
3099
3574
4008
4447
4954
5418
5917
6426
6897
7350
7697
0
TO:V,FS:2,FT:5,PC:15
0
384
860
1445
1925
2473
2970
3502
4042
4529
5033
5495
6055
6644
7209
7697
0
