How to win Friends and Influence People
LH:186707,BH:21774,MH:445777
TO:V,FS:0,FT:0,PC:20
0
877
1972
3273
4462
5533
6708
7855
8960
10095
11163
12264
13243
14395
15090
16206
17298
18386
19728
20765
21774
0
TO:V,FS:0,FT:1,PC:20
0
877
1972
3273
4462
5533
6708
7855
8960
10095
11163
12264
13182
14341
15075
16149
17240
18362
19617
20644
21774
0
TO:V,FS:0,FT:2,PC:25
0
760
1636
2661
3756
4589
5533
6495
7540
8370
9247
10151
11013
11914
12686
13687
14483
15146
16123
16927
17755
18705
19760
20566
21464
21774
0
TO:V,FS:0,FT:3,PC:21
0
877
1919
3151
4346
5506
6571
7708
8809
9787
10943
11934
12923
14031
14864
15799
16881
17882
19154
20239
21412
21774
0
TO:V,FS:0,FT:4,PC:23
0
760
1668
2888
3976
4944
5843
6863
7900
8857
9787
10877
11744
12686
13751
14590
15400
16410
17343
18327
19401
20339
21349
21774
0
TO:V,FS:0,FT:5,PC:21
0
877
1908
3136
4346
5394
6443
7605
8639
9665
10694
11598
12660
13706
14590
15434
16452
17461
18498
19728
20704
21774
0
TO:V,FS:1,FT:0,PC:28
0
674
1472
2257
3232
4173
4916
5728
6478
7385
8110
8899
9724
10494
11214
12033
12789
13581
14324
14962
15670
16452
17260
17958
18876
19770
20483
21349
21774
0
TO:V,FS:1,FT:1,PC:28
0
622
1417
2213
3122
4072
4832
5632
6431
7366
8059
8899
9724
10494
11214
12033
12798
13683
14408
15018
15799
16642
17443
18207
19130
19916
20682
21543
21774
0
TO:V,FS:1,FT:2,PC:33
0
489
1207
1767
2530
3342
4090
4770
5484
6127
6846
7610
8216
8899
9620
10245
10943
11545
12177
12784
13451
14154
14723
15192
15894
16541
17251
17859
18608
19367
20008
20628
21349
21774
0
TO:V,FS:1,FT:3,PC:27
0
622
1424
2257
3232
4173
4933
5728
6541
7425
8216
9050
9787
10694
11358
12183
12957
13795
14538
15090
15945
16762
17588
18386
19303
20136
20970
21774
0
TO:V,FS:1,FT:4,PC:31
0
541
1263
1977
2792
3643
4346
5097
5823
6596
7396
8052
8809
9429
10151
10877
11488
12169
12798
13574
14271
14864
15482
16194
16890
17606
18386
19154
19953
20583
21349
21774
0
TO:V,FS:1,FT:5,PC:28
0
669
1472
2257
3160
4061
4823
5573
6320
7241
7967
8809
9575
10295
11013
11840
12589
13333
14169
14788
15427
16149
16955
17698
18534
19429
20187
20918
21774
0
TO:V,FS:2,FT:0,PC:35
0
458
1091
1668
2384
3086
3771
4431
5052
5698
6320
7043
7708
8344
8945
9595
10190
10877
11400
12055
12664
13226
13914
14483
14976
15600
16234
16841
17484
18123
18794
19484
20089
20628
21289
21774
0
TO:V,FS:2,FT:1,PC:35
0
458
1131
1668
2384
3086
3771
4431
5097
5743
6412
7090
7752
8385
8985
9636
10228
10877
11400
12055
12624
13182
13874
14452
14956
15525
16149
16762
17424
18008
18671
19358
20008
20628
21285
21774
0
TO:V,FS:2,FT:2,PC:42
0
356
877
1472
2024
2622
3212
3810
4346
4905
5434
5946
6523
7093
7660
8118
8692
9135
9680
10228
10842
11286
11840
12332
12839
13388
13943
14408
14864
15342
15834
16374
16876
17424
17878
18422
19029
19609
20119
20583
21153
21662
21774
0
TO:V,FS:2,FT:3,PC:36
0
458
1101
1668
2346
3059
3771
4390
5013
5613
6242
6878
7550
8138
8809
9346
9905
10526
11055
11598
12219
12772
13357
13970
14531
14976
15563
16149
16762
17386
17975
18631
19324
19975
20546
21169
21774
0
TO:V,FS:2,FT:4,PC:39
0
395
918
1472
2035
2664
3282
3919
4490
5078
5646
6222
6822
7425
7920
8552
9087
9648
10190
10799
11318
11880
12392
12953
13502
14083
14590
15018
15582
16149
16708
17240
17751
18338
18933
19543
20083
20618
21221
21774
0
TO:V,FS:2,FT:5,PC:36
0
444
1088
1668
2384
3086
3771
4431
5052
5653
6285
6921
7596
8205
8844
9414
9989
10650
11163
11812
12420
13016
13631
14226
14788
15308
15914
16497
17097
17684
18370
19018
19686
20215
20831
21435
21774
0
