How to win Friends and Influence People
LH:209187,BH:12407,MH:445777
TO:V,FS:0,FT:0,PC:15
0
732
1611
2451
3257
4228
5057
5890
6620
7415
8286
9214
10061
10880
11800
12407
0
TO:V,FS:0,FT:1,PC:15
0
696
1611
2399
3257
4228
5057
5890
6620
7415
8286
9221
10061
10880
11800
12407
0
TO:V,FS:0,FT:2,PC:18
0
558
1297
2034
2830
3511
4363
4996
5685
6286
7029
7789
8521
9285
9984
10601
11300
12134
12407
0
TO:V,FS:0,FT:3,PC:15
0
708
1615
2505
3312
4314
5165
5994
6640
7579
8447
9372
10241
11104
12086
12407
0
TO:V,FS:0,FT:4,PC:17
0
606
1387
2165
2985
3711
4564
5291
5985
6640
7405
8183
8978
9784
10504
11287
12086
12407
0
TO:V,FS:0,FT:5,PC:16
0
678
1548
2347
3224
4115
4953
5792
6456
7310
8183
9045
9887
10656
11487
12388
12407
0
TO:V,FS:1,FT:0,PC:19
0
497
1204
1839
2563
3257
4023
4700
5377
6029
6596
7292
7971
8615
9372
10061
10713
11468
12126
12407
0
TO:V,FS:1,FT:1,PC:19
0
497
1171
1786
2531
3204
3887
4576
5243
5845
6379
7029
7688
8364
9059
9774
10406
11094
11800
12407
0
TO:V,FS:1,FT:2,PC:23
0
390
977
1574
2130
2717
3257
3883
4510
5044
5581
6060
6582
7114
7688
8269
8792
9421
10013
10534
11047
11661
12296
12407
0
TO:V,FS:1,FT:3,PC:20
0
515
1222
1786
2484
3120
3802
4516
5105
5779
6286
6965
7593
8230
8880
9552
10175
10811
11514
12180
12407
0
TO:V,FS:1,FT:4,PC:22
0
442
1053
1626
2228
2858
3377
3980
4576
5133
5723
6210
6714
7310
7927
8481
9026
9586
10175
10713
11300
11934
12407
0
TO:V,FS:1,FT:5,PC:19
0
497
1204
1839
2563
3246
3930
4614
5326
5937
6502
7160
7831
8531
9234
9922
10545
11225
11934
12407
0
TO:V,FS:2,FT:0,PC:24
0
376
935
1484
2025
2579
3120
3692
4256
4768
5291
5796
6210
6679
7249
7771
8289
8792
9372
9861
10406
10955
11477
12062
12407
0
TO:V,FS:2,FT:1,PC:25
0
376
898
1410
1952
2545
3120
3650
4175
4690
5175
5685
6100
6537
7029
7593
8121
8573
9147
9647
10175
10713
11287
11818
12392
12407
0
TO:V,FS:2,FT:2,PC:29
0
285
787
1242
1673
2117
2545
3055
3481
3930
4420
4830
5283
5685
6060
6456
6929
7348
7799
8209
8642
9118
9535
10016
10406
10811
11272
11724
12159
12407
0
TO:V,FS:2,FT:3,PC:25
0
390
935
1449
1958
2505
3055
3546
4059
4576
5057
5612
6060
6496
7029
7593
8093
8573
9113
9586
10106
10545
11088
11621
12169
12407
0
TO:V,FS:2,FT:4,PC:27
0
295
839
1297
1768
2265
2738
3180
3683
4171
4609
5057
5581
5988
6360
6809
7292
7760
8209
8677
9168
9641
10102
10534
10975
11454
11969
12407
0
TO:V,FS:2,FT:5,PC:24
0
410
977
1523
2066
2603
3120
3683
4228
4734
5252
5762
6210
6679
7249
7771
8289
8792
9372
9861
10406
10898
11436
12020
12407
0
