How to win Friends and Influence People
LH:221696,BH:21096,MH:445777
TO:V,FS:0,FT:0,PC:19
0
701
1781
2454
3552
4706
5787
7124
8283
9389
10570
11832
13139
14258
15473
16610
17850
19112
20143
21096
0
TO:V,FS:0,FT:1,PC:19
0
701
1781
2454
3612
4760
5851
7190
8283
9389
10630
11908
13209
14457
15591
16726
17966
19239
20259
21096
0
TO:V,FS:0,FT:2,PC:23
0
627
1519
2201
3015
4007
4978
5938
7053
8054
8907
9869
10902
11932
12985
13889
14929
15899
16941
17889
18873
19833
20774
21096
0
TO:V,FS:0,FT:3,PC:20
0
647
1716
2454
3552
4642
5733
7043
8217
9303
10464
11602
12924
14064
15266
16344
17510
18713
19833
20896
21096
0
TO:V,FS:0,FT:4,PC:21
0
647
1654
2379
3273
4323
5291
6428
7534
8592
9601
10676
11784
12968
13982
15083
16108
17185
18245
19354
20343
21096
0
TO:V,FS:0,FT:5,PC:21
0
647
1654
2384
3373
4411
5535
6712
7898
8852
9926
11039
12288
13352
14585
15636
16726
17790
18987
20066
21043
21096
0
TO:V,FS:1,FT:0,PC:27
0
499
1388
1996
2557
3296
4098
4920
5699
6591
7484
8335
9122
9964
10807
11655
12585
13423
14314
15175
15979
16815
17660
18484
19416
20173
20927
21096
0
TO:V,FS:1,FT:1,PC:27
0
499
1388
1996
2557
3296
4113
4920
5699
6616
7484
8335
9122
9964
10807
11655
12537
13434
14337
15175
15979
16847
17710
18532
19433
20278
21076
21096
0
TO:V,FS:1,FT:2,PC:31
0
398
1163
1750
2261
2851
3552
4256
4920
5593
6377
7190
7891
8528
9207
9909
10605
11349
12181
12952
13608
14395
15083
15842
16595
17277
18012
18793
19475
20082
20805
21096
0
TO:V,FS:1,FT:3,PC:26
0
499
1388
1996
2557
3315
4166
5068
5902
6865
7744
8592
9389
10323
11069
12009
12945
13764
14715
15544
16405
17287
18138
19030
19885
20716
21096
0
TO:V,FS:1,FT:4,PC:29
0
443
1188
1848
2324
3015
3757
4497
5172
5981
6799
7566
8328
9103
9814
10555
11299
12162
12968
13631
14472
15214
15929
16657
17482
18205
18957
19713
20459
21096
0
TO:V,FS:1,FT:5,PC:27
0
488
1326
1996
2557
3284
4098
4920
5682
6591
7436
8283
9122
9964
10759
11587
12489
13334
14228
15083
15886
16704
17557
18383
19258
20029
20812
21096
0
TO:V,FS:2,FT:0,PC:33
0
398
1105
1654
2130
2672
3260
3897
4542
5133
5835
6524
7288
7945
8573
9248
9903
10555
11267
11967
12659
13319
13995
14696
15351
16048
16697
17377
18022
18713
19433
20082
20716
21096
0
TO:V,FS:2,FT:1,PC:33
0
398
1105
1699
2130
2672
3260
3929
4581
5133
5851
6563
7343
8102
8706
9374
10025
10688
11341
12093
12784
13447
14115
14827
15467
16108
16822
17510
18190
18873
19583
20246
20887
21096
0
TO:V,FS:2,FT:2,PC:40
0
294
844
1399
1887
2236
2686
3197
3699
4242
4809
5291
5879
6450
7091
7627
8204
8758
9311
9814
10384
10978
11566
12209
12823
13341
13870
14462
15044
15578
16108
16650
17212
17732
18288
18873
19470
19993
20546
21000
21096
0
TO:V,FS:2,FT:3,PC:34
0
386
995
1566
2085
2540
3096
3712
4379
5007
5551
6230
6983
7607
8283
8923
9521
10201
10817
11429
12162
12840
13451
14103
14784
15396
16048
16657
17356
17946
18629
19318
19875
20550
21096
0
TO:V,FS:2,FT:4,PC:37
0
327
908
1473
1946
2324
2851
3413
4031
4588
5133
5747
6354
7024
7576
8163
8706
9271
9814
10423
10978
11593
12245
12859
13440
14038
14644
15261
15842
16460
17042
17617
18238
18834
19433
20020
20608
21096
0
TO:V,FS:2,FT:5,PC:33
0
371
1019
1640
2085
2584
3180
3827
4454
5068
5715
6389
7157
7811
8482
9122
9814
10506
11184
11887
12575
13232
13899
14609
15293
15886
16541
17180
17815
18503
19202
19833
20526
21096
0
