How to win Friends and Influence People
LH:242907,BH:14169,MH:445777
TO:V,FS:0,FT:0,PC:17
0
668
1417
2275
3025
3897
4813
5592
6391
7385
8295
9191
10015
10855
11751
12725
13551
14169
0
TO:V,FS:0,FT:1,PC:17
0
668
1417
2275
3025
3897
4824
5592
6391
7385
8295
9191
10015
10855
11751
12749
13565
14169
0
TO:V,FS:0,FT:2,PC:20
0
541
1125
1855
2470
3168
3888
4533
5287
5965
6727
7557
8283
9101
9816
10500
11171
12047
12880
13588
14169
0
TO:V,FS:0,FT:3,PC:17
0
668
1417
2275
3032
3897
4840
5639
6496
7497
8459
9400
10170
11045
12047
13032
13819
14169
0
TO:V,FS:0,FT:4,PC:19
0
608
1263
2042
2664
3413
4159
5008
5639
6385
7199
8051
8901
9664
10287
11074
12003
12834
13565
14169
0
TO:V,FS:0,FT:5,PC:17
0
668
1360
2261
2920
3806
4658
5485
6292
7280
8193
9139
10015
10855
11751
12725
13551
14169
0
TO:V,FS:1,FT:0,PC:22
0
491
1074
1744
2370
2966
3638
4262
5067
5639
6292
7062
7810
8571
9220
9897
10504
11119
11905
12652
13278
13869
14169
0
TO:V,FS:1,FT:1,PC:22
0
491
1026
1677
2275
2827
3461
4112
4817
5471
6053
6729
7471
8183
8947
9616
10170
10838
11509
12268
13014
13588
14169
0
TO:V,FS:1,FT:2,PC:26
0
388
929
1451
2042
2509
3008
3584
4156
4790
5328
5889
6415
7062
7732
8295
8901
9512
10015
10578
11074
11751
12391
12984
13565
14054
14169
0
TO:V,FS:1,FT:3,PC:23
0
501
1026
1692
2275
2827
3509
4112
4821
5421
6011
6651
7382
8091
8814
9445
10015
10655
11293
12047
12787
13420
14004
14169
0
TO:V,FS:1,FT:4,PC:26
0
434
975
1480
2042
2543
3034
3584
4141
4762
5328
5915
6445
7062
7737
8295
8901
9524
10061
10631
11146
11794
12442
13032
13588
14125
14169
0
TO:V,FS:1,FT:5,PC:22
0
486
1074
1744
2370
2966
3632
4262
5052
5616
6258
6982
7737
8395
9121
9723
10331
10989
11729
12442
13122
13650
14169
0
TO:V,FS:2,FT:0,PC:27
0
362
886
1360
1950
2370
2864
3359
3897
4421
5035
5485
6032
6514
7062
7700
8221
8839
9372
9878
10354
10921
11444
12047
12676
13186
13650
14169
0
TO:V,FS:2,FT:1,PC:28
0
362
886
1326
1831
2320
2780
3226
3735
4179
4801
5328
5839
6292
6917
7507
8087
8608
9139
9712
10170
10693
11217
11835
12442
13019
13551
13972
14169
0
TO:V,FS:2,FT:2,PC:34
0
273
696
1026
1472
1927
2275
2623
3034
3471
3897
4280
4799
5233
5639
6087
6551
7062
7567
8023
8451
8901
9356
9757
10170
10640
11025
11458
11971
12461
12920
13298
13689
14156
14169
0
TO:V,FS:2,FT:3,PC:29
0
379
855
1326
1831
2275
2738
3189
3703
4179
4776
5273
5723
6213
6757
7308
7848
8411
8942
9504
9998
10436
10976
11449
12047
12664
13152
13588
14054
14169
0
TO:V,FS:2,FT:4,PC:31
0
315
774
1238
1706
2179
2563
2954
3430
3897
4351
4893
5328
5776
6254
6757
7268
7769
8275
8814
9270
9723
10170
10645
11074
11592
12083
12643
13068
13565
14004
14169
0
TO:V,FS:2,FT:5,PC:28
0
401
929
1401
1986
2370
2864
3359
3897
4421
5029
5485
6032
6514
7062
7658
8178
8791
9323
9796
10277
10838
11370
11978
12562
13068
13588
14087
14169
0
