How to win Friends and Influence People
LH:257171,BH:16115,MH:445777
TO:V,FS:0,FT:0,PC:19
0
703
1623
2610
3620
4430
5289
6240
7186
8063
8971
9776
10596
11502
12393
13330
14182
15076
16022
16115
0
TO:V,FS:0,FT:1,PC:19
0
643
1569
2558
3598
4400
5247
6137
7138
7956
8880
9723
10596
11502
12393
13330
14182
15084
16022
16115
0
TO:V,FS:0,FT:2,PC:22
0
468
1279
2085
2928
3774
4486
5273
6027
6854
7602
8443
9181
9978
10686
11405
12106
12939
13617
14307
15153
15979
16115
0
TO:V,FS:0,FT:3,PC:18
0
643
1569
2572
3598
4413
5247
6192
7186
8121
9041
10002
10867
11696
12657
13529
14386
15416
16115
0
TO:V,FS:0,FT:4,PC:21
0
555
1424
2214
3081
3945
4667
5429
6314
7162
7956
8722
9506
10374
11158
11882
12717
13426
14216
15088
15951
16115
0
TO:V,FS:0,FT:5,PC:19
0
638
1516
2496
3501
4306
5133
6027
7025
7892
8692
9518
10453
11336
12112
13045
13817
14712
15697
16115
0
TO:V,FS:1,FT:0,PC:24
0
456
1210
1954
2727
3541
4175
4889
5597
6339
7084
7767
8481
9131
9865
10545
11220
11820
12483
13220
13896
14574
15331
16022
16115
0
TO:V,FS:1,FT:1,PC:24
0
456
1210
1954
2685
3397
4046
4802
5419
6167
6876
7583
8344
9041
9767
10513
11178
11781
12438
13191
13807
14481
15237
15938
16115
0
TO:V,FS:1,FT:2,PC:28
0
316
931
1546
2165
2817
3476
4046
4640
5232
5819
6440
7062
7658
8288
8853
9362
10002
10545
11143
11649
12213
12845
13426
14010
14641
15237
15834
16115
0
TO:V,FS:1,FT:3,PC:24
0
459
1160
1886
2593
3318
3961
4616
5289
6027
6736
7404
8150
8768
9408
10144
10819
11487
12057
12804
13426
14055
14712
15494
16115
0
TO:V,FS:1,FT:4,PC:28
0
396
1007
1617
2206
2851
3523
4046
4667
5250
5871
6477
7109
7671
8305
8863
9362
10006
10545
11085
11611
12161
12777
13336
13917
14460
15051
15660
16115
0
TO:V,FS:1,FT:5,PC:24
0
400
1154
1907
2664
3374
4046
4780
5419
6155
6906
7583
8344
9031
9645
10360
10971
11587
12220
12955
13548
14216
14926
15678
16115
0
TO:V,FS:2,FT:0,PC:30
0
316
896
1457
2070
2646
3240
3818
4351
4889
5446
6018
6599
7186
7750
8344
8863
9362
9963
10527
10961
11502
12007
12579
13139
13706
14182
14712
15321
15883
16115
0
TO:V,FS:2,FT:1,PC:30
0
316
896
1457
2070
2593
3198
3781
4323
4889
5407
5977
6558
7186
7750
8344
8859
9362
9963
10527
10961
11502
12007
12584
13139
13698
14196
14712
15321
15844
16115
0
TO:V,FS:2,FT:2,PC:36
0
272
733
1168
1599
2085
2593
3106
3605
3999
4430
4889
5289
5803
6268
6708
7186
7653
8100
8545
9041
9433
9932
10400
10813
11275
11662
12077
12527
13037
13426
13876
14284
14746
15225
15685
16115
0
TO:V,FS:2,FT:3,PC:31
0
316
896
1457
2051
2606
3172
3749
4283
4830
5289
5871
6402
6957
7434
7996
8545
9080
9559
10144
10637
11193
11649
12175
12712
13220
13764
14258
14785
15376
15931
16115
0
TO:V,FS:2,FT:4,PC:34
0
316
845
1325
1829
2327
2871
3408
3924
4383
4889
5356
5887
6374
6863
7356
7905
8396
8859
9302
9793
10278
10725
11214
11662
12145
12634
13130
13597
14055
14546
15019
15541
16022
16115
0
TO:V,FS:2,FT:5,PC:31
0
354
931
1457
2056
2593
3198
3781
4258
4816
5330
5937
6513
7084
7589
8199
8692
9212
9758
10297
10782
11336
11770
12322
12870
13376
13876
14362
14937
15541
16096
16115
0
