How to win Friends and Influence People
LH:273353,BH:10199,MH:445777
TO:V,FS:0,FT:0,PC:13
0
674
1637
2492
3397
4161
5012
5754
6462
7106
7997
8879
9732
10199
0
TO:V,FS:0,FT:1,PC:13
0
633
1583
2438
3378
4120
4906
5644
6405
7106
8008
8879
9732
10199
0
TO:V,FS:0,FT:2,PC:15
0
465
1270
2097
2793
3595
4191
4948
5622
6281
6819
7545
8347
9070
9832
10199
0
TO:V,FS:0,FT:3,PC:13
0
633
1604
2438
3397
4161
5022
5758
6462
7106
8008
8926
9896
10199
0
TO:V,FS:0,FT:4,PC:14
0
552
1400
2226
2844
3729
4411
5224
5783
6455
7106
7902
8813
9602
10199
0
TO:V,FS:0,FT:5,PC:13
0
608
1583
2438
3370
4120
4856
5625
6321
6966
7860
8813
9647
10199
0
TO:V,FS:1,FT:0,PC:17
0
408
1158
1882
2478
3163
3814
4369
5026
5618
6180
6725
7288
7945
8766
9409
10025
10199
0
TO:V,FS:1,FT:1,PC:17
0
408
1115
1840
2438
3116
3771
4323
4980
5571
6133
6676
7196
7902
8675
9282
9996
10199
0
TO:V,FS:1,FT:2,PC:19
0
363
983
1613
2199
2726
3357
3918
4443
5010
5526
6078
6520
6963
7526
8105
8781
9282
9896
10199
0
TO:V,FS:1,FT:3,PC:17
0
458
1176
1882
2438
3087
3777
4323
4980
5571
6133
6676
7247
7902
8698
9282
9954
10199
0
TO:V,FS:1,FT:4,PC:19
0
405
1020
1663
2238
2793
3382
3918
4466
5026
5526
6064
6443
6915
7481
8065
8747
9270
9885
10199
0
TO:V,FS:1,FT:5,PC:17
0
408
1158
1877
2478
3155
3814
4369
5017
5618
6180
6722
7283
7945
8734
9369
10025
10199
0
TO:V,FS:2,FT:0,PC:21
0
350
905
1421
2016
2478
2957
3519
4003
4540
5071
5526
5978
6392
6819
7327
7883
8446
8959
9527
10025
10199
0
TO:V,FS:2,FT:1,PC:21
0
363
936
1514
2087
2625
3110
3679
4161
4687
5268
5644
6116
6482
6915
7444
7980
8569
9039
9630
10102
10199
0
TO:V,FS:2,FT:2,PC:25
0
279
720
1208
1663
2121
2549
2949
3397
3873
4229
4687
5136
5526
5899
6275
6579
6953
7404
7888
8338
8813
9233
9716
10058
10199
0
TO:V,FS:2,FT:3,PC:21
0
363
936
1514
2043
2556
3002
3562
4044
4540
5046
5526
5990
6405
6819
7303
7821
8391
8879
9424
9910
10199
0
TO:V,FS:2,FT:4,PC:23
0
329
848
1305
1827
2274
2744
3254
3729
4161
4606
5071
5526
5952
6358
6767
7139
7640
8134
8672
9137
9630
10025
10199
0
TO:V,FS:2,FT:5,PC:21
0
363
936
1498
2043
2552
3032
3588
4080
4606
5194
5571
6078
6482
6915
7436
7980
8581
9095
9636
10064
10199
0
