How To Win Friends And Influence People
LH:273678,BH:10199,MH:446102
TO:V,FS:0,FT:0,PC:9
0
936
2238
3397
4547
5633
6537
7677
9000
10199
0
TO:V,FS:0,FT:1,PC:10
0
936
2238
3397
4556
5633
6537
7634
8879
10140
10199
0
TO:V,FS:0,FT:2,PC:11
0
820
1988
2901
3957
4929
5783
6597
7456
8623
9686
10199
0
TO:V,FS:0,FT:3,PC:10
0
936
2238
3397
4496
5571
6482
7514
8879
10143
10199
0
TO:V,FS:0,FT:4,PC:11
0
884
2043
3110
4120
5181
6078
6915
8008
9130
10073
10199
0
TO:V,FS:0,FT:5,PC:10
0
936
2238
3397
4482
5526
6405
7404
8790
9910
10199
0
TO:V,FS:1,FT:0,PC:12
0
766
1724
2625
3554
4340
5288
6078
6819
7745
8813
9732
10199
0
TO:V,FS:1,FT:1,PC:12
0
711
1724
2640
3660
4443
5341
6078
6819
7759
8813
9732
10199
0
TO:V,FS:1,FT:2,PC:14
0
552
1417
2238
2995
3831
4564
5339
6020
6643
7379
8189
9019
9828
10199
0
TO:V,FS:1,FT:3,PC:12
0
743
1792
2691
3714
4496
5447
6180
6915
7902
8879
9838
10199
0
TO:V,FS:1,FT:4,PC:14
0
584
1441
2285
3066
3908
4606
5394
6122
6767
7447
8352
9194
10025
10199
0
TO:V,FS:1,FT:5,PC:12
0
711
1677
2579
3497
4290
5251
5990
6740
7545
8551
9390
10199
0
TO:V,FS:2,FT:0,PC:15
0
498
1270
2087
2769
3532
4161
4847
5571
6227
6784
7447
8256
9054
9815
10199
0
TO:V,FS:2,FT:1,PC:15
0
498
1270
2087
2726
3492
4161
4847
5571
6180
6784
7404
8221
8970
9732
10199
0
TO:V,FS:2,FT:2,PC:18
0
408
1063
1736
2319
2882
3566
4132
4696
5288
5783
6321
6819
7404
8027
8742
9282
9910
10199
0
TO:V,FS:2,FT:3,PC:15
0
501
1270
2043
2687
3447
4161
4847
5526
6133
6767
7404
8183
8926
9732
10199
0
TO:V,FS:2,FT:4,PC:17
0
478
1187
1898
2518
3110
3729
4306
4952
5526
6078
6537
7106
7772
8469
9116
9772
10199
0
TO:V,FS:2,FT:5,PC:15
0
498
1270
2087
2769
3532
4161
4841
5571
6221
6784
7447
8245
9011
9772
10199
0
