How to win Friends and Influence People
LH:283646,BH:8881,MH:445777
TO:V,FS:0,FT:0,PC:11
0
594
1375
2222
3048
3963
4859
5818
6668
7552
8351
8881
0
TO:V,FS:0,FT:1,PC:11
0
594
1431
2271
3048
3963
4859
5818
6668
7556
8351
8881
0
TO:V,FS:0,FT:2,PC:13
0
478
1213
1976
2673
3458
4199
5004
5818
6570
7344
8019
8839
8881
0
TO:V,FS:0,FT:3,PC:11
0
599
1431
2279
3213
4123
5023
5982
6888
7759
8725
8881
0
TO:V,FS:0,FT:4,PC:12
0
508
1213
2009
2767
3594
4380
5213
6006
6804
7576
8285
8881
0
TO:V,FS:0,FT:5,PC:11
0
594
1362
2222
3048
3963
4806
5756
6537
7390
8223
8881
0
TO:V,FS:1,FT:0,PC:14
0
404
1106
1789
2439
3137
3919
4590
5322
6006
6668
7390
8091
8814
8881
0
TO:V,FS:1,FT:1,PC:14
0
404
1121
1789
2439
3181
3963
4678
5382
6006
6711
7390
8048
8779
8881
0
TO:V,FS:1,FT:2,PC:16
0
325
868
1452
2038
2613
3127
3758
4306
4891
5557
6092
6668
7272
7819
8447
8881
0
TO:V,FS:1,FT:3,PC:14
0
365
1031
1743
2408
3048
3783
4405
5120
5818
6519
7145
7793
8424
8881
0
TO:V,FS:1,FT:4,PC:16
0
365
943
1559
2113
2673
3272
3887
4465
5073
5675
6226
6782
7371
7854
8440
8881
0
TO:V,FS:1,FT:5,PC:14
0
404
1073
1743
2439
3048
3806
4456
5148
5818
6460
7141
7819
8533
8881
0
TO:V,FS:2,FT:0,PC:17
0
325
868
1443
1950
2439
3009
3524
4123
4692
5262
5818
6313
6901
7390
7890
8440
8881
0
TO:V,FS:2,FT:1,PC:17
0
325
868
1443
1950
2439
3023
3530
4123
4692
5232
5785
6279
6861
7390
7854
8402
8881
0
TO:V,FS:2,FT:2,PC:21
0
244
633
1060
1507
1910
2361
2784
3234
3704
4148
4648
5091
5557
6006
6460
6913
7356
7749
8201
8686
8881
0
TO:V,FS:2,FT:3,PC:18
0
325
827
1362
1870
2425
2909
3408
3963
4498
5038
5598
6092
6623
7137
7648
8158
8719
8881
0
TO:V,FS:2,FT:4,PC:19
0
313
755
1248
1743
2222
2673
3188
3695
4148
4683
5175
5652
6110
6608
7098
7581
8055
8533
8881
0
TO:V,FS:2,FT:5,PC:18
0
325
868
1404
1910
2439
3009
3524
4085
4632
5167
5712
6219
6697
7254
7768
8241
8839
8881
0
