How to win Friends and Influence People
LH:292622,BH:9766,MH:445777
TO:V,FS:0,FT:0,PC:12
0
679
1587
2460
3240
4171
5014
5925
6802
7590
8451
9318
9766
0
TO:V,FS:0,FT:1,PC:12
0
622
1534
2444
3141
4105
4928
5775
6641
7423
8301
9157
9766
0
TO:V,FS:0,FT:2,PC:14
0
467
1272
2062
2791
3538
4219
4976
5618
6435
7090
7852
8623
9333
9766
0
TO:V,FS:0,FT:3,PC:12
0
632
1587
2460
3313
4171
5014
5945
6802
7592
8459
9333
9766
0
TO:V,FS:0,FT:4,PC:13
0
542
1422
2190
2962
3784
4566
5329
6087
6864
7692
8425
9244
9766
0
TO:V,FS:0,FT:5,PC:12
0
622
1534
2444
3141
3982
4823
5672
6614
7312
8216
9083
9766
0
TO:V,FS:1,FT:0,PC:15
0
457
1224
1910
2599
3223
3923
4612
5270
5917
6591
7171
7890
8551
9244
9766
0
TO:V,FS:1,FT:1,PC:15
0
457
1224
1910
2599
3236
3970
4657
5329
6013
6683
7312
8069
8773
9421
9766
0
TO:V,FS:1,FT:2,PC:18
0
367
1035
1611
2219
2757
3313
3909
4515
5055
5606
6202
6766
7298
7848
8405
8976
9545
9766
0
TO:V,FS:1,FT:3,PC:15
0
457
1224
1863
2558
3191
3875
4517
5156
5792
6456
7090
7804
8470
9107
9766
0
TO:V,FS:1,FT:4,PC:18
0
406
1071
1639
2219
2776
3267
3823
4441
5014
5606
6196
6756
7312
7919
8470
9094
9632
9766
0
TO:V,FS:1,FT:5,PC:15
0
446
1224
1910
2549
3185
3875
4562
5239
5905
6591
7171
7890
8535
9199
9766
0
TO:V,FS:2,FT:0,PC:19
0
367
997
1523
2077
2573
3079
3606
4171
4740
5290
5792
6347
6826
7312
7882
8389
8931
9436
9766
0
TO:V,FS:2,FT:1,PC:19
0
367
997
1523
2077
2573
3079
3606
4171
4744
5290
5835
6386
6826
7354
7919
8436
9010
9514
9766
0
TO:V,FS:2,FT:2,PC:23
0
275
724
1224
1703
2160
2568
2999
3475
3898
4341
4772
5221
5604
6076
6531
6961
7354
7804
8247
8734
9145
9619
9766
0
TO:V,FS:2,FT:3,PC:20
0
367
971
1481
2052
2543
3003
3543
4021
4505
5014
5566
6119
6641
7090
7637
8151
8661
9148
9677
9766
0
TO:V,FS:2,FT:4,PC:21
0
330
832
1329
1763
2242
2739
3141
3635
4159
4600
5047
5541
6035
6526
6961
7411
7908
8365
8876
9322
9766
0
TO:V,FS:2,FT:5,PC:19
0
367
959
1481
2035
2534
3038
3564
4131
4653
5156
5645
6196
6719
7207
7774
8247
8826
9333
9766
0
