How to win Friends and Influence People
LH:302486,BH:9493,MH:445777
TO:V,FS:0,FT:0,PC:11
0
539
1459
2326
3268
4224
5162
6150
7047
8051
8903
9493
0
TO:V,FS:0,FT:1,PC:11
0
539
1459
2326
3268
4224
5162
6160
7063
8051
8903
9493
0
TO:V,FS:0,FT:2,PC:13
0
422
1189
1906
2650
3445
4263
5056
5898
6691
7554
8399
9117
9493
0
TO:V,FS:0,FT:3,PC:11
0
539
1461
2333
3275
4296
5280
6298
7288
8267
9135
9493
0
TO:V,FS:0,FT:4,PC:12
0
483
1294
2092
2903
3681
4611
5382
6298
7135
7996
8806
9493
0
TO:V,FS:0,FT:5,PC:11
0
539
1453
2223
3162
4115
5002
5974
6894
7927
8756
9493
0
TO:V,FS:1,FT:0,PC:14
0
415
1104
1774
2485
3142
3891
4703
5333
6160
6842
7630
8412
9145
9493
0
TO:V,FS:1,FT:1,PC:14
0
415
1066
1740
2439
3102
3810
4576
5265
5978
6643
7432
8183
8850
9493
0
TO:V,FS:1,FT:2,PC:17
0
317
912
1508
2035
2590
3187
3802
4468
5047
5676
6298
6925
7578
8211
8756
9376
9493
0
TO:V,FS:1,FT:3,PC:14
0
374
1019
1691
2355
3055
3778
4566
5237
6004
6684
7452
8183
8850
9493
0
TO:V,FS:1,FT:4,PC:17
0
356
941
1578
2147
2736
3339
3949
4622
5153
5757
6368
6975
7622
8224
8799
9359
9493
0
TO:V,FS:1,FT:5,PC:14
0
415
1104
1731
2397
3055
3810
4611
5290
6105
6760
7521
8264
8901
9493
0
TO:V,FS:2,FT:0,PC:18
0
278
820
1370
1906
2470
3031
3588
4221
4832
5329
5958
6520
7070
7659
8224
8756
9281
9493
0
TO:V,FS:2,FT:1,PC:18
0
278
820
1370
1906
2495
3044
3588
4177
4778
5265
5800
6337
6886
7472
8033
8612
9145
9493
0
TO:V,FS:2,FT:2,PC:21
0
253
670
1137
1586
2016
2485
2921
3381
3836
4350
4832
5290
5813
6298
6724
7224
7721
8175
8631
9052
9493
0
TO:V,FS:2,FT:3,PC:18
0
278
820
1370
1891
2388
2929
3492
4027
4645
5153
5697
6298
6825
7406
7996
8532
9025
9493
0
TO:V,FS:2,FT:4,PC:20
0
278
784
1294
1790
2257
2748
3230
3729
4273
4832
5325
5878
6397
6886
7406
7947
8412
8889
9446
9493
0
TO:V,FS:2,FT:5,PC:18
0
317
860
1407
1906
2454
2977
3559
4128
4758
5255
5825
6397
6912
7509
8071
8633
9145
9493
0
