How To Win Friends And Influence People
LH:302811,BH:9493,MH:446102
TO:V,FS:0,FT:0,PC:8
0
845
2147
3412
4832
6269
7607
8850
9493
0
TO:V,FS:0,FT:1,PC:8
0
912
2147
3419
4832
6222
7491
8820
9493
0
TO:V,FS:0,FT:2,PC:9
0
719
1744
2829
3916
5061
6269
7362
8472
9493
0
TO:V,FS:0,FT:3,PC:8
0
784
2025
3244
4720
6041
7418
8756
9493
0
TO:V,FS:0,FT:4,PC:9
0
784
1906
3055
4273
5342
6596
7891
8965
9493
0
TO:V,FS:0,FT:5,PC:8
0
784
2025
3234
4645
5888
7216
8532
9493
0
TO:V,FS:1,FT:0,PC:10
0
633
1652
2534
3524
4582
5501
6553
7597
8618
9493
0
TO:V,FS:1,FT:1,PC:10
0
633
1652
2545
3588
4742
5654
6647
7750
8756
9493
0
TO:V,FS:1,FT:2,PC:12
0
483
1294
2092
2903
3732
4703
5484
6394
7240
8090
8903
9493
0
TO:V,FS:1,FT:3,PC:10
0
633
1663
2605
3588
4758
5716
6741
7891
8850
9493
0
TO:V,FS:1,FT:4,PC:12
0
529
1384
2223
3055
3991
4923
5796
6684
7638
8547
9398
9493
0
TO:V,FS:1,FT:5,PC:10
0
633
1648
2525
3501
4540
5448
6494
7532
8564
9493
0
TO:V,FS:2,FT:0,PC:13
0
483
1294
2092
2853
3632
4518
5290
6210
6975
7862
8681
9427
9493
0
TO:V,FS:2,FT:1,PC:13
0
483
1278
1998
2761
3588
4441
5177
5978
6728
7562
8362
9145
9493
0
TO:V,FS:2,FT:2,PC:16
0
398
1038
1667
2223
2872
3524
4169
4832
5462
6192
6799
7495
8169
8756
9420
9493
0
TO:V,FS:2,FT:3,PC:13
0
472
1202
1906
2675
3458
4283
5049
5910
6684
7546
8366
9096
9493
0
TO:V,FS:2,FT:4,PC:15
0
436
1100
1768
2430
3055
3745
4496
5113
5800
6487
7166
7902
8532
9161
9493
0
TO:V,FS:2,FT:5,PC:13
0
483
1294
2039
2761
3588
4475
5265
6105
6842
7689
8461
9210
9493
0
