How to win Friends and Influence People
LH:312087,BH:14491,MH:445777
TO:V,FS:0,FT:0,PC:17
0
602
1437
2481
3293
4115
4977
5873
6848
7803
8794
9583
10445
11350
12280
13195
13938
14491
0
TO:V,FS:0,FT:1,PC:17
0
562
1437
2481
3293
4171
5030
5921
6904
7859
8845
9682
10526
11517
12386
13212
14046
14491
0
TO:V,FS:0,FT:2,PC:20
0
398
1242
2026
2861
3587
4250
5009
5796
6610
7426
8304
9035
9775
10510
11242
12057
12796
13490
14241
14491
0
TO:V,FS:0,FT:3,PC:17
0
577
1437
2510
3293
4171
5030
5931
6970
7988
8935
9835
10702
11662
12596
13455
14394
14491
0
TO:V,FS:0,FT:4,PC:19
0
491
1300
2170
3038
3730
4529
5239
6103
6958
7791
8652
9440
10165
11038
11835
12596
13345
14131
14491
0
TO:V,FS:0,FT:5,PC:17
0
557
1437
2481
3293
4115
4977
5863
6843
7803
8777
9583
10440
11343
12260
13092
13906
14491
0
TO:V,FS:1,FT:0,PC:22
0
398
1118
1840
2644
3251
3905
4566
5239
6002
6765
7511
8307
8977
9664
10304
11077
11730
12414
13125
13774
14457
14491
0
TO:V,FS:1,FT:1,PC:21
0
398
1126
1811
2609
3293
3956
4612
5285
6048
6812
7559
8374
9071
9748
10393
11142
11873
12554
13212
13906
14491
0
TO:V,FS:1,FT:2,PC:26
0
345
934
1437
2102
2704
3279
3730
4250
4794
5407
6006
6598
7256
7828
8465
9055
9583
10123
10742
11343
11947
12515
13070
13597
14195
14491
0
TO:V,FS:1,FT:3,PC:22
0
398
1126
1814
2580
3201
3813
4481
5112
5824
6531
7331
8056
8783
9433
10079
10764
11462
12137
12826
13439
14084
14491
0
TO:V,FS:1,FT:4,PC:25
0
354
978
1556
2207
2824
3293
3844
4413
5004
5588
6243
6848
7469
8127
8723
9273
9847
10468
11077
11631
12240
12834
13345
13938
14491
0
TO:V,FS:1,FT:5,PC:22
0
398
1118
1793
2590
3201
3859
4511
5112
5863
6570
7371
8076
8802
9460
10103
10805
11539
12212
12863
13439
14124
14491
0
TO:V,FS:2,FT:0,PC:27
0
333
881
1423
1973
2590
3103
3592
4060
4603
5148
5731
6310
6928
7493
8091
8643
9162
9682
10207
10774
11326
11911
12469
13022
13527
14014
14491
0
TO:V,FS:2,FT:1,PC:27
0
333
881
1423
1937
2558
3103
3602
4021
4566
5112
5703
6310
6934
7493
8091
8643
9162
9700
10243
10814
11366
11911
12469
12985
13506
14028
14491
0
TO:V,FS:2,FT:2,PC:33
0
212
679
1131
1556
2035
2519
3004
3366
3768
4195
4603
5046
5503
5931
6390
6913
7384
7879
8398
8837
9257
9682
10123
10604
11115
11554
12017
12466
12922
13345
13798
14261
14491
0
TO:V,FS:2,FT:3,PC:28
0
333
855
1382
1904
2504
3045
3443
3919
4413
4921
5476
6031
6590
7192
7752
8348
8901
9384
9847
10393
10926
11448
11947
12469
12985
13469
13938
14491
0
TO:V,FS:2,FT:4,PC:30
0
286
776
1281
1748
2273
2778
3238
3700
4157
4603
5090
5548
6082
6570
7112
7625
8169
8652
9120
9583
10082
10566
11109
11591
12077
12596
13081
13548
14002
14491
0
TO:V,FS:2,FT:5,PC:27
0
328
881
1418
1973
2590
3103
3592
4060
4603
5148
5731
6310
6913
7458
8041
8596
9120
9649
10160
10724
11283
11873
12396
12955
13420
13938
14491
0
