How to win Friends and Influence People
LH:326678,BH:9586,MH:445777
TO:V,FS:0,FT:0,PC:12
0
591
1377
2239
3185
4123
5066
5797
6482
7330
8247
9175
9586
0
TO:V,FS:0,FT:1,PC:12
0
547
1429
2284
3243
4176
5116
5845
6534
7330
8247
9121
9586
0
TO:V,FS:0,FT:2,PC:14
0
432
1106
1868
2654
3384
4169
5012
5670
6254
6923
7598
8401
9158
9586
0
TO:V,FS:0,FT:3,PC:12
0
602
1467
2408
3295
4232
5226
5969
6804
7598
8543
9552
9586
0
TO:V,FS:0,FT:4,PC:13
0
479
1253
2020
2918
3675
4542
5278
5965
6605
7314
8029
8921
9586
0
TO:V,FS:0,FT:5,PC:12
0
534
1322
2181
3131
3987
4907
5670
6360
7172
8035
8968
9586
0
TO:V,FS:1,FT:0,PC:15
0
385
1057
1768
2447
3207
3903
4674
5316
5918
6469
7154
7699
8497
9179
9586
0
TO:V,FS:1,FT:1,PC:15
0
385
1106
1813
2490
3207
3857
4636
5226
5841
6344
6971
7543
8266
8968
9586
0
TO:V,FS:1,FT:2,PC:17
0
315
871
1467
2066
2696
3285
3930
4545
5143
5670
6162
6671
7172
7696
8359
8968
9586
0
TO:V,FS:1,FT:3,PC:16
0
385
1064
1753
2394
3074
3719
4455
5108
5714
6223
6864
7422
8082
8820
9502
9586
0
TO:V,FS:1,FT:4,PC:18
0
345
871
1467
2059
2681
3243
3872
4482
5097
5651
6081
6605
7164
7654
8322
8953
9557
9586
0
TO:V,FS:1,FT:5,PC:15
0
385
1054
1741
2435
3115
3795
4533
5226
5841
6374
7017
7612
8401
9092
9586
0
TO:V,FS:2,FT:0,PC:19
0
274
787
1285
1808
2428
2984
3569
4123
4761
5226
5747
6190
6681
7172
7693
8298
8859
9438
9586
0
TO:V,FS:2,FT:1,PC:19
0
274
787
1285
1808
2428
2963
3448
4024
4592
5135
5638
6054
6494
7004
7494
8088
8624
9166
9586
0
TO:V,FS:2,FT:2,PC:23
0
233
665
1093
1500
1999
2447
2963
3350
3811
4317
4794
5226
5670
6054
6374
6864
7282
7612
8097
8583
9030
9524
9586
0
TO:V,FS:2,FT:3,PC:19
0
274
787
1308
1849
2428
2963
3457
3998
4560
5093
5579
6025
6414
6923
7413
7941
8543
9086
9586
0
TO:V,FS:2,FT:4,PC:21
0
268
704
1179
1671
2164
2689
3185
3675
4155
4720
5183
5613
6021
6374
6864
7330
7786
8312
8807
9291
9586
0
TO:V,FS:2,FT:5,PC:19
0
310
823
1322
1849
2447
3018
3584
4123
4740
5226
5747
6181
6638
7164
7612
8224
8771
9346
9586
0
