How to win Friends and Influence People
LH:336336,BH:7617,MH:445777
TO:V,FS:0,FT:0,PC:10
0
499
1402
2383
3270
4166
4981
5725
6481
7205
7617
0
TO:V,FS:0,FT:1,PC:10
0
499
1402
2383
3276
4216
5036
5832
6609
7411
7617
0
TO:V,FS:0,FT:2,PC:12
0
447
1131
1807
2621
3407
4166
4818
5554
6157
6839
7502
7617
0
TO:V,FS:0,FT:3,PC:10
0
499
1402
2383
3328
4288
5143
5993
6720
7449
7617
0
TO:V,FS:0,FT:4,PC:11
0
463
1246
2023
2810
3623
4417
5186
5906
6570
7264
7617
0
TO:V,FS:0,FT:5,PC:10
0
463
1361
2267
3118
3995
4771
5589
6343
6996
7617
0
TO:V,FS:1,FT:0,PC:12
0
447
1109
1736
2479
3168
3912
4553
5265
5950
6481
7081
7617
0
TO:V,FS:1,FT:1,PC:12
0
447
1061
1690
2479
3168
3912
4545
5186
5815
6420
6996
7617
0
TO:V,FS:1,FT:2,PC:15
0
373
888
1479
2070
2621
3211
3810
4417
4988
5554
6043
6523
6996
7569
7617
0
TO:V,FS:1,FT:3,PC:13
0
447
1081
1652
2383
3086
3751
4417
5099
5686
6284
6839
7449
7617
0
TO:V,FS:1,FT:4,PC:14
0
415
888
1440
2043
2621
3242
3841
4417
5000
5575
6083
6609
7110
7617
0
TO:V,FS:1,FT:5,PC:12
0
447
1106
1736
2475
3168
3912
4502
5143
5770
6343
6973
7617
0
TO:V,FS:2,FT:0,PC:16
0
346
838
1328
1843
2418
2945
3484
4058
4570
5122
5589
6083
6566
6996
7569
7617
0
TO:V,FS:2,FT:1,PC:16
0
346
797
1310
1803
2383
2935
3470
4021
4535
5122
5589
6043
6523
6996
7569
7617
0
TO:V,FS:2,FT:2,PC:19
0
263
607
1061
1466
1896
2383
2820
3279
3751
4191
4629
5115
5559
5974
6343
6761
7144
7587
7617
0
TO:V,FS:2,FT:3,PC:16
0
346
797
1271
1722
2318
2781
3321
3875
4417
4926
5424
5884
6343
6839
7303
7617
0
TO:V,FS:2,FT:4,PC:17
0
318
751
1226
1685
2214
2649
3168
3656
4146
4593
5082
5528
5984
6377
6839
7283
7617
0
TO:V,FS:2,FT:5,PC:16
0
379
873
1369
1884
2458
2980
3484
4058
4570
5122
5589
6083
6558
6996
7569
7617
0
