How to win Friends and Influence People
LH:344017,BH:5442,MH:445777
TO:V,FS:0,FT:0,PC:8
0
535
1176
1959
2789
3660
4440
5321
5442
0
TO:V,FS:0,FT:1,PC:8
0
480
1153
1906
2736
3611
4389
5266
5442
0
TO:V,FS:0,FT:2,PC:9
0
424
992
1686
2365
3039
3758
4487
5214
5442
0
TO:V,FS:0,FT:3,PC:8
0
480
1156
1906
2736
3611
4389
5276
5442
0
TO:V,FS:0,FT:4,PC:8
0
450
1047
1708
2491
3253
3918
4656
5442
0
TO:V,FS:0,FT:5,PC:8
0
480
1144
1860
2683
3503
4367
5163
5442
0
TO:V,FS:1,FT:0,PC:9
0
366
893
1551
2118
2818
3452
4089
4780
5442
0
TO:V,FS:1,FT:1,PC:10
0
366
893
1551
2072
2730
3392
4006
4645
5393
5442
0
TO:V,FS:1,FT:2,PC:11
0
275
764
1176
1708
2281
2801
3346
3877
4389
4972
5442
0
TO:V,FS:1,FT:3,PC:10
0
321
860
1458
1994
2683
3305
3918
4569
5210
5442
0
TO:V,FS:1,FT:4,PC:11
0
315
804
1253
1748
2318
2867
3424
3918
4471
5068
5442
0
TO:V,FS:1,FT:5,PC:10
0
321
860
1495
2029
2683
3346
3961
4606
5346
5442
0
TO:V,FS:2,FT:0,PC:12
0
275
722
1176
1686
2130
2683
3244
3707
4196
4721
5279
5442
0
TO:V,FS:2,FT:1,PC:12
0
275
722
1176
1686
2130
2653
3164
3670
4112
4645
5203
5442
0
TO:V,FS:2,FT:2,PC:14
0
190
589
893
1282
1686
2029
2515
2942
3380
3823
4224
4645
5163
5442
0
TO:V,FS:2,FT:3,PC:12
0
275
722
1163
1626
2029
2571
3064
3533
4026
4510
5026
5442
0
TO:V,FS:2,FT:4,PC:13
0
262
685
1031
1487
1906
2399
2854
3305
3734
4224
4668
5163
5442
0
TO:V,FS:2,FT:5,PC:12
0
275
722
1176
1686
2094
2648
3164
3670
4112
4645
5203
5442
0
