How to win Friends and Influence People
LH:350544,BH:10376,MH:445777
TO:V,FS:0,FT:0,PC:13
0
597
1496
2334
3314
4074
4938
5748
6591
7533
8434
9181
9988
10376
0
TO:V,FS:0,FT:1,PC:13
0
607
1496
2334
3314
4074
4938
5748
6591
7533
8488
9235
10093
10376
0
TO:V,FS:0,FT:2,PC:15
0
438
1209
2022
2818
3598
4236
4986
5748
6481
7154
7880
8625
9276
9992
10376
0
TO:V,FS:0,FT:3,PC:13
0
607
1508
2445
3446
4243
5099
5967
6810
7696
8633
9387
10256
10376
0
TO:V,FS:0,FT:4,PC:14
0
524
1345
2159
3004
3766
4437
5175
5967
6634
7457
8219
8959
9663
10376
0
TO:V,FS:0,FT:5,PC:13
0
591
1487
2268
3260
4018
4869
5713
6541
7409
8219
9025
9828
10376
0
TO:V,FS:1,FT:0,PC:16
0
431
1130
1879
2586
3304
3907
4526
5133
5830
6481
7091
7783
8488
9072
9711
10376
0
TO:V,FS:1,FT:1,PC:16
0
431
1091
1847
2497
3260
3864
4484
5133
5830
6436
7002
7696
8448
9025
9663
10376
0
TO:V,FS:1,FT:2,PC:19
0
367
906
1496
2066
2667
3260
3828
4311
4856
5387
5958
6470
7002
7621
8219
8746
9276
9840
10376
0
TO:V,FS:1,FT:3,PC:17
0
385
1059
1799
2452
3238
3845
4410
4986
5686
6293
6855
7533
8219
8824
9462
10121
10376
0
TO:V,FS:1,FT:4,PC:19
0
385
954
1569
2173
2830
3446
3919
4509
5060
5626
6183
6751
7317
7880
8494
8980
9502
10126
10376
0
TO:V,FS:1,FT:5,PC:16
0
431
1130
1879
2564
3260
3864
4473
5133
5791
6436
7050
7739
8434
9025
9663
10376
0
TO:V,FS:2,FT:0,PC:20
0
345
855
1411
1995
2519
3144
3620
4118
4651
5133
5700
6200
6695
7236
7773
8327
8824
9311
9819
10376
0
TO:V,FS:2,FT:1,PC:21
0
351
894
1420
1995
2479
3104
3608
3998
4544
5060
5583
6105
6591
7124
7696
8259
8775
9247
9744
10315
10376
0
TO:V,FS:2,FT:2,PC:25
0
267
715
1135
1603
2057
2497
2980
3446
3864
4262
4722
5115
5536
5985
6436
6847
7279
7696
8186
8595
8997
9413
9815
10270
10376
0
TO:V,FS:2,FT:3,PC:21
0
356
855
1380
1939
2460
3045
3530
3919
4437
4963
5464
5949
6436
6931
7481
7964
8494
8890
9354
9866
10376
0
TO:V,FS:2,FT:4,PC:23
0
307
738
1228
1734
2173
2732
3260
3723
4183
4675
5115
5568
6009
6503
6954
7427
7893
8350
8792
9231
9663
10200
10376
0
TO:V,FS:2,FT:5,PC:21
0
385
918
1526
2057
2634
3232
3695
4183
4722
5171
5733
6233
6695
7236
7769
8327
8809
9276
9784
10349
10376
0
