How to win Friends and Influence People
LH:361005,BH:6972,MH:445777
TO:V,FS:0,FT:0,PC:9
0
650
1491
2347
3240
4137
5009
5859
6850
6972
0
TO:V,FS:0,FT:1,PC:9
0
650
1491
2347
3245
4142
5009
5919
6913
6972
0
TO:V,FS:0,FT:2,PC:10
0
514
1261
1957
2707
3381
4207
4958
5739
6483
6972
0
TO:V,FS:0,FT:3,PC:8
0
668
1491
2406
3302
4257
5064
6040
6972
0
TO:V,FS:0,FT:4,PC:10
0
572
1349
2091
2873
3695
4474
5225
6040
6913
6972
0
TO:V,FS:0,FT:5,PC:9
0
625
1469
2229
3138
4030
4917
5765
6750
6972
0
TO:V,FS:1,FT:0,PC:11
0
468
1206
1874
2506
3215
3888
4608
5274
5944
6718
6972
0
TO:V,FS:1,FT:1,PC:11
0
468
1206
1880
2506
3225
3888
4608
5274
5944
6718
6972
0
TO:V,FS:1,FT:2,PC:13
0
353
934
1491
2037
2584
3138
3710
4371
4920
5457
6055
6686
6972
0
TO:V,FS:1,FT:3,PC:11
0
421
1133
1745
2401
3112
3710
4433
5055
5765
6483
6972
0
TO:V,FS:1,FT:4,PC:13
0
421
990
1533
2076
2611
3178
3749
4417
4943
5499
6105
6729
6972
0
TO:V,FS:1,FT:5,PC:11
0
468
1165
1789
2493
3138
3800
4515
5179
5805
6534
6972
0
TO:V,FS:2,FT:0,PC:14
0
330
876
1446
1940
2441
2943
3495
4054
4622
5124
5688
6263
6840
6972
0
TO:V,FS:2,FT:1,PC:14
0
341
876
1446
1906
2406
2909
3460
4019
4580
5087
5650
6190
6767
6972
0
TO:V,FS:2,FT:2,PC:17
0
249
694
1182
1593
1993
2456
2873
3321
3710
4220
4682
5148
5592
6040
6483
6952
6972
0
TO:V,FS:2,FT:3,PC:14
0
348
876
1417
1910
2377
2873
3381
3915
4474
4993
5457
6001
6568
6972
0
TO:V,FS:2,FT:4,PC:15
0
301
789
1281
1745
2200
2716
3171
3641
4146
4629
5082
5583
6055
6557
6972
0
TO:V,FS:2,FT:5,PC:14
0
365
912
1460
1957
2506
3064
3566
4122
4646
5160
5714
6263
6840
6972
0
