How to win Friends and Influence People
LH:368067,BH:8337,MH:445777
TO:V,FS:0,FT:0,PC:10
0
736
1616
2500
3334
4255
5058
5962
6777
7647
8337
0
TO:V,FS:0,FT:1,PC:11
0
688
1595
2475
3230
4153
5006
5912
6763
7543
8294
8337
0
TO:V,FS:0,FT:2,PC:12
0
507
1271
2023
2762
3413
4246
4973
5659
6394
7105
7825
8337
0
TO:V,FS:0,FT:3,PC:11
0
697
1616
2500
3281
4205
5006
5886
6653
7492
8294
8337
0
TO:V,FS:0,FT:4,PC:12
0
564
1338
2088
2895
3642
4478
5116
5946
6639
7392
8144
8337
0
TO:V,FS:0,FT:5,PC:11
0
670
1531
2403
3181
4114
4884
5659
6494
7342
8144
8337
0
TO:V,FS:1,FT:0,PC:13
0
457
1118
1781
2500
3181
3949
4679
5247
5962
6580
7278
7943
8337
0
TO:V,FS:1,FT:1,PC:14
0
457
1158
1826
2500
3132
3832
4502
5095
5719
6334
7004
7655
8278
8337
0
TO:V,FS:1,FT:2,PC:16
0
343
931
1549
2082
2676
3181
3774
4395
4922
5427
5998
6536
7096
7707
8228
8337
0
TO:V,FS:1,FT:3,PC:13
0
424
1118
1781
2500
3132
3832
4566
5116
5856
6479
7101
7774
8337
0
TO:V,FS:1,FT:4,PC:15
0
424
1005
1616
2198
2813
3334
3945
4583
5040
5608
6185
6763
7307
7855
8337
0
TO:V,FS:1,FT:5,PC:13
0
457
1118
1781
2500
3132
3852
4538
5116
5832
6475
7057
7774
8337
0
TO:V,FS:2,FT:0,PC:16
0
332
887
1468
2007
2537
3075
3594
4153
4712
5153
5719
6247
6777
7342
7896
8337
0
TO:V,FS:2,FT:1,PC:17
0
339
887
1468
2016
2537
3038
3519
4108
4650
5040
5527
6037
6536
7057
7569
8063
8337
0
TO:V,FS:2,FT:2,PC:20
0
245
747
1158
1616
2041
2500
2949
3363
3869
4326
4747
5116
5556
6033
6494
6962
7342
7814
8217
8337
0
TO:V,FS:2,FT:3,PC:17
0
343
887
1443
1973
2500
3002
3482
4071
4623
5006
5493
5998
6494
7014
7500
7983
8337
0
TO:V,FS:2,FT:4,PC:19
0
295
822
1283
1781
2284
2772
3166
3607
4153
4650
5040
5438
5932
6343
6777
7249
7747
8183
8337
0
TO:V,FS:2,FT:5,PC:16
0
370
922
1449
1973
2500
3038
3553
4153
4712
5153
5706
6247
6777
7342
7889
8337
0
