How to win Friends and Influence People
LH:380639,BH:6199,MH:445777
TO:V,FS:0,FT:0,PC:8
0
633
1475
2302
3201
4084
4989
5807
6199
0
TO:V,FS:0,FT:1,PC:8
0
605
1420
2302
3259
4197
5095
5908
6199
0
TO:V,FS:0,FT:2,PC:9
0
540
1172
1856
2609
3319
4110
4886
5627
6199
0
TO:V,FS:0,FT:3,PC:8
0
633
1475
2302
3259
4197
5104
5983
6199
0
TO:V,FS:0,FT:4,PC:9
0
605
1335
2079
2915
3745
4540
5304
6130
6199
0
TO:V,FS:0,FT:5,PC:8
0
605
1420
2280
3150
4034
4941
5759
6199
0
TO:V,FS:1,FT:0,PC:10
0
485
1119
1795
2481
3150
3877
4605
5301
5986
6199
0
TO:V,FS:1,FT:1,PC:10
0
485
1071
1706
2386
3134
3809
4425
5188
5807
6199
0
TO:V,FS:1,FT:2,PC:11
0
396
916
1458
2079
2672
3235
3859
4409
5035
5627
6199
0
TO:V,FS:1,FT:3,PC:10
0
502
1076
1706
2386
3090
3745
4390
5095
5759
6199
0
TO:V,FS:1,FT:4,PC:12
0
403
872
1420
2001
2589
3193
3818
4354
4979
5567
6100
6199
0
TO:V,FS:1,FT:5,PC:10
0
485
1110
1706
2386
3134
3796
4468
5212
5892
6199
0
TO:V,FS:2,FT:0,PC:13
0
329
792
1372
1846
2386
2956
3465
4034
4585
5157
5670
6155
6199
0
TO:V,FS:2,FT:1,PC:13
0
329
792
1331
1816
2345
2915
3438
3997
4511
5088
5627
6155
6199
0
TO:V,FS:2,FT:2,PC:15
0
229
633
1076
1496
1952
2372
2881
3297
3734
4147
4605
5069
5535
5935
6199
0
TO:V,FS:2,FT:3,PC:13
0
341
792
1331
1830
2302
2915
3427
3958
4490
5023
5579
6064
6199
0
TO:V,FS:2,FT:4,PC:14
0
294
736
1231
1693
2152
2685
3150
3649
4147
4640
5110
5571
6003
6199
0
TO:V,FS:2,FT:5,PC:13
0
333
792
1372
1846
2336
2915
3387
3958
4507
5084
5627
6155
6199
0
