How to win Friends and Influence People
LH:386912,BH:9207,MH:445777
TO:V,FS:0,FT:0,PC:11
0
588
1401
2263
3274
4114
5007
5995
6902
7773
8492
9207
0
TO:V,FS:0,FT:1,PC:11
0
536
1401
2315
3295
4216
5117
6099
6982
7872
8596
9207
0
TO:V,FS:0,FT:2,PC:13
0
489
1260
2016
2860
3646
4392
5139
6036
6732
7487
8152
8836
9207
0
TO:V,FS:0,FT:3,PC:11
0
542
1401
2325
3295
4228
5139
6141
7042
7925
8716
9207
0
TO:V,FS:0,FT:4,PC:12
0
489
1304
2052
2982
3692
4531
5333
6186
6982
7773
8492
9207
0
TO:V,FS:0,FT:5,PC:11
0
536
1401
2257
3218
4114
4982
5983
6902
7773
8492
9207
0
TO:V,FS:1,FT:0,PC:14
0
395
1092
1695
2405
3189
3865
4522
5230
6036
6719
7374
8017
8662
9207
0
TO:V,FS:1,FT:1,PC:14
0
395
1045
1650
2357
3143
3824
4531
5233
6059
6764
7464
8103
8788
9207
0
TO:V,FS:1,FT:2,PC:17
0
358
857
1441
2052
2719
3295
3901
4481
5065
5683
6307
6871
7416
7968
8492
9077
9207
0
TO:V,FS:1,FT:3,PC:14
0
395
1092
1695
2379
3100
3735
4443
5139
5928
6589
7287
7925
8537
9207
0
TO:V,FS:1,FT:4,PC:17
0
395
940
1521
2052
2713
3295
3925
4505
5126
5731
6344
6939
7492
8046
8568
9151
9207
0
TO:V,FS:1,FT:5,PC:14
0
395
1089
1695
2405
3138
3824
4481
5139
5944
6628
7287
7925
8533
9207
0
TO:V,FS:2,FT:0,PC:18
0
336
804
1401
1940
2513
3081
3642
4156
4735
5294
5928
6478
7023
7560
8074
8530
9077
9207
0
TO:V,FS:2,FT:1,PC:18
0
336
804
1401
1946
2513
3081
3658
4193
4735
5294
5928
6498
7023
7560
8074
8568
9077
9207
0
TO:V,FS:2,FT:2,PC:21
0
246
624
1078
1473
1935
2387
2881
3295
3764
4216
4662
5139
5648
6141
6589
7053
7497
7925
8331
8788
9207
0
TO:V,FS:2,FT:3,PC:18
0
340
804
1375
1850
2357
2963
3467
4018
4522
5062
5610
6183
6711
7238
7773
8265
8776
9207
0
TO:V,FS:2,FT:4,PC:20
0
299
752
1229
1714
2193
2738
3242
3692
4216
4688
5139
5696
6214
6724
7213
7676
8103
8526
9028
9207
0
TO:V,FS:2,FT:5,PC:18
0
369
804
1401
1935
2473
3043
3598
4114
4654
5177
5790
6365
6883
7364
7925
8444
8939
9207
0
