How to win Friends and Influence People
LH:396283,BH:7869,MH:445777
TO:V,FS:0,FT:0,PC:10
0
648
1548
2386
3203
3994
4888
5695
6617
7571
7869
0
TO:V,FS:0,FT:1,PC:10
0
594
1504
2386
3203
4004
4892
5695
6622
7635
7869
0
TO:V,FS:0,FT:2,PC:11
0
539
1329
1968
2725
3535
4239
4921
5622
6345
7145
7869
0
TO:V,FS:0,FT:3,PC:9
0
594
1504
2422
3385
4218
5067
5967
6905
7869
0
TO:V,FS:0,FT:4,PC:11
0
539
1348
2154
2838
3717
4495
5238
6019
6841
7683
7869
0
TO:V,FS:0,FT:5,PC:10
0
594
1500
2325
3149
3942
4779
5580
6455
7404
7869
0
TO:V,FS:1,FT:0,PC:12
0
505
1177
1824
2505
3189
3851
4534
5166
5780
6432
7183
7869
0
TO:V,FS:1,FT:1,PC:12
0
514
1181
1824
2552
3251
3892
4623
5238
5922
6568
7311
7869
0
TO:V,FS:1,FT:2,PC:14
0
371
1006
1588
2116
2678
3290
3851
4426
4970
5473
6122
6684
7311
7869
0
TO:V,FS:1,FT:3,PC:13
0
514
1181
1824
2466
3123
3806
4495
5166
5735
6432
7141
7837
7869
0
TO:V,FS:1,FT:4,PC:14
0
434
1029
1576
2140
2678
3306
3847
4420
4966
5463
6096
6656
7283
7869
0
TO:V,FS:1,FT:5,PC:12
0
488
1177
1824
2505
3189
3851
4534
5106
5735
6387
7141
7869
0
TO:V,FS:2,FT:0,PC:15
0
356
920
1421
1945
2496
3031
3578
4076
4636
5149
5658
6211
6745
7318
7869
0
TO:V,FS:2,FT:1,PC:16
0
356
920
1421
1945
2496
3031
3578
4089
4636
5149
5663
6211
6723
7283
7834
7869
0
TO:V,FS:2,FT:2,PC:19
0
258
721
1165
1602
2041
2460
2873
3379
3802
4264
4700
5106
5523
5987
6418
6918
7374
7825
7869
0
TO:V,FS:2,FT:3,PC:16
0
356
893
1389
1862
2422
2910
3492
3977
4502
4966
5389
5945
6418
7027
7548
7869
0
TO:V,FS:2,FT:4,PC:17
0
319
798
1308
1773
2250
2678
3169
3668
4126
4636
5097
5574
6054
6474
7008
7476
7869
0
TO:V,FS:2,FT:5,PC:15
0
380
947
1450
1985
2496
3031
3578
4076
4636
5149
5650
6211
6745
7307
7869
0
