How to win Friends and Influence People
LH:404249,BH:7608,MH:445777
TO:V,FS:0,FT:0,PC:9
0
580
1508
2432
3302
4032
4939
5922
6890
7608
0
TO:V,FS:0,FT:1,PC:9
0
634
1563
2487
3311
4133
5037
6026
7011
7608
0
TO:V,FS:0,FT:2,PC:11
0
511
1311
2103
2844
3469
4166
4983
5807
6619
7456
7608
0
TO:V,FS:0,FT:3,PC:9
0
638
1563
2487
3311
4166
5152
6194
7117
7608
0
TO:V,FS:0,FT:4,PC:10
0
580
1450
2238
2928
3643
4358
5208
6070
6890
7608
0
TO:V,FS:0,FT:5,PC:9
0
580
1508
2432
3302
4032
4939
5914
6890
7608
0
TO:V,FS:1,FT:0,PC:12
0
460
1190
1864
2522
3144
3750
4387
5152
5914
6660
7410
7608
0
TO:V,FS:1,FT:1,PC:12
0
471
1144
1777
2432
3105
3662
4248
5017
5789
6529
7270
7608
0
TO:V,FS:1,FT:2,PC:14
0
354
1006
1549
2188
2770
3311
3873
4418
5013
5607
6253
6833
7463
7608
0
TO:V,FS:1,FT:3,PC:12
0
440
1179
1838
2478
3113
3662
4306
5017
5747
6446
7151
7608
0
TO:V,FS:1,FT:4,PC:14
0
417
998
1549
2175
2722
3311
3854
4405
5037
5648
6266
6920
7524
7608
0
TO:V,FS:1,FT:5,PC:12
0
460
1184
1864
2522
3144
3750
4378
5100
5817
6521
7270
7608
0
TO:V,FS:2,FT:0,PC:15
0
332
889
1464
2016
2590
3113
3601
4087
4682
5236
5807
6345
6956
7514
7608
0
TO:V,FS:2,FT:1,PC:15
0
332
889
1426
1979
2478
3034
3537
4013
4565
5121
5687
6266
6883
7402
7608
0
TO:V,FS:2,FT:2,PC:18
0
248
717
1213
1623
2091
2543
2946
3351
3766
4166
4676
5138
5607
6107
6529
7011
7510
7608
0
TO:V,FS:2,FT:3,PC:15
0
345
893
1426
1949
2432
2923
3376
3901
4405
4961
5558
6137
6653
7175
7608
0
TO:V,FS:2,FT:4,PC:16
0
307
819
1311
1777
2287
2745
3211
3662
4133
4643
5160
5677
6210
6702
7214
7608
0
TO:V,FS:2,FT:5,PC:15
0
332
859
1426
1973
2478
2988
3448
3980
4558
5107
5682
6266
6833
7395
7608
0
