How To Win Friends And Influence People
LH:404574,BH:7608,MH:446102
TO:V,FS:0,FT:0,PC:7
0
1052
2315
3435
4759
6088
7487
7608
0
TO:V,FS:0,FT:1,PC:7
0
1058
2323
3376
4651
6030
7365
7608
0
TO:V,FS:0,FT:2,PC:8
0
802
1907
2896
3878
4939
6174
7280
7608
0
TO:V,FS:0,FT:3,PC:7
0
1012
2323
3376
4721
6107
7448
7608
0
TO:V,FS:0,FT:4,PC:7
0
889
2016
3144
4133
5295
6469
7608
0
TO:V,FS:0,FT:5,PC:7
0
991
2192
3311
4524
5780
7071
7608
0
TO:V,FS:1,FT:0,PC:9
0
785
1777
2692
3521
4427
5494
6469
7514
7608
0
TO:V,FS:1,FT:1,PC:9
0
739
1723
2692
3528
4427
5494
6469
7530
7608
0
TO:V,FS:1,FT:2,PC:10
0
580
1454
2244
3022
3662
4504
5368
6266
7151
7608
0
TO:V,FS:1,FT:3,PC:8
0
739
1777
2745
3579
4540
5607
6683
7608
0
TO:V,FS:1,FT:4,PC:10
0
580
1478
2327
3105
3830
4658
5607
6529
7459
7608
0
TO:V,FS:1,FT:5,PC:9
0
730
1714
2641
3469
4365
5384
6321
7365
7608
0
TO:V,FS:2,FT:0,PC:11
0
554
1311
2059
2829
3458
4166
5017
5867
6702
7549
7608
0
TO:V,FS:2,FT:1,PC:11
0
561
1311
2059
2783
3423
4157
4885
5744
6529
7365
7608
0
TO:V,FS:2,FT:2,PC:13
0
445
1128
1723
2393
2966
3501
4106
4746
5380
6013
6624
7299
7608
0
TO:V,FS:2,FT:3,PC:11
0
538
1311
2059
2783
3376
4069
4885
5700
6487
7291
7608
0
TO:V,FS:2,FT:4,PC:12
0
490
1149
1777
2432
3073
3662
4288
4997
5687
6382
7051
7608
0
TO:V,FS:2,FT:5,PC:11
0
554
1311
2059
2829
3417
4157
4885
5690
6477
7316
7608
0
