How to win Friends and Influence People
LH:411956,BH:8716,MH:445777
TO:V,FS:0,FT:0,PC:8
0
800
1937
3152
4409
5634
6721
7875
8716
0
TO:V,FS:0,FT:1,PC:8
0
800
1937
3152
4409
5643
6744
7933
8716
0
TO:V,FS:0,FT:2,PC:10
0
663
1495
2489
3519
4602
5556
6453
7339
8320
8716
0
TO:V,FS:0,FT:3,PC:8
0
800
1887
3158
4422
5643
6728
7827
8716
0
TO:V,FS:0,FT:4,PC:9
0
762
1688
2861
3987
5182
6280
7109
8215
8716
0
TO:V,FS:0,FT:5,PC:9
0
787
1708
2918
4100
5346
6453
7536
8632
8716
0
TO:V,FS:1,FT:0,PC:11
0
594
1332
2178
3110
3987
4860
5704
6533
7297
8190
8716
0
TO:V,FS:1,FT:1,PC:11
0
554
1332
2230
3161
4026
4963
5850
6654
7449
8263
8716
0
TO:V,FS:1,FT:2,PC:13
0
450
1182
1810
2568
3268
4072
4854
5613
6326
6962
7766
8534
8716
0
TO:V,FS:1,FT:3,PC:11
0
554
1332
2230
3165
4038
4963
5850
6654
7462
8366
8716
0
TO:V,FS:1,FT:4,PC:12
0
497
1200
1952
2771
3519
4338
5149
5887
6609
7313
8099
8716
0
TO:V,FS:1,FT:5,PC:11
0
594
1332
2178
3062
3969
4764
5634
6453
7203
8086
8716
0
TO:V,FS:2,FT:0,PC:14
0
450
1069
1700
2378
3074
3763
4459
5155
5785
6453
7008
7766
8470
8716
0
TO:V,FS:2,FT:1,PC:14
0
450
1069
1700
2420
3123
3817
4551
5246
5871
6529
7085
7809
8513
8716
0
TO:V,FS:2,FT:2,PC:17
0
347
838
1332
1907
2470
3033
3614
4222
4783
5346
5900
6453
6949
7516
8124
8632
8716
0
TO:V,FS:2,FT:3,PC:14
0
450
1031
1617
2292
2961
3657
4338
5014
5693
6326
6878
7516
8181
8716
0
TO:V,FS:2,FT:4,PC:16
0
388
950
1482
2086
2702
3257
3918
4547
5124
5704
6326
6824
7411
8026
8584
8716
0
TO:V,FS:2,FT:5,PC:14
0
426
987
1617
2292
2961
3623
4328
5033
5704
6406
6949
7636
8301
8716
0
