How to win Friends and Influence People
LH:421669,BH:22334,MH:445777
TO:V,FS:0,FT:0,PC:27
0
717
1409
2058
2909
3704
4537
5368
6229
7060
7991
8852
9659
10567
11475
12294
13150
14005
14915
15746
16791
17691
18522
19470
20375
21292
22074
22334
0
TO:V,FS:0,FT:1,PC:27
0
666
1358
2010
2858
3704
4542
5368
6229
7060
7991
8852
9708
10611
11524
12341
13198
14058
14967
15795
16849
17744
18575
19521
20434
21327
22241
22334
0
TO:V,FS:0,FT:2,PC:31
0
531
1141
1788
2436
3067
3754
4435
5162
5870
6599
7284
8088
8852
9557
10348
11081
11855
12589
13359
14181
14915
15670
16466
17276
18024
18769
19502
20321
21060
21704
22334
0
TO:V,FS:0,FT:3,PC:26
0
670
1366
2018
2916
3759
4594
5481
6308
7220
8159
9013
9799
10724
11678
12544
13428
14377
15312
16240
17245
18114
19047
20008
20918
21768
22334
0
TO:V,FS:0,FT:4,PC:30
0
531
1198
1881
2693
3440
4106
4825
5561
6308
7101
7929
8636
9428
10143
10982
11811
12577
13261
14100
14915
15693
16616
17430
18255
19022
19845
20687
21422
22202
22334
0
TO:V,FS:0,FT:5,PC:27
0
649
1358
2010
2858
3704
4486
5313
6175
7004
7957
8809
9557
10456
11337
12187
13042
13899
14838
15674
16594
17480
18349
19245
20086
20918
21711
22334
0
TO:V,FS:1,FT:0,PC:34
0
429
1047
1596
2227
2858
3579
4172
4771
5472
6122
6870
7557
8290
8993
9599
10281
10939
11672
12368
12963
13688
14443
15178
15817
16602
17316
17972
18645
19308
20070
20762
21413
22107
22334
0
TO:V,FS:1,FT:1,PC:35
0
429
1047
1596
2227
2858
3535
4091
4640
5335
5984
6669
7284
8033
8718
9417
10023
10703
11376
12040
12636
13300
14005
14748
15401
16058
16864
17467
18114
18868
19534
20301
20918
21581
22310
22334
0
TO:V,FS:1,FT:2,PC:40
0
344
886
1366
1881
2474
2982
3579
4072
4594
5162
5717
6308
6912
7505
8119
8662
9195
9746
10348
10939
11607
12145
12681
13212
13814
14439
15028
15620
16247
16912
17430
18038
18598
19222
19845
20446
21000
21540
22126
22334
0
TO:V,FS:1,FT:3,PC:35
0
392
957
1537
2047
2743
3346
3869
4523
5162
5808
6493
7137
7851
8477
9071
9746
10463
11111
11811
12427
13064
13688
14406
15160
15738
16526
17227
17927
18601
19299
19938
20640
21281
21887
22334
0
TO:V,FS:1,FT:4,PC:40
0
384
926
1439
1881
2474
2976
3535
4023
4594
5162
5757
6308
6950
7493
8106
8662
9229
9746
10379
10939
11592
12152
12674
13212
13808
14415
15028
15620
16247
16889
17430
18038
18593
19185
19828
20403
20918
21516
22074
22334
0
TO:V,FS:1,FT:5,PC:34
0
429
1042
1596
2220
2858
3535
4130
4726
5423
6110
6741
7380
8074
8758
9417
10011
10703
11422
12084
12681
13344
14043
14787
15445
16120
16905
17559
18197
18885
19617
20321
21009
21658
22334
0
TO:V,FS:2,FT:0,PC:43
0
344
886
1358
1803
2324
2814
3339
3820
4328
4858
5394
5941
6472
7004
7571
8142
8651
9189
9699
10212
10781
11363
11889
12427
12935
13480
14043
14595
15146
15658
16247
16849
17395
17927
18472
19032
19627
20187
20715
21260
21734
22310
22334
0
TO:V,FS:2,FT:1,PC:43
0
344
886
1358
1803
2324
2814
3305
3781
4266
4782
5313
5802
6308
6912
7410
7991
8497
9071
9599
10138
10703
11250
11811
12341
12825
13359
13889
14451
15028
15546
16047
16676
17209
17780
18304
18871
19390
19963
20506
20996
21540
22115
22334
0
TO:V,FS:2,FT:2,PC:52
0
276
720
1091
1447
1840
2205
2637
3046
3505
3869
4326
4726
5162
5599
6040
6452
6909
7325
7834
8290
8749
9143
9557
9989
10456
10917
11370
11795
12187
12589
13030
13490
13936
14415
14915
15387
15806
16305
16814
17276
17744
18149
18610
19063
19530
19983
20434
20897
21327
21768
22260
22334
0
TO:V,FS:2,FT:3,PC:44
0
344
886
1324
1803
2312
2814
3324
3743
4226
4712
5199
5717
6283
6836
7284
7883
8367
8852
9402
9831
10382
10907
11453
11931
12427
12895
13452
14011
14538
15072
15587
16087
16691
17250
17780
18271
18830
19308
19845
20407
20918
21482
21967
22334
0
TO:V,FS:2,FT:4,PC:48
0
344
863
1198
1656
2028
2538
2924
3445
3832
4288
4721
5162
5664
6122
6610
7041
7531
8027
8497
8988
9428
9882
10369
10877
11385
11811
12283
12759
13212
13718
14256
14756
15256
15693
16240
16774
17271
17758
18207
18670
19170
19687
20171
20640
21088
21540
22037
22334
0
TO:V,FS:2,FT:5,PC:44
0
344
886
1358
1803
2251
2790
3264
3704
4185
4707
5235
5757
6273
6827
7284
7891
8406
8896
9428
9904
10442
10939
11524
12040
12538
13048
13580
14119
14673
15216
15693
16277
16872
17430
17997
18508
19067
19614
20187
20715
21260
21730
22310
22334
0
