How To Win Friends And Influence People
LH:421994,BH:22334,MH:446102
TO:V,FS:0,FT:0,PC:19
0
946
1938
3067
4245
5451
6727
7991
9249
10519
11811
12969
14267
15620
17044
18235
19614
20918
22249
22334
0
TO:V,FS:0,FT:1,PC:19
0
946
1941
3067
4185
5394
6610
7891
9071
10339
11629
12770
14051
15312
16643
17927
19249
20545
21720
22334
0
TO:V,FS:0,FT:2,PC:22
0
843
1556
2554
3535
4491
5561
6582
7621
8666
9608
10662
11795
12750
13803
14915
15966
17189
18226
19308
20434
21482
22334
0
TO:V,FS:0,FT:3,PC:19
0
886
1881
3039
4185
5339
6554
7788
8979
10159
11538
12653
13936
15296
16543
17927
19249
20571
21658
22334
0
TO:V,FS:0,FT:4,PC:22
0
863
1710
2711
3704
4738
5771
6870
7991
9071
10097
11263
12341
13368
14525
15620
16845
17927
19032
20209
21292
22310
22334
0
TO:V,FS:0,FT:5,PC:20
0
886
1862
2858
3983
5114
6293
7414
8609
9731
10939
12187
13321
14605
15693
17132
18346
19546
20773
21954
22334
0
TO:V,FS:1,FT:0,PC:25
0
787
1493
2299
3067
3969
4891
5717
6716
7645
8546
9480
10404
11376
12278
13212
14234
15221
16138
17187
18114
19032
19993
20918
21807
22334
0
TO:V,FS:1,FT:1,PC:25
0
747
1447
2251
3067
3920
4837
5717
6716
7645
8546
9480
10404
11385
12294
13212
14256
15221
16138
17187
18114
19087
20086
21023
21912
22334
0
TO:V,FS:1,FT:2,PC:29
0
582
1198
1881
2702
3462
4106
4829
5609
6356
7196
8038
8852
9608
10428
11263
12084
12770
13602
14406
15312
16127
17084
17895
18656
19502
20321
21146
21887
22334
0
TO:V,FS:1,FT:3,PC:24
0
767
1493
2319
3171
4080
4993
5939
6870
7858
8827
9708
10662
11733
12589
13570
14580
15587
16583
17591
18522
19574
20583
21540
22334
0
TO:V,FS:1,FT:4,PC:28
0
607
1290
1961
2814
3591
4359
5162
6030
6870
7737
8546
9417
10143
10982
11855
12636
13468
14356
15279
16105
17080
17911
18685
19534
20413
21265
22062
22334
0
TO:V,FS:1,FT:5,PC:25
0
731
1447
2251
3067
3920
4829
5717
6652
7546
8485
9374
10246
11184
12167
12994
13936
14915
15838
16924
17884
18769
19704
20671
21540
22334
0
TO:V,FS:2,FT:0,PC:31
0
558
1198
1881
2644
3395
4049
4729
5517
6213
7004
7811
8546
9327
10011
10791
11596
12321
13006
13780
14620
15401
16169
17029
17768
18472
19280
20070
20854
21540
22310
22334
0
TO:V,FS:2,FT:1,PC:31
0
558
1198
1881
2644
3346
3963
4594
5378
6110
6870
7657
8422
9164
9840
10662
11422
12171
12784
13615
14356
15143
15830
16691
17430
18159
18931
19764
20545
21269
21975
22334
0
TO:V,FS:2,FT:2,PC:38
0
429
957
1487
2005
2644
3197
3743
4353
4937
5561
6164
6794
7373
8033
8620
9195
9746
10392
10977
11629
12228
12784
13428
14070
14732
15312
15903
16619
17250
17880
18472
19129
19806
20407
21000
21581
22205
22334
0
TO:V,FS:2,FT:3,PC:31
0
527
1141
1782
2447
3067
3743
4435
5162
5902
6669
7334
8119
8852
9557
10331
11065
11811
12518
13212
14011
14825
15587
16341
17132
17927
18694
19399
20209
20918
21658
22334
0
TO:V,FS:2,FT:4,PC:36
0
455
1030
1556
2147
2790
3386
3908
4552
5162
5832
6472
7124
7798
8447
9071
9705
10379
11016
11712
12341
12935
13596
14267
14953
15620
16328
17037
17668
18304
18923
19627
20321
20918
21540
22226
22334
0
TO:V,FS:2,FT:5,PC:31
0
511
1183
1803
2554
3251
3869
4594
5378
6122
6870
7639
8380
9071
9746
10586
11333
12084
12765
13505
14267
15096
15776
16649
17430
18153
18885
19711
20497
21265
21938
22334
0
