How To Win Friends And Influence People
LH:73458,BH:32338,MH:446102
TO:V,FS:0,FT:0,PC:28
0
784
2021
3308
4555
6007
7120
8348
9563
10726
11998
13201
14423
15701
16872
17935
18991
19971
21403
22584
23872
25188
26553
27712
29019
30101
31037
32246
32338
0
TO:V,FS:0,FT:1,PC:28
0
784
1966
3245
4503
5828
6943
8224
9446
10620
11828
12999
14216
15359
16441
17592
18702
19645
21040
22176
23542
24831
26132
27415
28659
29868
30725
31861
32338
0
TO:V,FS:0,FT:2,PC:33
0
609
1670
2864
3893
4798
6098
7001
8106
9157
10105
11165
12181
13201
14275
15299
16330
17351
18208
19008
19865
21016
22027
23135
24257
25322
26531
27415
28359
29410
30321
31260
32246
32338
0
TO:V,FS:0,FT:3,PC:28
0
784
1970
3245
4503
5843
6943
8203
9345
10499
11737
12952
14216
15359
16441
17592
18702
19600
20746
21916
23244
24575
25761
27118
28344
29484
30465
31596
32338
0
TO:V,FS:0,FT:4,PC:31
0
714
1720
2922
4042
5049
6285
7219
8326
9339
10395
11388
12557
13533
14628
15679
16669
17643
18750
19645
20772
21895
23003
24024
25179
26335
27323
28323
29353
30346
31385
32338
0
TO:V,FS:0,FT:5,PC:29
0
784
1962
3245
4503
5786
6933
8076
9220
10342
11453
12669
13767
14956
16117
17178
18208
19107
20148
21461
22584
23807
25071
26359
27475
28659
29724
30652
31769
32338
0
TO:V,FS:1,FT:0,PC:36
0
609
1514
2522
3504
4475
5396
6429
7162
8192
9068
9878
10721
11643
12607
13477
14380
15299
16252
17108
17901
18750
19600
20484
21450
22275
23296
24283
25229
26226
27118
28020
29019
29880
30622
31596
32338
0
TO:V,FS:1,FT:1,PC:36
0
609
1514
2522
3504
4486
5401
6438
7267
8224
9157
9988
10929
11843
12701
13584
14521
15405
16330
17178
18049
18799
19600
20488
21450
22280
23296
24283
25279
26278
27118
28011
29019
29880
30622
31596
32338
0
TO:V,FS:1,FT:2,PC:42
0
543
1291
2097
2922
3763
4555
5436
6322
6996
7773
8590
9382
10088
10855
11630
12473
13249
14113
14834
15595
16330
17105
17782
18622
19156
19832
20651
21490
22266
23184
23973
24835
25654
26531
27267
28051
28929
29567
30258
30976
31800
32338
0
TO:V,FS:1,FT:3,PC:36
0
593
1412
2471
3451
4438
5372
6438
7272
8224
9157
10041
11045
11965
12870
13741
14677
15574
16481
17427
18316
19008
19803
20772
21735
22691
23686
24709
25746
26720
27537
28516
29410
30269
31135
32120
32338
0
TO:V,FS:1,FT:4,PC:41
0
585
1363
2240
3099
3931
4600
5550
6438
7162
8038
8877
9653
10472
11214
12082
12926
13668
14470
15299
16117
16970
17643
18527
19156
19915
20770
21634
22479
23337
24229
25071
25892
26755
27537
28359
29223
29973
30665
31541
32315
32338
0
TO:V,FS:1,FT:5,PC:37
0
609
1514
2471
3399
4268
5175
6266
6996
7927
8877
9737
10659
11490
12432
13304
14216
15062
16004
16862
17643
18575
19254
20016
21077
21916
22902
23842
24800
25761
26755
27588
28516
29353
30132
30976
31889
32338
0
TO:V,FS:2,FT:0,PC:45
0
543
1291
2021
2813
3566
4224
4907
5812
6553
7259
8038
8862
9487
10267
10974
11696
12497
13201
13973
14677
15405
16159
16926
17574
18301
18969
19600
20275
21129
21837
22610
23378
24186
24978
25746
26553
27167
27906
28670
29353
30042
30708
31494
32189
32338
0
TO:V,FS:2,FT:1,PC:45
0
543
1291
1978
2779
3525
4224
4864
5732
6486
7162
7950
8774
9446
10166
10841
11566
12320
12999
13668
14423
15198
15887
16556
17367
17967
18702
19287
19962
20723
21533
22222
23091
23826
24605
25361
26155
26884
27581
28359
29139
29828
30389
31109
31800
32338
0
TO:V,FS:2,FT:2,PC:55
0
442
1009
1612
2243
2882
3451
4024
4555
5165
5843
6438
6982
7634
8224
8877
9446
10035
10669
11298
11965
12548
13134
13700
14275
14878
15405
16048
16594
17223
17728
18379
18824
19365
19901
20504
21211
21744
22339
23045
23651
24264
24879
25485
26145
26755
27323
27859
28492
29139
29646
30218
30754
31361
31960
32338
0
TO:V,FS:2,FT:3,PC:46
0
505
1195
1852
2652
3439
4211
4864
5732
6488
7162
7913
8687
9377
10035
10757
11475
12229
12986
13580
14327
15062
15801
16508
17279
17918
18663
19156
19785
20548
21403
22099
22906
23658
24395
25114
25857
26658
27393
28097
28830
29401
30086
30714
31463
32189
32338
0
TO:V,FS:2,FT:4,PC:52
0
505
1086
1670
2391
3037
3666
4333
4868
5606
6285
6902
7550
8192
8846
9403
9988
10659
11240
11910
12537
13122
13728
14358
15002
15595
16232
16810
17427
17991
18646
19086
19645
20328
21025
21634
22252
22976
23642
24339
25031
25666
26323
26927
27537
28159
28881
29430
30042
30571
31219
31800
32338
0
TO:V,FS:2,FT:5,PC:45
0
543
1244
1958
2765
3515
4224
4892
5767
6536
7162
7909
8728
9410
10069
10798
11514
12316
13045
13754
14423
15193
15882
16556
17303
17956
18702
19238
19860
20627
21446
22133
22952
23686
24477
25247
25983
26755
27415
28159
28972
29567
30218
30931
31642
32338
0
