How To Win Friends And Influence People
LH:106225,BH:23536,MH:446102
TO:V,FS:0,FT:0,PC:19
0
1029
2216
3430
4706
6035
7430
8807
9903
11381
12651
14046
15414
16523
17758
18928
20287
21572
22818
23536
0
TO:V,FS:0,FT:1,PC:19
0
967
2162
3332
4599
5861
7255
8631
9721
11084
12395
13705
15005
16264
17418
18596
19740
21099
22278
23536
0
TO:V,FS:0,FT:2,PC:23
0
786
1855
2796
3869
4918
6045
7213
8363
9451
10566
11733
12825
13985
15185
16206
17111
18189
19144
20294
21323
22278
23343
23536
0
TO:V,FS:0,FT:3,PC:20
0
967
2162
3398
4599
5861
7203
8584
9668
11034
12276
13644
15033
16206
17296
18475
19678
21041
22237
23470
23536
0
TO:V,FS:0,FT:4,PC:22
0
823
1930
2893
3979
5118
6362
7510
8663
9660
10846
12032
13080
14290
15450
16462
17525
18626
19667
20798
21811
22880
23536
0
TO:V,FS:0,FT:5,PC:20
0
908
2097
3269
4410
5496
6821
8145
9353
10590
11827
13035
14411
15772
16852
18022
19144
20480
21606
22812
23536
0
TO:V,FS:1,FT:0,PC:26
0
662
1628
2503
3402
4293
5222
6252
7238
8193
9204
10097
11128
12131
13025
14092
15107
15999
16852
17774
18673
19604
20530
21427
22278
23227
23536
0
TO:V,FS:1,FT:1,PC:26
0
662
1574
2474
3402
4293
5222
6263
7238
8193
9204
10111
11128
12131
13025
14092
15107
15999
16852
17778
18675
19613
20642
21501
22436
23343
23536
0
TO:V,FS:1,FT:2,PC:30
0
586
1354
2097
2847
3642
4478
5268
6144
7009
7918
8826
9606
10473
11369
12149
12970
13936
14752
15625
16385
17133
17906
18734
19474
20294
21081
21795
22559
23343
23536
0
TO:V,FS:1,FT:3,PC:25
0
662
1628
2538
3430
4398
5391
6468
7446
8399
9353
10318
11424
12382
13344
14411
15504
16385
17225
18209
19087
20109
21090
21998
22979
23536
0
TO:V,FS:1,FT:4,PC:28
0
609
1447
2265
3079
3919
4752
5617
6583
7494
8373
9197
9941
10881
11798
12651
13553
14411
15327
16186
16939
17745
18545
19347
20210
21074
21861
22640
23536
0
TO:V,FS:1,FT:5,PC:26
0
662
1574
2462
3341
4231
5118
6144
7124
8145
9155
10044
11030
12032
12935
13985
15005
15949
16807
17677
18567
19497
20431
21318
22249
23135
23536
0
TO:V,FS:2,FT:0,PC:31
0
563
1310
2052
2796
3563
4341
5103
5834
6663
7494
8280
9084
9737
10546
11369
12137
12911
13729
14499
15327
16077
16814
17525
18340
18993
19678
20553
21251
21998
22727
23536
0
TO:V,FS:2,FT:1,PC:32
0
563
1310
2097
2842
3563
4341
5059
5801
6624
7451
8233
9050
9694
10473
11325
12094
12825
13608
14395
15164
15896
16545
17261
17996
18772
19440
20207
20981
21648
22366
23127
23536
0
TO:V,FS:2,FT:2,PC:39
0
447
1049
1680
2265
2885
3473
4088
4706
5336
5975
6621
7282
7909
8570
9197
9727
10386
11034
11700
12321
12970
13690
14356
14987
15667
16247
16830
17387
17947
18537
19087
19678
20399
20981
21572
22155
22741
23343
23536
0
TO:V,FS:2,FT:3,PC:32
0
517
1310
2052
2769
3473
4243
4925
5667
6487
7282
8100
8868
9548
10263
11058
11827
12641
13337
14165
14962
15710
16385
17086
17850
18591
19280
20000
20781
21453
22178
22920
23536
0
TO:V,FS:2,FT:4,PC:37
0
495
1168
1799
2334
2988
3629
4275
4861
5517
6271
6893
7623
8260
8946
9527
10174
10868
11610
12208
12833
13526
14226
14918
15581
16190
16775
17369
18025
18656
19237
19871
20610
21208
21872
22463
23122
23536
0
TO:V,FS:2,FT:5,PC:32
0
554
1271
1970
2718
3430
4226
4914
5644
6487
7310
8145
8952
9606
10412
11227
12005
12737
13553
14365
15212
15981
16632
17306
18083
18807
19522
20284
21021
21693
22453
23215
23536
0
