How To Win Friends And Influence People
LH:129847,BH:14697,MH:446102
TO:V,FS:0,FT:0,PC:12
0
933
2292
3485
4804
5999
7222
8510
9733
11053
12338
13637
14697
0
TO:V,FS:0,FT:1,PC:13
0
871
2191
3359
4695
5937
7159
8444
9641
10905
12028
13370
14644
14697
0
TO:V,FS:0,FT:2,PC:14
0
755
1835
2945
3982
5172
6267
7217
8254
9277
10412
11431
12562
13694
14697
0
TO:V,FS:0,FT:3,PC:13
0
871
2222
3424
4757
5937
7105
8385
9592
10788
11912
13260
14546
14697
0
TO:V,FS:0,FT:4,PC:14
0
848
1978
3099
4179
5272
6386
7390
8444
9568
10646
11663
12908
13905
14697
0
TO:V,FS:0,FT:5,PC:13
0
871
2149
3244
4521
5656
6835
8098
9230
10502
11563
12908
14089
14697
0
TO:V,FS:1,FT:0,PC:16
0
687
1634
2628
3538
4568
5585
6479
7336
8301
9156
10145
11097
11978
13065
13899
14697
0
TO:V,FS:1,FT:1,PC:16
0
687
1634
2632
3588
4568
5596
6569
7490
8444
9396
10412
11344
12241
13239
14156
14697
0
TO:V,FS:1,FT:2,PC:19
0
532
1316
2261
2991
3760
4617
5463
6315
7041
7821
8645
9383
10225
10992
11761
12743
13578
14440
14697
0
TO:V,FS:1,FT:3,PC:16
0
695
1657
2687
3637
4624
5596
6569
7499
8444
9413
10439
11378
12412
13453
14385
14697
0
TO:V,FS:1,FT:4,PC:18
0
577
1397
2323
3164
3926
4844
5685
6544
7299
8143
8986
9779
10642
11507
12432
13319
14108
14697
0
TO:V,FS:1,FT:5,PC:16
0
635
1569
2577
3522
4454
5370
6333
7238
8143
9036
9939
10940
11767
12874
13784
14697
0
TO:V,FS:2,FT:0,PC:20
0
532
1259
2149
2928
3577
4402
5172
5880
6651
7383
8190
8926
9688
10487
11250
11971
12893
13623
14385
14697
0
TO:V,FS:2,FT:1,PC:20
0
532
1214
2062
2803
3527
4266
5119
5861
6569
7299
8098
8798
9526
10277
10992
11705
12572
13319
14015
14697
0
TO:V,FS:2,FT:2,PC:25
0
429
997
1630
2323
2945
3538
4169
4830
5393
5999
6611
7212
7821
8444
9052
9683
10337
10905
11460
12095
12786
13381
13926
14653
14697
0
TO:V,FS:2,FT:3,PC:20
0
522
1170
2050
2793
3538
4342
5172
5880
6658
7336
8143
8842
9641
10439
11170
11856
12726
13503
14179
14697
0
TO:V,FS:2,FT:4,PC:23
0
491
1127
1828
2529
3136
3709
4406
5113
5709
6333
6998
7651
8316
8880
9550
10173
10820
11460
12089
12833
13488
14081
14697
0
TO:V,FS:2,FT:5,PC:20
0
532
1259
2143
2868
3538
4355
5172
5880
6651
7336
8143
8880
9641
10439
11162
11885
12781
13578
14339
14697
0
