How To Win Friends And Influence People
LH:160973,BH:18170,MH:446102
TO:V,FS:0,FT:0,PC:15
0
928
2126
3343
4718
5915
7078
8448
9745
11076
12279
13673
14883
16311
17523
18170
0
TO:V,FS:0,FT:1,PC:15
0
915
2070
3343
4718
5915
7024
8448
9745
11152
12396
13742
14946
16430
17523
18170
0
TO:V,FS:0,FT:2,PC:18
0
782
1816
2937
4010
5142
6072
7024
8150
9290
10338
11470
12610
13725
14752
15936
17033
17967
18170
0
TO:V,FS:0,FT:3,PC:15
0
928
2135
3343
4653
5796
6966
8344
9589
10850
12041
13498
14688
16020
17284
18170
0
TO:V,FS:0,FT:4,PC:17
0
826
1866
2989
4134
5348
6236
7281
8462
9580
10725
11841
13025
14232
15308
16539
17523
18170
0
TO:V,FS:0,FT:5,PC:16
0
915
1951
3192
4416
5560
6705
7952
9190
10405
11652
12826
14174
15350
16629
17761
18170
0
TO:V,FS:1,FT:0,PC:20
0
656
1570
2481
3441
4454
5466
6283
7133
8131
9127
10090
11083
11940
12960
13968
14883
16020
17029
17862
18170
0
TO:V,FS:1,FT:1,PC:20
0
656
1570
2535
3504
4561
5490
6296
7238
8235
9290
10217
11189
12093
13172
14232
15141
16226
17156
18062
18170
0
TO:V,FS:1,FT:2,PC:23
0
558
1306
2096
2937
3663
4580
5422
6129
6895
7727
8546
9476
10270
11147
11932
12752
13616
14463
15214
16115
16975
17719
18170
0
TO:V,FS:1,FT:3,PC:19
0
718
1725
2688
3663
4749
5717
6705
7704
8652
9678
10695
11622
12678
13669
14688
15685
16680
17523
18170
0
TO:V,FS:1,FT:4,PC:22
0
602
1390
2220
3165
3947
4840
5644
6437
7254
8127
9020
9831
10725
11583
12441
13356
14232
15020
16020
16942
17690
18170
0
TO:V,FS:1,FT:5,PC:20
0
656
1561
2428
3395
4352
5407
6129
6966
8031
9050
9935
10924
11841
12810
13808
14752
15799
16772
17575
18170
0
TO:V,FS:2,FT:0,PC:24
0
558
1254
2031
2881
3563
4386
5191
5839
6614
7340
8127
8919
9694
10493
11285
12041
12886
13693
14476
15201
16066
16892
17556
18170
0
TO:V,FS:2,FT:1,PC:24
0
558
1254
2031
2881
3570
4398
5257
5885
6614
7340
8127
8919
9709
10493
11285
12041
12841
13616
14454
15159
16020
16842
17523
18170
0
TO:V,FS:2,FT:2,PC:30
0
452
1050
1631
2220
2937
3543
4219
4831
5490
6098
6705
7304
7985
8589
9264
9822
10474
11147
11741
12332
13001
13652
14309
14883
15582
16226
16883
17467
18043
18170
0
TO:V,FS:2,FT:3,PC:25
0
547
1244
1951
2786
3431
4275
5032
5726
6394
7060
7870
8627
9405
10157
10900
11640
12364
13158
13973
14733
15472
16290
17063
17740
18170
0
TO:V,FS:2,FT:4,PC:29
0
506
1111
1713
2299
2977
3619
4297
4983
5598
6241
6800
7472
8116
8825
9519
10126
10766
11413
12041
12748
13462
14134
14752
15430
16129
16825
17451
18101
18170
0
TO:V,FS:2,FT:5,PC:24
0
558
1254
1990
2803
3515
4297
5090
5796
6569
7281
8079
8879
9655
10450
11234
12014
12796
13612
14397
15102
15966
16714
17438
18170
0
