How To Win Friends And Influence People
LH:187032,BH:21774,MH:446102
TO:V,FS:0,FT:0,PC:19
0
1002
2199
3630
4832
5987
7304
8516
9680
10943
12084
13182
14469
15330
16497
17660
19040
20239
21529
21774
0
TO:V,FS:0,FT:1,PC:19
0
1002
2139
3510
4714
5926
7189
8403
9611
10877
11934
13049
14226
15090
16390
17484
18802
20067
21277
21774
0
TO:V,FS:0,FT:2,PC:23
0
866
1787
2968
4188
5259
6251
7385
8267
9253
10207
11132
12047
12973
13970
14843
15696
16651
17599
18552
19722
20638
21640
21774
0
TO:V,FS:0,FT:3,PC:19
0
939
2176
3519
4777
5930
7189
8344
9493
10763
11852
12863
14095
14976
16097
17254
18386
19780
20918
21774
0
TO:V,FS:0,FT:4,PC:22
0
812
1830
3077
4188
5280
6233
7425
8420
9429
10505
11406
12448
13434
14465
15207
16255
17270
18225
19358
20351
21404
21774
0
TO:V,FS:0,FT:5,PC:20
0
939
2083
3449
4595
5743
6994
8153
9310
10390
11474
12597
13768
14703
15600
16669
17721
19018
20136
21349
21774
0
TO:V,FS:1,FT:0,PC:25
0
728
1573
2513
3591
4450
5394
6289
7279
8110
9003
9893
10877
11647
12535
13434
14388
15018
15897
16762
17606
18541
19550
20390
21349
21774
0
TO:V,FS:1,FT:1,PC:25
0
760
1583
2622
3693
4534
5499
6320
7385
8216
9135
10102
10943
11795
12686
13640
14483
15143
16097
16966
17768
18794
19780
20633
21580
21774
0
TO:V,FS:1,FT:2,PC:28
0
617
1417
2208
3059
3959
4724
5533
6320
7241
7967
8857
9665
10390
11163
11985
12736
13515
14276
14913
15621
16452
17254
17952
18815
19671
20372
21156
21774
0
TO:V,FS:1,FT:3,PC:25
0
740
1583
2637
3761
4589
5533
6431
7425
8267
9135
10114
10943
11795
12686
13675
14483
15143
16097
16966
17768
18858
19827
20682
21580
21774
0
TO:V,FS:1,FT:4,PC:27
0
642
1453
2257
3195
4138
4966
5786
6646
7514
8262
9135
9930
10811
11450
12269
12988
13833
14577
15138
16029
16809
17606
18432
19367
20136
20918
21774
0
TO:V,FS:1,FT:5,PC:25
0
728
1573
2464
3540
4399
5369
6180
7165
8011
8899
9787
10799
11553
12448
13280
14226
14962
15781
16642
17484
18386
19401
20239
21229
21774
0
TO:V,FS:2,FT:0,PC:30
0
550
1263
1994
2843
3698
4431
5194
5919
6691
7468
8188
8899
9680
10390
11109
11780
12472
13136
13914
14577
15090
15843
16541
17326
17990
18781
19583
20239
21003
21774
0
TO:V,FS:2,FT:1,PC:31
0
556
1263
1949
2758
3565
4346
5149
5870
6596
7400
8055
8844
9521
10234
10943
11598
12291
12942
13772
14408
14976
15699
16452
17190
17859
18653
19451
20136
20889
21580
21774
0
TO:V,FS:2,FT:2,PC:37
0
458
1052
1625
2257
2968
3665
4269
4861
5472
6030
6708
7425
7964
8647
9135
9718
10316
10921
11400
12013
12579
13132
13795
14395
14864
15387
15962
16537
17100
17643
18294
18900
19524
20089
20628
21242
21774
0
TO:V,FS:2,FT:3,PC:31
0
533
1263
1949
2767
3615
4346
5062
5786
6514
7357
7967
8789
9414
10074
10856
11358
12084
12736
13465
14195
14788
15378
16115
16762
17484
18197
18964
19780
20416
21149
21774
0
TO:V,FS:2,FT:4,PC:35
0
511
1156
1750
2456
3169
3845
4502
5125
5743
6438
7135
7745
8341
8939
9592
10190
10877
11438
12047
12686
13262
13943
14483
14976
15592
16230
16836
17484
18111
18768
19419
20047
20618
21303
21774
0
TO:V,FS:2,FT:5,PC:31
0
550
1263
1977
2795
3643
4390
5149
5870
6642
7425
8150
8857
9562
10281
10943
11598
12291
12984
13751
14408
14976
15685
16415
17058
17768
18560
19367
20091
20804
21563
21774
0
