How To Win Friends And Influence People
LH:243232,BH:14169,MH:446102
TO:V,FS:0,FT:0,PC:12
0
929
2101
3046
4179
5485
6702
8138
9524
10655
12027
13229
14169
0
TO:V,FS:0,FT:1,PC:13
0
929
2042
2920
4148
5328
6408
7830
9139
10199
11478
12846
13953
14169
0
TO:V,FS:0,FT:2,PC:14
0
774
1744
2623
3600
4630
5639
6727
7884
9011
10015
11045
12152
13229
14169
0
TO:V,FS:0,FT:3,PC:13
0
929
2042
2983
4179
5485
6657
8017
9332
10439
11689
13032
14110
14169
0
TO:V,FS:0,FT:4,PC:14
0
829
1855
2780
3806
4917
5915
7062
8242
9400
10350
11433
12676
13588
14169
0
TO:V,FS:0,FT:5,PC:13
0
886
1995
2887
4025
5298
6292
7648
8901
10078
11130
12528
13588
14169
0
TO:V,FS:1,FT:0,PC:16
0
774
1621
2418
3326
4230
5233
6087
7117
8138
9139
10061
10989
12047
13032
13861
14169
0
TO:V,FS:1,FT:1,PC:16
0
717
1519
2370
3267
4129
5163
6022
7021
8033
9056
9980
10855
11855
12834
13650
14169
0
TO:V,FS:1,FT:2,PC:19
0
620
1326
2144
2808
3543
4262
5156
5915
6696
7591
8419
9282
10108
10855
11673
12589
13376
14054
14169
0
TO:V,FS:1,FT:3,PC:16
0
717
1572
2370
3267
4137
5163
6022
7027
8044
9056
9980
10855
11855
12899
13650
14169
0
TO:V,FS:1,FT:4,PC:18
0
668
1360
2202
2920
3773
4577
5421
6180
7062
7996
8901
9723
10504
11293
12219
13075
13782
14169
0
TO:V,FS:1,FT:5,PC:16
0
668
1412
2275
3120
4025
5072
5895
6787
7769
8839
9723
10607
11496
12538
13494
14169
0
TO:V,FS:2,FT:0,PC:20
0
584
1263
1986
2608
3318
4025
4840
5527
6258
7062
7901
8752
9490
10170
10916
11689
12528
13229
13909
14169
0
TO:V,FS:2,FT:1,PC:20
0
587
1214
1886
2514
3189
3897
4644
5375
6053
6812
7651
8411
9180
9897
10590
11293
12134
12968
13588
14169
0
TO:V,FS:2,FT:2,PC:24
0
465
1015
1577
2202
2706
3284
3897
4533
5198
5726
6292
6987
7651
8257
8901
9524
10104
10655
11240
11961
12643
13229
13782
14169
0
TO:V,FS:2,FT:3,PC:21
0
541
1166
1886
2466
3154
3897
4644
5328
6011
6739
7567
8320
9121
9763
10419
11119
12003
12787
13515
14147
14169
0
TO:V,FS:2,FT:4,PC:23
0
506
1070
1714
2275
2827
3447
4025
4725
5328
5957
6562
7268
7967
8649
9302
9918
10513
11109
11835
12562
13186
13731
14169
0
TO:V,FS:2,FT:5,PC:20
0
578
1263
1986
2608
3311
4025
4824
5485
6217
7027
7810
8619
9356
10061
10739
11496
12312
13075
13696
14169
0
