How To Win Friends And Influence People
LH:327003,BH:9586,MH:446102
TO:V,FS:0,FT:0,PC:8
0
871
2211
3557
4922
5980
7050
8328
9586
0
TO:V,FS:0,FT:1,PC:8
0
871
2147
3424
4794
5918
7050
8273
9586
0
TO:V,FS:0,FT:2,PC:10
0
704
1768
2904
3968
5070
6025
6923
7952
9077
9586
0
TO:V,FS:0,FT:3,PC:9
0
823
2020
3303
4701
5797
6864
8035
9405
9586
0
TO:V,FS:0,FT:4,PC:10
0
761
1818
2984
4123
5283
6181
7133
8198
9387
9586
0
TO:V,FS:0,FT:5,PC:9
0
823
2020
3303
4671
5782
6794
7852
9146
9586
0
TO:V,FS:1,FT:0,PC:11
0
688
1519
2499
3442
4435
5344
6181
6923
7827
8910
9586
0
TO:V,FS:1,FT:1,PC:11
0
641
1467
2447
3396
4389
5334
6081
6923
7827
8910
9586
0
TO:V,FS:1,FT:2,PC:13
0
484
1253
2070
2968
3724
4623
5344
6081
6864
7547
8420
9255
9586
0
TO:V,FS:1,FT:3,PC:11
0
645
1523
2502
3569
4592
5501
6254
7172
8144
9179
9586
0
TO:V,FS:1,FT:4,PC:12
0
563
1420
2252
3115
3994
4890
5670
6344
7154
7876
8820
9586
0
TO:V,FS:1,FT:5,PC:11
0
630
1467
2447
3391
4378
5283
6070
6864
7665
8703
9586
0
TO:V,FS:2,FT:0,PC:14
0
474
1199
1999
2769
3560
4357
5155
5797
6374
7154
7796
8642
9454
9586
0
TO:V,FS:2,FT:1,PC:14
0
479
1242
1999
2769
3512
4306
5058
5762
6296
7017
7612
8452
9187
9586
0
TO:V,FS:2,FT:2,PC:16
0
385
1007
1598
2245
2918
3557
4164
4839
5424
5984
6452
7061
7612
8317
8968
9586
0
TO:V,FS:2,FT:3,PC:14
0
432
1153
1902
2681
3419
4169
4987
5670
6254
6923
7590
8415
9139
9586
0
TO:V,FS:2,FT:4,PC:16
0
385
992
1630
2306
2984
3675
4365
5054
5670
6223
6864
7453
8134
8832
9519
9586
0
TO:V,FS:2,FT:5,PC:14
0
474
1153
1949
2717
3512
4256
5058
5755
6344
7017
7654
8543
9346
9586
0
