How To Win Friends And Influence People
LH:336661,BH:7617,MH:446102
TO:V,FS:0,FT:0,PC:7
0
877
2070
3344
4575
5725
6839
7617
0
TO:V,FS:0,FT:1,PC:7
0
817
2028
3289
4519
5725
6839
7617
0
TO:V,FS:0,FT:2,PC:8
0
626
1652
2730
3879
4833
5836
6720
7617
0
TO:V,FS:0,FT:3,PC:7
0
821
2030
3349
4519
5654
6673
7617
0
TO:V,FS:0,FT:4,PC:8
0
722
1811
2965
4021
5089
6043
6973
7617
0
TO:V,FS:0,FT:5,PC:7
0
817
1889
3168
4417
5589
6609
7617
0
TO:V,FS:1,FT:0,PC:9
0
499
1449
2433
3415
4368
5249
6093
6839
7617
0
TO:V,FS:1,FT:1,PC:9
0
559
1498
2492
3470
4417
5265
6104
6946
7617
0
TO:V,FS:1,FT:2,PC:11
0
463
1251
2043
2855
3673
4458
5265
6043
6750
7449
7617
0
TO:V,FS:1,FT:3,PC:9
0
559
1557
2593
3536
4458
5365
6217
6973
7617
0
TO:V,FS:1,FT:4,PC:10
0
499
1402
2327
3168
4021
4866
5638
6381
7081
7617
0
TO:V,FS:1,FT:5,PC:10
0
499
1402
2383
3316
4257
5143
6010
6761
7554
7617
0
TO:V,FS:2,FT:0,PC:11
0
463
1243
2005
2753
3563
4368
5143
5860
6481
7172
7617
0
TO:V,FS:2,FT:1,PC:11
0
463
1196
1968
2753
3524
4322
5043
5725
6381
6996
7617
0
TO:V,FS:2,FT:2,PC:14
0
447
1023
1642
2285
2869
3484
4136
4748
5310
5884
6420
6973
7537
7617
0
TO:V,FS:2,FT:3,PC:11
0
463
1196
1921
2669
3484
4291
5000
5686
6343
6996
7617
0
TO:V,FS:2,FT:4,PC:13
0
447
1047
1652
2383
3053
3682
4368
5000
5589
6190
6805
7372
7617
0
TO:V,FS:2,FT:5,PC:11
0
463
1243
1992
2753
3524
4316
5000
5683
6343
6996
7617
0
