How to win Friends and Influence People
LH:48631,BH:24423,MH:445777
TO:V,FS:0,FT:0,PC:22
0
718
1736
2912
4043
5310
6447
7669
8781
10006
11078
12240
13363
14534
15669
16861
18006
19241
20393
21451
22545
23654
24423
0
TO:V,FS:0,FT:1,PC:22
0
718
1802
2972
4104
5371
6508
7728
8841
10037
11187
12371
13483
14652
15830
17098
18252
19486
20549
21625
22680
23839
24423
0
TO:V,FS:0,FT:2,PC:27
0
637
1400
2320
3258
4104
5224
6103
7085
7964
8993
9929
10900
11857
12830
13740
14689
15663
16710
17631
18718
19785
20777
21612
22480
23468
24405
24423
0
TO:V,FS:0,FT:3,PC:23
0
718
1753
2916
3980
5224
6334
7557
8663
9822
10945
12037
13115
14164
15374
16408
17574
18781
19972
20971
22009
23121
24212
24423
0
TO:V,FS:0,FT:4,PC:25
0
637
1498
2487
3488
4527
5536
6589
7613
8663
9771
10767
11857
12922
13924
14924
15934
17019
17989
19056
20105
21070
22009
23097
24123
24423
0
TO:V,FS:0,FT:5,PC:23
0
695
1558
2658
3689
4843
5956
7085
8079
9190
10201
11327
12489
13543
14652
15724
16861
17952
19183
20331
21371
22361
23468
24423
0
TO:V,FS:1,FT:0,PC:31
0
523
1167
1949
2764
3528
4353
5272
6051
6977
7869
8625
9482
10201
11010
11857
12661
13465
14280
15110
15880
16799
17574
18479
19286
20149
20956
21699
22480
23343
24063
24423
0
TO:V,FS:1,FT:1,PC:31
0
493
1167
1949
2774
3539
4353
5285
6051
6977
7846
8625
9482
10201
11010
11857
12661
13465
14280
15110
15880
16799
17574
18479
19286
20156
20956
21699
22480
23349
24063
24423
0
TO:V,FS:1,FT:2,PC:36
0
385
959
1606
2334
3075
3719
4426
5194
5883
6571
7311
7964
8711
9450
10086
10767
11415
12104
12805
13456
14137
14817
15573
16236
17005
17710
18496
19183
19972
20616
21272
21946
22619
23270
23909
24423
0
TO:V,FS:1,FT:3,PC:30
0
473
1167
1949
2839
3625
4510
5357
6204
7074
7926
8773
9663
10408
11327
12213
13043
13909
14675
15597
16360
17313
18091
18947
19838
20634
21395
22167
22996
23857
24423
0
TO:V,FS:1,FT:4,PC:34
0
424
1068
1807
2544
3331
4069
4822
5561
6334
7154
7912
8625
9391
10081
10843
11589
12371
13115
13883
14551
15335
16039
16834
17574
18354
19116
19873
20532
21208
21907
22664
23395
24009
24423
0
TO:V,FS:1,FT:5,PC:31
0
523
1167
1949
2764
3524
4298
5175
5956
6865
7613
8469
9225
10037
10843
11663
12472
13264
14040
14862
15710
16534
17381
18231
19108
19976
20777
21451
22245
23042
23868
24423
0
TO:V,FS:2,FT:0,PC:39
0
333
865
1558
2199
2927
3539
4150
4860
5519
6211
6914
7568
8174
8830
9506
10124
10767
11371
12041
12661
13295
13924
14551
15240
15830
16520
17245
17868
18555
19183
19913
20490
21085
21733
22385
22996
23654
24301
24423
0
TO:V,FS:2,FT:1,PC:39
0
333
865
1558
2244
2972
3584
4191
4906
5519
6166
6872
7524
8136
8794
9506
10124
10772
11415
12060
12749
13363
14040
14713
15388
15990
16661
17326
17891
18639
19225
19958
20490
21085
21733
22395
22996
23654
24301
24423
0
TO:V,FS:2,FT:2,PC:46
0
293
781
1320
1837
2353
2938
3405
3980
4579
5170
5697
6254
6862
7397
7926
8516
9051
9640
10112
10645
11179
11752
12268
12771
13276
13826
14357
14888
15470
15980
16595
17182
17725
18321
18883
19385
19939
20449
20971
21528
22009
22603
23116
23654
24161
24423
0
TO:V,FS:2,FT:3,PC:40
0
336
865
1516
2156
2851
3454
4069
4697
5357
5999
6686
7311
7926
8625
9260
9912
10494
11168
11857
12499
13107
13716
14330
14905
15611
16236
16952
17574
18231
18896
19564
20218
20840
21381
21946
22575
23171
23789
24384
24423
0
TO:V,FS:2,FT:4,PC:43
0
328
811
1338
1924
2475
3062
3625
4216
4822
5416
5956
6560
7191
7728
8311
8880
9506
10037
10601
11197
11812
12371
12990
13543
14116
14704
15313
15866
16469
17075
17642
18268
18896
19525
20092
20672
21190
21733
22307
22883
23468
24002
24423
0
TO:V,FS:2,FT:5,PC:39
0
333
865
1512
2156
2839
3445
4069
4736
5390
6042
6753
7397
8001
8663
9334
10000
10610
11265
11893
12542
13165
13855
14427
15094
15734
16352
17075
17692
18383
19067
19785
20420
21017
21663
22248
22868
23550
24126
24423
0
