How to win Friends and Influence People
LH:105900,BH:23536,MH:445777
TO:V,FS:0,FT:0,PC:21
0
845
2029
3079
4293
5438
6782
8053
9217
10310
11623
12767
14046
15296
16385
17479
18591
19678
20981
22114
23308
23536
0
TO:V,FS:0,FT:1,PC:21
0
845
2029
3079
4293
5438
6782
8053
9217
10310
11605
12651
13985
15241
16385
17479
18591
19678
20981
22114
23321
23536
0
TO:V,FS:0,FT:2,PC:25
0
662
1574
2489
3430
4410
5341
6424
7485
8535
9451
10456
11557
12504
13515
14527
15559
16385
17173
18185
19077
19956
20981
21927
22790
23536
0
TO:V,FS:0,FT:3,PC:21
0
845
1970
2988
4046
5180
6456
7667
8826
9851
11096
12276
13447
14711
15949
16912
17964
19050
20239
21393
22463
23536
0
TO:V,FS:0,FT:4,PC:23
0
769
1773
2729
3642
4706
5745
6821
7972
9076
10005
11200
12276
13337
14411
15548
16462
17479
18408
19449
20538
21501
22463
23536
0
TO:V,FS:0,FT:5,PC:22
0
786
1911
2857
3928
4990
6140
7341
8501
9508
10699
11827
12970
14211
15403
16385
17413
18470
19613
20812
21888
22979
23536
0
TO:V,FS:1,FT:0,PC:29
0
609
1463
2193
2942
3750
4599
5438
6414
7262
8145
9068
9845
10779
11623
12422
13265
14169
15098
15949
16702
17525
18371
19087
19920
20836
21606
22436
23276
23536
0
TO:V,FS:1,FT:1,PC:29
0
609
1463
2193
2942
3750
4599
5438
6414
7266
8145
9073
9845
10779
11623
12472
13323
14268
15200
15999
16798
17573
18408
19231
20075
20981
21808
22604
23446
23536
0
TO:V,FS:1,FT:2,PC:34
0
469
1216
1930
2587
3262
3919
4649
5311
6086
6821
7646
8373
9135
9737
10492
11231
11918
12651
13429
14211
14947
15686
16291
16952
17665
18371
19003
19678
20480
21164
21795
22463
23215
23536
0
TO:V,FS:1,FT:3,PC:28
0
609
1510
2243
3001
3805
4599
5438
6461
7341
8193
9120
9903
10840
11774
12651
13576
14458
15392
16206
16952
17824
18621
19449
20279
21132
21954
22759
23536
0
TO:V,FS:1,FT:4,PC:32
0
537
1265
1970
2674
3430
4218
4909
5644
6487
7289
8090
8826
9543
10269
11084
11827
12628
13363
14193
15014
15754
16462
17173
17951
18726
19389
20109
20908
21572
22278
23060
23536
0
TO:V,FS:1,FT:5,PC:30
0
609
1460
2193
2942
3750
4585
5360
6257
7109
8009
8826
9606
10473
11369
12159
12970
13962
14800
15672
16385
17147
17906
18738
19474
20305
21081
21894
22652
23490
23536
0
TO:V,FS:2,FT:0,PC:36
0
452
1095
1766
2383
3057
3642
4337
4995
5637
6394
7070
7810
8441
9155
9721
10386
11074
11784
12439
13102
13872
14499
15241
15970
16505
17124
17767
18371
18954
19613
20314
20981
21606
22278
22950
23536
0
TO:V,FS:2,FT:1,PC:36
0
452
1095
1766
2383
3057
3642
4337
4995
5637
6424
7070
7810
8441
9155
9727
10427
11117
11827
12536
13146
13917
14536
15241
15970
16505
17124
17767
18408
19035
19653
20355
20981
21606
22278
22968
23536
0
TO:V,FS:2,FT:2,PC:44
0
324
885
1474
1970
2453
2988
3508
4028
4599
5118
5717
6353
6853
7472
8022
8634
9155
9646
10210
10790
11418
11909
12477
12970
13608
14179
14770
15353
15913
16385
16935
17450
17988
18531
19067
19613
20188
20776
21289
21834
22320
22875
23385
23536
0
TO:V,FS:2,FT:3,PC:37
0
452
1053
1690
2265
2885
3508
4178
4752
5425
6073
6751
7413
8090
8756
9353
9941
10669
11365
12005
12651
13315
14026
14725
15371
15999
16588
17173
17875
18451
19077
19678
20406
21021
21606
22278
22930
23536
0
TO:V,FS:2,FT:4,PC:41
0
402
961
1523
2097
2666
3237
3833
4410
4990
5540
6200
6821
7472
8095
8687
9227
9714
10325
10941
11605
12156
12721
13344
13985
14601
15241
15860
16385
16922
17495
18091
18673
19165
19716
20378
20981
21554
22103
22674
23265
23536
0
TO:V,FS:2,FT:5,PC:37
0
438
1095
1722
2299
2973
3589
4240
4825
5438
6179
6821
7574
8185
8905
9496
10097
10790
11530
12149
12777
13458
14149
14825
15472
16115
16707
17261
17906
18537
19087
19720
20439
21021
21606
22278
22950
23536
0
