How to win Friends and Influence People
LH:160648,BH:18170,MH:445777
TO:V,FS:0,FT:0,PC:16
0
857
1937
3120
4258
5422
6482
7663
8836
10029
11189
12332
13572
14752
16020
17220
18170
0
TO:V,FS:0,FT:1,PC:16
0
857
1937
3109
4267
5422
6482
7678
8836
10029
11189
12332
13630
14815
16078
17220
18170
0
TO:V,FS:0,FT:2,PC:20
0
664
1638
2545
3504
4521
5490
6355
7304
8311
9342
10278
11302
12260
13297
14284
15151
16232
17162
18072
18170
0
TO:V,FS:0,FT:3,PC:17
0
871
1951
3183
4279
5422
6419
7579
8728
9861
11093
12151
13481
14660
15799
16975
18062
18170
0
TO:V,FS:0,FT:4,PC:18
0
769
1759
2895
3928
5066
6014
6954
8031
9180
10217
11352
12364
13523
14653
15685
16783
17740
18170
0
TO:V,FS:0,FT:5,PC:17
0
794
1816
2937
4021
5195
6129
7199
8382
9528
10695
11817
12878
14060
15116
16367
17380
18170
0
TO:V,FS:1,FT:0,PC:22
0
607
1404
2220
3192
4061
4888
5661
6446
7220
8079
9000
9793
10708
11462
12343
13240
14146
14883
15872
16772
17523
18170
0
TO:V,FS:1,FT:1,PC:22
0
558
1357
2196
3087
3919
4796
5560
6349
7112
8031
8934
9745
10667
11462
12343
13240
14146
14883
15889
16723
17514
18170
0
TO:V,FS:1,FT:2,PC:26
0
499
1199
1894
2596
3284
3994
4749
5490
6129
6800
7568
8262
9029
9709
10407
11176
11841
12599
13337
14107
14752
15512
16290
17014
17654
18170
0
TO:V,FS:1,FT:3,PC:22
0
558
1357
2196
3094
3919
4796
5611
6404
7227
8131
9050
9842
10725
11565
12441
13342
14232
15028
16020
16975
17761
18170
0
TO:V,FS:1,FT:4,PC:25
0
547
1244
1951
2742
3431
4233
4958
5644
6339
7011
7820
8546
9353
10130
10896
11622
12353
13191
13973
14733
15493
16277
17060
17761
18170
0
TO:V,FS:1,FT:5,PC:23
0
607
1355
2196
3030
3765
4674
5490
6278
6966
7870
8688
9572
10417
11242
12041
12946
13798
14688
15512
16408
17200
17938
18170
0
TO:V,FS:2,FT:0,PC:28
0
452
1093
1713
2308
3024
3663
4386
5086
5684
6296
6920
7643
8290
8966
9609
10217
10939
11578
12203
12921
13612
14318
14929
15675
16351
17014
17604
18170
0
TO:V,FS:2,FT:1,PC:28
0
452
1093
1713
2308
3019
3663
4386
5086
5684
6296
6920
7651
8324
9007
9646
10266
10976
11622
12256
12960
13652
14360
14976
15729
16444
17100
17730
18170
0
TO:V,FS:2,FT:2,PC:34
0
345
915
1367
1951
2531
3102
3619
4229
4749
5407
5839
6378
6875
7436
7995
8546
9127
9686
10217
10806
11388
11917
12479
13053
13608
14211
14725
15242
15880
16449
16975
17523
18110
18170
0
TO:V,FS:2,FT:3,PC:29
0
472
1097
1691
2220
2937
3553
4248
4872
5490
6107
6705
7316
7995
8589
9264
9906
10607
11234
11841
12530
13228
13899
14566
15148
15884
16543
17139
17734
18170
0
TO:V,FS:2,FT:4,PC:32
0
406
968
1516
2100
2697
3264
3817
4444
5041
5560
6129
6705
7263
7878
8498
9095
9632
10217
10842
11413
12024
12628
13257
13853
14454
14963
15618
16204
16852
17410
17974
18170
0
TO:V,FS:2,FT:5,PC:28
0
440
1093
1703
2264
2937
3584
4297
5001
5598
6256
6844
7538
8157
8836
9528
10197
10850
11492
12124
12833
13572
14232
14883
15614
16307
16975
17556
18170
0
