How to win Friends and Influence People
LH:178922,BH:7697,MH:445777
TO:V,FS:0,FT:0,PC:8
0
746
1867
2933
4042
5106
6328
7463
7697
0
TO:V,FS:0,FT:1,PC:8
0
746
1867
2933
4042
5106
6332
7463
7697
0
TO:V,FS:0,FT:2,PC:9
0
684
1619
2492
3380
4206
5106
6036
7076
7697
0
TO:V,FS:0,FT:3,PC:8
0
746
1807
2868
3871
5017
6104
7280
7697
0
TO:V,FS:0,FT:4,PC:8
0
727
1692
2646
3606
4579
5622
6738
7697
0
TO:V,FS:0,FT:5,PC:8
0
746
1807
2868
3812
4954
6036
7189
7697
0
TO:V,FS:1,FT:0,PC:10
0
585
1445
2142
2906
3657
4424
5159
5980
6882
7697
0
TO:V,FS:1,FT:1,PC:10
0
589
1445
2142
2906
3657
4428
5159
5980
6882
7697
0
TO:V,FS:1,FT:2,PC:12
0
484
1191
1807
2539
3209
3812
4550
5203
5853
6613
7280
7697
0
TO:V,FS:1,FT:3,PC:10
0
589
1445
2142
2906
3657
4472
5322
6177
7092
7697
0
TO:V,FS:1,FT:4,PC:11
0
528
1270
1942
2640
3380
4078
4799
5458
6243
7076
7697
0
TO:V,FS:1,FT:5,PC:10
0
585
1445
2142
2906
3657
4413
5155
5980
6882
7697
0
TO:V,FS:2,FT:0,PC:13
0
455
1042
1692
2295
2933
3588
4174
4787
5387
6021
6734
7366
7697
0
TO:V,FS:2,FT:1,PC:13
0
468
1042
1692
2295
2933
3588
4184
4834
5387
6021
6734
7366
7697
0
TO:V,FS:2,FT:2,PC:15
0
356
821
1445
1925
2492
2970
3502
4042
4529
5033
5536
6091
6682
7251
7697
0
TO:V,FS:2,FT:3,PC:13
0
484
1138
1739
2301
2933
3547
4097
4754
5297
5969
6644
7280
7697
0
TO:V,FS:2,FT:4,PC:14
0
398
929
1554
2041
2591
3146
3657
4247
4804
5325
5927
6519
7132
7697
0
TO:V,FS:2,FT:5,PC:13
0
484
1121
1692
2295
2933
3547
4134
4744
5341
5980
6689
7322
7697
0
