How to win Friends and Influence People
LH:209187,BH:12407,MH:445777
TO:V,FS:0,FT:0,PC:12
0
921
2082
3235
4420
5496
6409
7480
8573
9751
10713
11879
12407
0
TO:V,FS:0,FT:1,PC:12
0
862
2034
3180
4401
5377
6286
7364
8521
9627
10673
11761
12407
0
TO:V,FS:0,FT:2,PC:14
0
835
1786
2897
3769
4794
5740
6456
7415
8345
9352
10175
11104
12086
12407
0
TO:V,FS:0,FT:3,PC:12
0
921
2034
3235
4420
5496
6409
7504
8573
9756
10713
11952
12407
0
TO:V,FS:0,FT:4,PC:13
0
862
1845
3014
3971
5004
5941
6794
7838
8792
9823
10767
11850
12407
0
TO:V,FS:0,FT:5,PC:12
0
862
1961
3120
4284
5291
6210
7202
8239
9372
10406
11447
12407
0
TO:V,FS:1,FT:0,PC:16
0
700
1540
2347
3168
4040
4846
5659
6286
7071
7937
8713
9503
10279
11047
12003
12407
0
TO:V,FS:1,FT:1,PC:16
0
652
1500
2328
3120
3992
4794
5620
6260
7029
7889
8668
9503
10279
11047
11982
12407
0
TO:V,FS:1,FT:2,PC:19
0
560
1297
1980
2713
3357
4136
4794
5512
6110
6724
7405
8142
8792
9503
10175
10862
11582
12358
12407
0
TO:V,FS:1,FT:3,PC:16
0
658
1540
2347
3224
4106
4947
5685
6335
7134
7989
8777
9560
10338
11047
11998
12407
0
TO:V,FS:1,FT:4,PC:18
0
570
1297
2058
2846
3525
4314
4977
5685
6286
7029
7783
8531
9321
10061
10757
11548
12296
12407
0
TO:V,FS:1,FT:5,PC:16
0
696
1523
2328
3120
3992
4794
5620
6260
7029
7875
8622
9459
10175
10964
11791
12407
0
TO:V,FS:2,FT:0,PC:20
0
468
1143
1786
2473
3120
3754
4465
5057
5685
6253
6846
7511
8132
8792
9503
10147
10713
11416
12086
12407
0
TO:V,FS:2,FT:1,PC:20
0
468
1143
1759
2390
3099
3711
4420
5044
5620
6188
6714
7391
8049
8702
9372
10061
10713
11416
12086
12407
0
TO:V,FS:2,FT:2,PC:24
0
373
935
1490
2034
2620
3158
3711
4352
4837
5377
5890
6365
6875
7432
8005
8521
9026
9548
10106
10591
11134
11661
12247
12407
0
TO:V,FS:2,FT:3,PC:21
0
468
1117
1718
2347
3055
3646
4330
4877
5512
6060
6629
7243
7868
8488
9150
9810
10406
11047
11712
12384
12407
0
TO:V,FS:2,FT:4,PC:22
0
431
1040
1649
2232
2789
3330
3930
4523
5057
5659
6100
6640
7249
7838
8388
8940
9503
10061
10629
11206
11810
12407
0
TO:V,FS:2,FT:5,PC:20
0
506
1185
1786
2473
3120
3754
4465
5057
5685
6253
6836
7471
8093
8713
9372
10046
10545
11221
11910
12407
0
