How to win Friends and Influence People
LH:257171,BH:16115,MH:445777
TO:V,FS:0,FT:0,PC:14
0
896
2144
3506
4604
5747
7030
8251
9312
10545
11620
12748
13826
15000
16115
0
TO:V,FS:0,FT:1,PC:14
0
896
2144
3506
4604
5757
7030
8251
9312
10545
11620
12748
13826
15000
16115
0
TO:V,FS:0,FT:2,PC:17
0
768
1743
2727
3850
4773
5712
6726
7685
8657
9622
10596
11558
12500
13426
14330
15416
16115
0
TO:V,FS:0,FT:3,PC:15
0
872
2070
3288
4400
5413
6615
7845
9031
10144
11275
12315
13400
14455
15664
16115
0
TO:V,FS:0,FT:4,PC:16
0
852
1985
3133
4148
5188
6294
7356
8443
9415
10545
11502
12552
13617
14668
15803
16115
0
TO:V,FS:0,FT:5,PC:15
0
841
2056
3273
4388
5403
6615
7820
8899
9975
11048
12007
13180
14216
15456
16115
0
TO:V,FS:1,FT:0,PC:20
0
613
1457
2371
3329
4141
4972
5867
6694
7556
8443
9273
10144
10919
11747
12584
13426
14216
15153
16022
16115
0
TO:V,FS:1,FT:1,PC:20
0
562
1457
2371
3329
4141
4972
5871
6755
7608
8491
9325
10144
10971
11797
12634
13426
14216
15153
16022
16115
0
TO:V,FS:1,FT:2,PC:23
0
504
1256
2023
2727
3552
4182
4889
5609
6402
7162
7880
8545
9273
10038
10681
11405
12007
12763
13426
14142
14853
15631
16115
0
TO:V,FS:1,FT:3,PC:19
0
562
1457
2383
3329
4148
4972
5927
6806
7658
8545
9362
10297
11135
11948
12788
13617
14409
15359
16115
0
TO:V,FS:1,FT:4,PC:22
0
483
1279
2085
2896
3710
4430
5197
5977
6771
7532
8344
9041
9767
10545
11301
11941
12688
13426
14182
14926
15713
16115
0
TO:V,FS:1,FT:5,PC:20
0
609
1457
2371
3329
4097
4972
5836
6694
7503
8391
9131
10027
10774
11550
12393
13220
13972
14806
15735
16115
0
TO:V,FS:2,FT:0,PC:25
0
396
1088
1808
2499
3223
3924
4524
5191
5867
6558
7230
7956
8590
9260
9920
10545
11220
11781
12432
13148
13764
14431
15116
15834
16115
0
TO:V,FS:2,FT:1,PC:25
0
396
1114
1850
2545
3280
3961
4604
5277
5977
6682
7356
8090
8716
9362
10087
10681
11379
11941
12595
13260
13926
14649
15331
16022
16115
0
TO:V,FS:2,FT:2,PC:30
0
316
896
1457
2085
2727
3363
3945
4430
4972
5564
6130
6712
7308
7880
8443
9021
9477
10078
10580
11085
11576
12088
12667
13220
13764
14258
14826
15440
15995
16115
0
TO:V,FS:2,FT:3,PC:26
0
396
1103
1773
2460
3158
3847
4430
5061
5762
6464
7174
7807
8443
9041
9679
10360
10919
11502
12095
12777
13400
13968
14649
15321
16022
16115
0
TO:V,FS:2,FT:4,PC:28
0
354
1001
1606
2192
2846
3501
4046
4652
5241
5842
6470
7084
7653
8291
8885
9394
10038
10596
11227
11735
12331
12941
13426
13963
14591
15153
15758
16115
0
TO:V,FS:2,FT:5,PC:25
0
437
1132
1808
2499
3223
3924
4520
5188
5860
6546
7186
7897
8521
9131
9803
10478
11048
11649
12294
12972
13587
14216
14917
15581
16115
0
