How to win Friends and Influence People
LH:273353,BH:10199,MH:445777
TO:V,FS:0,FT:0,PC:10
0
884
2106
3150
4161
5288
6133
6979
8131
9309
10199
0
TO:V,FS:0,FT:1,PC:10
0
905
2106
3150
4161
5288
6133
6979
8134
9253
10199
0
TO:V,FS:0,FT:2,PC:12
0
763
1820
2691
3729
4574
5447
6133
6819
7722
8790
9732
10199
0
TO:V,FS:0,FT:3,PC:10
0
845
2043
3032
4140
5181
6020
6819
7902
9126
10199
0
TO:V,FS:0,FT:4,PC:11
0
829
2002
2949
3957
4959
5783
6643
7558
8709
9686
10199
0
TO:V,FS:0,FT:5,PC:11
0
826
2043
3020
4080
5059
5903
6759
7677
8879
9966
10199
0
TO:V,FS:1,FT:0,PC:13
0
605
1472
2342
3150
3957
4755
5571
6321
6966
7841
8734
9483
10199
0
TO:V,FS:1,FT:1,PC:13
0
655
1527
2389
3195
3957
4755
5571
6321
6966
7841
8734
9483
10199
0
TO:V,FS:1,FT:2,PC:16
0
501
1270
2043
2640
3397
4104
4706
5394
6020
6537
7149
7888
8650
9282
9996
10199
0
TO:V,FS:1,FT:3,PC:13
0
608
1472
2342
3158
3957
4755
5571
6321
6966
7841
8761
9534
10199
0
TO:V,FS:1,FT:4,PC:15
0
498
1270
2087
2769
3523
4161
4841
5571
6221
6784
7447
8245
8966
9732
10199
0
TO:V,FS:1,FT:5,PC:14
0
599
1463
2342
3150
3957
4755
5526
6227
6868
7621
8517
9238
10025
10199
0
TO:V,FS:2,FT:0,PC:17
0
408
1111
1831
2438
3106
3771
4319
4962
5571
6133
6672
7194
7888
8581
9194
9891
10199
0
TO:V,FS:2,FT:1,PC:17
0
408
1115
1831
2438
3106
3771
4319
4966
5571
6133
6672
7196
7902
8623
9194
9896
10199
0
TO:V,FS:2,FT:2,PC:20
0
363
936
1559
2121
2640
3195
3729
4191
4755
5331
5769
6203
6663
7106
7654
8212
8813
9345
9910
10199
0
TO:V,FS:2,FT:3,PC:18
0
408
1115
1792
2421
2974
3664
4161
4755
5394
5952
6450
6915
7526
8203
8879
9527
10102
10199
0
TO:V,FS:2,FT:4,PC:19
0
363
973
1604
2238
2778
3397
3957
4520
5090
5571
6116
6537
7067
7643
8260
8879
9475
10025
10199
0
TO:V,FS:2,FT:5,PC:17
0
443
1154
1848
2438
3087
3729
4274
4921
5526
6078
6537
7106
7809
8488
9119
9732
10199
0
