How to win Friends and Influence People
LH:283646,BH:8881,MH:445777
TO:V,FS:0,FT:0,PC:8
0
816
2053
3166
4375
5617
6668
7819
8881
0
TO:V,FS:0,FT:1,PC:8
0
816
2053
3166
4380
5675
6782
7819
8881
0
TO:V,FS:0,FT:2,PC:10
0
633
1662
2553
3520
4535
5557
6501
7445
8402
8881
0
TO:V,FS:0,FT:3,PC:8
0
755
1937
3048
4270
5557
6668
7768
8881
0
TO:V,FS:0,FT:4,PC:9
0
743
1743
2673
3778
4806
5924
6925
7871
8881
0
TO:V,FS:0,FT:5,PC:9
0
755
1870
3009
4148
5376
6399
7503
8588
8881
0
TO:V,FS:1,FT:0,PC:11
0
633
1464
2271
3048
3963
4806
5697
6476
7341
8114
8881
0
TO:V,FS:1,FT:1,PC:11
0
580
1362
2222
3048
3963
4806
5746
6519
7390
8210
8881
0
TO:V,FS:1,FT:2,PC:14
0
415
1121
1789
2439
3137
3924
4590
5352
6006
6715
7390
8091
8828
8881
0
TO:V,FS:1,FT:3,PC:11
0
584
1362
2222
3048
3963
4806
5756
6537
7390
8219
8881
0
TO:V,FS:1,FT:4,PC:13
0
493
1213
2009
2716
3408
4148
4939
5725
6364
7098
7819
8621
8881
0
TO:V,FS:1,FT:5,PC:12
0
580
1362
2208
2964
3801
4626
5525
6279
7098
7871
8764
8881
0
TO:V,FS:2,FT:0,PC:15
0
365
977
1677
2267
2917
3542
4189
4891
5603
6216
6831
7479
8154
8828
8881
0
TO:V,FS:2,FT:1,PC:14
0
365
1027
1721
2358
2990
3627
4274
4977
5684
6279
7001
7648
8285
8881
0
TO:V,FS:2,FT:2,PC:17
0
325
868
1447
1991
2522
3048
3653
4189
4806
5422
5932
6426
7023
7542
8041
8641
8881
0
TO:V,FS:2,FT:3,PC:15
0
404
1031
1694
2310
2917
3542
4148
4806
5547
6050
6668
7356
7945
8625
8881
0
TO:V,FS:2,FT:4,PC:16
0
325
865
1470
2025
2580
3163
3789
4319
4923
5557
6151
6697
7291
7819
8424
8881
0
TO:V,FS:2,FT:5,PC:15
0
365
977
1677
2267
2917
3530
4189
4849
5557
6173
6793
7433
8062
8738
8881
0
