How to win Friends and Influence People
LH:312087,BH:14491,MH:445777
TO:V,FS:0,FT:0,PC:13
0
824
1956
3201
4250
5413
6663
8013
9181
10304
11554
12711
13780
14491
0
TO:V,FS:0,FT:1,PC:13
0
824
1973
3201
4250
5413
6663
7966
9120
10243
11499
12596
13660
14491
0
TO:V,FS:0,FT:2,PC:16
0
683
1599
2704
3633
4566
5515
6586
7658
8749
9635
10526
11554
12554
13455
14409
14491
0
TO:V,FS:0,FT:3,PC:14
0
770
1904
3103
4079
5112
6310
7625
8935
9973
11142
12280
13345
14471
14491
0
TO:V,FS:0,FT:4,PC:15
0
742
1797
2968
3887
4816
5921
7098
8270
9322
10281
11396
12432
13399
14457
14491
0
TO:V,FS:0,FT:5,PC:14
0
739
1852
3103
4075
5112
6310
7559
8749
9752
10882
12017
13095
14131
14491
0
TO:V,FS:1,FT:0,PC:18
0
548
1437
2422
3254
4005
4816
5703
6610
7520
8427
9269
10090
10975
11854
12646
13445
14292
14491
0
TO:V,FS:1,FT:1,PC:18
0
496
1403
2320
3201
3956
4766
5657
6558
7478
8427
9269
10090
10975
11854
12646
13452
14340
14491
0
TO:V,FS:1,FT:2,PC:21
0
443
1227
1951
2704
3385
4048
4718
5471
6243
7005
7747
8506
9212
9894
10624
11366
12090
12826
13484
14178
14491
0
TO:V,FS:1,FT:3,PC:17
0
551
1437
2430
3254
4005
4816
5703
6663
7590
8522
9419
10177
11142
12057
12903
13649
14491
0
TO:V,FS:1,FT:4,PC:20
0
487
1289
2011
2800
3467
4117
4794
5561
6357
7209
8025
8845
9583
10300
11099
11866
12596
13334
14032
14491
0
TO:V,FS:1,FT:5,PC:18
0
548
1350
2273
3150
3919
4718
5608
6500
7426
8374
9170
9988
10826
11649
12527
13259
13987
14491
0
TO:V,FS:2,FT:0,PC:23
0
354
1069
1688
2430
3103
3633
4238
4794
5493
6168
6860
7511
8266
8935
9583
10211
10911
11554
12280
12979
13511
14195
14491
0
TO:V,FS:2,FT:1,PC:23
0
354
1069
1688
2448
3141
3715
4250
4878
5554
6292
6974
7637
8381
9014
9625
10255
10957
11599
12280
12979
13511
14208
14491
0
TO:V,FS:2,FT:2,PC:27
0
338
890
1423
1973
2601
3103
3602
4060
4608
5148
5742
6310
6934
7506
8113
8696
9203
9741
10281
10852
11406
11947
12512
13065
13563
14108
14491
0
TO:V,FS:2,FT:3,PC:24
0
398
1069
1643
2370
3056
3595
4108
4697
5281
6000
6643
7384
8124
8808
9409
10019
10624
11306
11954
12596
13212
13809
14454
14491
0
TO:V,FS:2,FT:4,PC:25
0
354
978
1556
2216
2861
3366
3919
4506
5046
5624
6282
6913
7493
8145
8741
9287
9847
10460
11077
11666
12260
12821
13345
13938
14491
0
TO:V,FS:2,FT:5,PC:23
0
398
1069
1688
2411
3103
3633
4238
4794
5493
6153
6860
7511
8244
8905
9522
10123
10826
11517
12160
12804
13345
13938
14491
0
