How to win Friends and Influence People
LH:326678,BH:9586,MH:445777
TO:V,FS:0,FT:0,PC:9
0
761
1949
3161
4365
5526
6374
7494
8780
9586
0
TO:V,FS:0,FT:1,PC:9
0
761
1953
3161
4365
5526
6374
7494
8724
9586
0
TO:V,FS:0,FT:2,PC:11
0
704
1692
2614
3637
4645
5571
6254
7172
8113
9131
9586
0
TO:V,FS:0,FT:3,PC:9
0
704
1829
3041
4180
5344
6254
7330
8543
9586
0
TO:V,FS:0,FT:4,PC:10
0
704
1768
2922
3987
5012
5918
6864
7827
8968
9586
0
TO:V,FS:0,FT:5,PC:10
0
704
1829
2984
4123
5289
6223
7233
8372
9557
9586
0
TO:V,FS:1,FT:0,PC:13
0
582
1353
2178
3031
3872
4794
5541
6223
6923
7612
8543
9467
9586
0
TO:V,FS:1,FT:1,PC:13
0
587
1372
2233
3077
3923
4848
5590
6223
6923
7654
8596
9519
9586
0
TO:V,FS:1,FT:2,PC:15
0
432
1106
1813
2540
3243
3998
4781
5344
6007
6563
7172
7796
8592
9391
9586
0
TO:V,FS:1,FT:3,PC:12
0
528
1304
2123
3031
3872
4794
5551
6223
6923
7717
8703
9586
0
TO:V,FS:1,FT:4,PC:14
0
474
1153
1902
2654
3419
4164
4979
5670
6254
6923
7612
8477
9224
9586
0
TO:V,FS:1,FT:5,PC:13
0
528
1304
2123
2984
3818
4732
5393
6081
6864
7547
8420
9259
9586
0
TO:V,FS:2,FT:0,PC:15
0
385
1048
1686
2370
3026
3719
4419
5097
5714
6254
6905
7494
8198
8885
9586
0
TO:V,FS:2,FT:1,PC:16
0
385
1048
1686
2370
3026
3719
4419
5058
5670
6223
6864
7460
8113
8752
9434
9586
0
TO:V,FS:2,FT:2,PC:19
0
274
787
1308
1808
2428
2984
3569
4123
4768
5265
5782
6223
6757
7212
7737
8365
8953
9524
9586
0
TO:V,FS:2,FT:3,PC:16
0
385
1007
1602
2248
2918
3560
4164
4878
5467
6039
6555
7151
7654
8387
9008
9586
0
TO:V,FS:2,FT:4,PC:17
0
345
871
1467
2059
2672
3243
3852
4504
5088
5670
6178
6708
7249
7766
8433
9004
9586
0
TO:V,FS:2,FT:5,PC:16
0
426
1086
1723
2408
3056
3719
4419
5097
5714
6223
6864
7460
8113
8792
9458
9586
0
