How to win Friends and Influence People
LH:336336,BH:7617,MH:445777
TO:V,FS:0,FT:0,PC:8
0
747
1828
3097
4191
5265
6343
7345
7617
0
TO:V,FS:0,FT:1,PC:8
0
747
1775
3036
4191
5265
6343
7345
7617
0
TO:V,FS:0,FT:2,PC:9
0
499
1449
2437
3439
4417
5265
6160
6955
7617
0
TO:V,FS:0,FT:3,PC:8
0
689
1775
3053
4191
5255
6166
7110
7617
0
TO:V,FS:0,FT:4,PC:9
0
663
1706
2766
3848
4771
5725
6609
7554
7617
0
TO:V,FS:0,FT:5,PC:8
0
626
1652
2787
3951
4958
5993
6903
7617
0
TO:V,FS:1,FT:0,PC:11
0
499
1348
2204
3045
3875
4600
5409
6104
6839
7594
7617
0
TO:V,FS:1,FT:1,PC:11
0
463
1258
2103
2953
3789
4555
5320
6093
6809
7502
7617
0
TO:V,FS:1,FT:2,PC:12
0
447
1126
1736
2518
3215
3995
4647
5318
5993
6570
7183
7617
0
TO:V,FS:1,FT:3,PC:10
0
463
1310
2214
3065
3947
4748
5563
6262
6973
7617
0
TO:V,FS:1,FT:4,PC:11
0
463
1196
1948
2704
3484
4257
4953
5633
6321
6927
7617
0
TO:V,FS:1,FT:5,PC:11
0
499
1348
2192
2991
3826
4555
5320
6093
6798
7502
7617
0
TO:V,FS:2,FT:0,PC:13
0
447
1061
1690
2383
3078
3736
4417
5085
5674
6237
6809
7407
7617
0
TO:V,FS:2,FT:1,PC:13
0
447
1061
1690
2383
3078
3736
4417
5085
5674
6237
6809
7407
7617
0
TO:V,FS:2,FT:2,PC:15
0
346
838
1352
1843
2418
2976
3484
4058
4613
5143
5668
6104
6609
7067
7617
0
TO:V,FS:2,FT:3,PC:13
0
447
1023
1652
2383
3053
3652
4316
4866
5473
6043
6570
7081
7617
0
TO:V,FS:2,FT:4,PC:14
0
415
928
1513
2119
2649
3242
3863
4417
5000
5559
6083
6596
7067
7617
0
TO:V,FS:2,FT:5,PC:13
0
432
982
1642
2327
2953
3563
4257
4866
5512
6083
6609
7192
7617
0
