How to win Friends and Influence People
LH:350544,BH:10376,MH:445777
TO:V,FS:0,FT:0,PC:10
0
844
2022
3260
4370
5491
6545
7651
8755
9719
10376
0
TO:V,FS:0,FT:1,PC:10
0
862
2081
3322
4437
5501
6591
7696
8824
9898
10376
0
TO:V,FS:0,FT:2,PC:12
0
666
1569
2626
3608
4437
5410
6310
7159
8186
8987
9836
10376
0
TO:V,FS:0,FT:3,PC:10
0
799
2022
3260
4311
5373
6436
7533
8646
9613
10376
0
TO:V,FS:0,FT:4,PC:11
0
738
1835
2936
3864
4821
5800
6810
7830
8824
9774
10376
0
TO:V,FS:0,FT:5,PC:11
0
738
1916
3095
4029
5042
6033
7061
8219
9144
10200
10376
0
TO:V,FS:1,FT:0,PC:14
0
585
1463
2219
3182
3919
4769
5554
6427
7106
7924
8706
9423
10200
10376
0
TO:V,FS:1,FT:1,PC:14
0
585
1463
2219
3208
3919
4769
5554
6427
7154
7968
8755
9472
10200
10376
0
TO:V,FS:1,FT:2,PC:16
0
431
1152
1939
2641
3401
3967
4665
5312
5985
6634
7361
8036
8706
9320
10031
10376
0
TO:V,FS:1,FT:3,PC:13
0
591
1481
2268
3260
4018
4821
5606
6436
7254
8115
8871
9663
10376
0
TO:V,FS:1,FT:4,PC:15
0
512
1265
2022
2818
3534
4183
4951
5630
6371
7002
7739
8526
9207
9884
10376
0
TO:V,FS:1,FT:5,PC:14
0
579
1411
2173
3132
3864
4675
5488
6211
6957
7696
8526
9267
9992
10376
0
TO:V,FS:2,FT:0,PC:17
0
385
1044
1728
2381
3132
3743
4311
4951
5541
6192
6810
7496
8146
8746
9320
9963
10376
0
TO:V,FS:2,FT:1,PC:17
0
385
1006
1737
2381
3132
3750
4311
4986
5630
6275
6810
7496
8146
8746
9320
9963
10376
0
TO:V,FS:2,FT:2,PC:20
0
356
894
1463
2022
2594
3219
3699
4183
4769
5295
5825
6420
6891
7468
8002
8526
9009
9502
10048
10376
0
TO:V,FS:2,FT:3,PC:18
0
431
1088
1787
2381
3095
3664
4227
4861
5476
6023
6634
7223
7823
8480
9025
9663
10332
10376
0
TO:V,FS:2,FT:4,PC:19
0
385
954
1569
2173
2845
3446
3959
4544
5087
5690
6233
6769
7363
7938
8526
9025
9570
10165
10376
0
TO:V,FS:2,FT:5,PC:17
0
385
1002
1691
2338
3070
3664
4227
4856
5476
6066
6674
7283
7898
8526
9102
9663
10376
0
