How to win Friends and Influence People
LH:368067,BH:8337,MH:445777
TO:V,FS:0,FT:0,PC:8
0
887
2041
3181
4446
5370
6551
7751
8337
0
TO:V,FS:0,FT:1,PC:8
0
887
2041
3181
4388
5309
6494
7641
8337
0
TO:V,FS:0,FT:2,PC:10
0
828
1781
2788
3642
4679
5515
6479
7342
8260
8337
0
TO:V,FS:0,FT:3,PC:8
0
887
2020
3062
4274
5309
6494
7637
8337
0
TO:V,FS:0,FT:4,PC:9
0
887
1936
3002
4028
4986
5962
6930
7926
8337
0
TO:V,FS:0,FT:5,PC:9
0
887
2016
3056
4153
5116
6185
7227
8263
8337
0
TO:V,FS:1,FT:0,PC:11
0
697
1573
2340
3146
3997
4872
5556
6444
7239
7994
8337
0
TO:V,FS:1,FT:1,PC:11
0
655
1524
2293
3104
3955
4825
5509
6394
7189
7943
8337
0
TO:V,FS:1,FT:2,PC:13
0
473
1158
1826
2549
3181
3963
4679
5296
5962
6639
7342
8037
8337
0
TO:V,FS:1,FT:3,PC:11
0
655
1524
2340
3181
4114
4884
5659
6494
7342
8144
8337
0
TO:V,FS:1,FT:4,PC:12
0
538
1247
1996
2762
3363
4193
4926
5593
6334
7057
7814
8337
0
TO:V,FS:1,FT:5,PC:11
0
688
1511
2231
3002
3852
4679
5356
6247
7057
7825
8337
0
TO:V,FS:2,FT:0,PC:14
0
424
1102
1756
2415
3044
3652
4354
4960
5556
6247
6904
7553
8144
8337
0
TO:V,FS:2,FT:1,PC:14
0
424
1102
1756
2415
3044
3614
4274
4884
5427
6083
6717
7342
7983
8337
0
TO:V,FS:2,FT:2,PC:16
0
343
922
1514
2041
2618
3155
3667
4274
4817
5268
5828
6327
6856
7380
7943
8337
0
TO:V,FS:2,FT:3,PC:14
0
449
1102
1712
2340
2974
3540
4236
4884
5427
6083
6717
7307
7943
8337
0
TO:V,FS:2,FT:4,PC:16
0
402
996
1603
2116
2720
3218
3832
4446
4993
5493
6069
6603
7170
7774
8294
8337
0
TO:V,FS:2,FT:5,PC:14
0
424
1092
1756
2359
3002
3614
4274
4884
5471
6122
6721
7342
7983
8337
0
