How to win Friends and Influence People
LH:386912,BH:9207,MH:445777
TO:V,FS:0,FT:0,PC:9
0
804
1987
3242
4392
5668
6929
7988
9077
9207
0
TO:V,FS:0,FT:1,PC:8
0
804
1994
3295
4518
5801
6982
8103
9207
0
TO:V,FS:0,FT:2,PC:10
0
708
1623
2604
3634
4616
5626
6642
7607
8430
9207
0
TO:V,FS:0,FT:3,PC:9
0
786
1830
3068
4237
5385
6589
7758
8733
9207
0
TO:V,FS:0,FT:4,PC:10
0
734
1699
2828
3854
4896
6087
7140
8103
9077
9207
0
TO:V,FS:0,FT:5,PC:9
0
765
1818
3003
4114
5189
6426
7523
8492
9207
0
TO:V,FS:1,FT:0,PC:12
0
583
1401
2248
3143
4046
4831
5731
6639
7464
8200
8992
9207
0
TO:V,FS:1,FT:1,PC:12
0
583
1401
2248
3143
4046
4831
5731
6639
7487
8294
9077
9207
0
TO:V,FS:1,FT:2,PC:14
0
489
1214
1913
2659
3341
4086
4735
5517
6282
6982
7734
8331
9023
9207
0
TO:V,FS:1,FT:3,PC:11
0
536
1401
2252
3209
4114
4982
5957
6831
7683
8430
9207
0
TO:V,FS:1,FT:4,PC:13
0
489
1249
1987
2797
3565
4335
5069
5880
6670
7374
8103
8788
9207
0
TO:V,FS:1,FT:5,PC:12
0
583
1401
2241
3143
4034
4778
5661
6571
7334
8103
8836
9207
0
TO:V,FS:2,FT:0,PC:15
0
395
1042
1650
2349
3043
3692
4392
5069
5769
6478
7095
7773
8331
8999
9207
0
TO:V,FS:2,FT:1,PC:15
0
395
1042
1650
2349
3043
3692
4392
5111
5813
6533
7150
7773
8331
8999
9207
0
TO:V,FS:2,FT:2,PC:17
0
336
804
1401
1987
2552
3122
3692
4275
4814
5412
6049
6589
7171
7727
8184
8733
9207
0
TO:V,FS:2,FT:3,PC:15
0
395
1023
1619
2225
2968
3609
4252
4858
5536
6227
6933
7497
8103
8705
9207
0
TO:V,FS:2,FT:4,PC:17
0
395
969
1511
2052
2719
3295
3914
4470
5111
5738
6365
6945
7497
8074
8600
9185
9207
0
TO:V,FS:2,FT:5,PC:15
0
395
1036
1650
2346
3043
3692
4392
5065
5748
6426
7062
7734
8311
8911
9207
0
