How to win Friends and Influence People
LH:396283,BH:7869,MH:445777
TO:V,FS:0,FT:0,PC:8
0
890
1945
3022
4126
5238
6345
7694
7869
0
TO:V,FS:0,FT:1,PC:8
0
893
2002
3081
4194
5238
6345
7694
7869
0
TO:V,FS:0,FT:2,PC:9
0
698
1654
2635
3578
4477
5262
6265
7269
7869
0
TO:V,FS:0,FT:3,PC:8
0
843
1889
2960
4072
5131
6211
7410
7869
0
TO:V,FS:0,FT:4,PC:8
0
795
1824
2838
3892
4884
5856
6965
7869
0
TO:V,FS:0,FT:5,PC:8
0
834
1824
2838
3892
5022
6058
7159
7869
0
TO:V,FS:1,FT:0,PC:10
0
638
1445
2269
3081
3892
4730
5513
6345
7234
7869
0
TO:V,FS:1,FT:1,PC:10
0
589
1445
2269
3081
3892
4730
5513
6345
7244
7869
0
TO:V,FS:1,FT:2,PC:12
0
539
1275
1925
2653
3352
4029
4730
5356
6156
6892
7630
7869
0
TO:V,FS:1,FT:3,PC:10
0
589
1496
2320
3133
3942
4730
5523
6345
7300
7869
0
TO:V,FS:1,FT:4,PC:11
0
539
1348
2089
2807
3578
4301
5042
5695
6432
7226
7869
0
TO:V,FS:1,FT:5,PC:11
0
638
1445
2250
2929
3764
4598
5262
6170
7043
7804
7869
0
TO:V,FS:2,FT:0,PC:13
0
453
1132
1764
2391
3004
3703
4301
4937
5562
6256
6932
7628
7869
0
TO:V,FS:2,FT:1,PC:13
0
462
1132
1769
2406
3008
3703
4301
4943
5562
6256
6901
7593
7869
0
TO:V,FS:2,FT:2,PC:15
0
356
928
1421
1945
2501
3031
3578
4089
4636
5149
5679
6211
6769
7353
7869
0
TO:V,FS:2,FT:3,PC:13
0
462
1132
1769
2406
2965
3657
4264
4813
5401
6092
6693
7392
7869
0
TO:V,FS:2,FT:4,PC:14
0
411
1014
1602
2222
2753
3365
3892
4534
5067
5638
6211
6807
7413
7869
0
TO:V,FS:2,FT:5,PC:13
0
495
1132
1720
2343
2960
3657
4301
4888
5473
6200
6792
7463
7869
0
