How to win Friends and Influence People
LH:421669,BH:22334,MH:445777
TO:V,FS:0,FT:0,PC:21
0
886
1803
2858
3927
4993
6122
7229
8409
9545
10662
11811
12845
14043
15260
16387
17668
18769
19963
21146
22310
22334
0
TO:V,FS:0,FT:1,PC:20
0
886
1862
2858
3869
4937
6122
7238
8409
9545
10662
11873
12905
14160
15375
16569
17840
18943
20198
21327
22334
0
TO:V,FS:0,FT:2,PC:25
0
778
1447
2290
3186
4091
4993
5882
6846
7782
8718
9557
10538
11553
12389
13321
14321
15312
16291
17353
18281
19272
20286
21246
22144
22334
0
TO:V,FS:0,FT:3,PC:21
0
863
1737
2783
3704
4716
5777
6926
8045
9130
10281
11483
12567
13688
14915
16047
17312
18421
19617
20779
21835
22334
0
TO:V,FS:0,FT:4,PC:23
0
853
1556
2554
3485
4393
5368
6356
7390
8497
9532
10560
11629
12589
13679
14732
15693
16905
17927
18939
20041
21072
22070
22334
0
TO:V,FS:0,FT:5,PC:22
0
863
1667
2599
3591
4594
5717
6870
7991
9071
10097
11288
12365
13321
14485
15620
16832
17927
18943
20127
21208
22310
22334
0
TO:V,FS:1,FT:0,PC:29
0
675
1301
1961
2814
3583
4231
4989
5717
6560
7337
8236
9002
9746
10633
11461
12228
12979
13839
14743
15596
16419
17324
18114
18931
19845
20715
21516
22310
22334
0
TO:V,FS:1,FT:1,PC:28
0
683
1353
1961
2814
3591
4328
5087
5870
6699
7486
8339
9071
9900
10771
11629
12389
13212
14129
14967
15746
16701
17579
18398
19228
20086
20918
21658
22334
0
TO:V,FS:1,FT:2,PC:33
0
511
1141
1737
2363
2997
3642
4276
4937
5658
6308
7004
7743
8429
9071
9746
10510
11207
11902
12571
13212
13967
14728
15452
16153
16968
17641
18390
19067
19822
20506
21191
21841
22334
0
TO:V,FS:1,FT:3,PC:27
0
645
1306
1961
2814
3591
4328
5162
6059
6870
7743
8546
9428
10246
11132
12011
12784
13688
14627
15516
16396
17324
18159
18980
19845
20715
21540
22334
0
TO:V,FS:1,FT:4,PC:31
0
511
1183
1803
2546
3197
3869
4594
5378
6110
6818
7509
8290
9053
9731
10496
11231
11943
12636
13386
14160
14915
15620
16419
17217
17961
18685
19442
20281
21009
21694
22334
0
TO:V,FS:1,FT:5,PC:29
0
675
1301
1961
2814
3591
4326
5082
5808
6647
7436
8290
9071
9845
10662
11538
12278
12979
13824
14695
15500
16320
17227
18075
18885
19786
20621
21374
22179
22334
0
TO:V,FS:2,FT:0,PC:36
0
429
998
1556
2173
2814
3485
3990
4594
5245
5892
6520
7127
7829
8485
9071
9722
10356
10982
11672
12306
12905
13584
14267
14964
15620
16332
17084
17681
18318
18965
19680
20363
21000
21623
22296
22334
0
TO:V,FS:2,FT:1,PC:36
0
429
1001
1556
2173
2814
3445
3990
4594
5287
5939
6566
7213
7915
8497
9114
9746
10442
11065
11749
12361
12946
13631
14267
14964
15620
16291
17037
17681
18318
18965
19704
20363
21009
21623
22310
22334
0
TO:V,FS:2,FT:2,PC:42
0
344
886
1358
1803
2324
2814
3346
3820
4338
4868
5394
5963
6513
7048
7645
8216
8730
9268
9746
10331
10899
11488
12011
12538
13048
13602
14200
14779
15312
15847
16486
17084
17591
18114
18670
19228
19828
20363
20918
21482
22006
22334
0
TO:V,FS:2,FT:3,PC:36
0
429
1001
1556
2130
2770
3376
3869
4480
5117
5717
6308
7004
7684
8334
8988
9557
10188
10869
11538
12152
12723
13344
14048
14743
15401
16033
16777
17430
18083
18685
19308
20019
20715
21327
21925
22334
0
TO:V,FS:2,FT:4,PC:40
0
384
957
1483
1945
2515
3046
3591
4170
4707
5235
5832
6379
6986
7557
8174
8758
9334
9818
10442
11012
11629
12187
12738
13290
13899
14525
15146
15693
16345
16986
17586
18114
18739
19308
19960
20583
21146
21694
22310
22334
0
TO:V,FS:2,FT:5,PC:36
0
429
998
1556
2160
2802
3365
3869
4476
5104
5717
6348
7004
7709
8367
8985
9557
10178
10869
11553
12187
12784
13455
14134
14816
15393
16028
16757
17418
18038
18685
19308
20012
20682
21327
21930
22334
0
